
Integration time [ms]: 200.000
Averaging Nr. [scans]: 10
Smoothing Nr. [pixels]: 0
Data measured with spectrometer [name]: 2101013U2
Wave   ;Sample   ;Dark     ;Reference
[nm]   ;[counts] ;[counts] ;[counts] 

394.013;  -93.091; -450.257; -315.536
394.305; -158.091; -461.258; -419.536
394.596; -173.100; -676.269; -527.514
394.887; -204.098; -796.268; -654.518
395.178;  -30.096;  145.736;   11.476
395.470;  -78.195; -210.263; -356.526
395.761;   84.803;  305.734;  394.479
396.052;  -83.810; -545.284; -306.489
396.343; -158.304; -557.276; -454.503
396.634;  -70.507; -200.279; -290.497
396.926; -126.798; -618.268; -565.517
397.217;  -22.504;   11.725;  -17.504
397.508;  -82.703; -366.273; -154.507
397.799; -177.807; -555.279; -571.497
398.090; -258.307; -973.280; -902.495
398.381;   33.083;   11.708;  -11.473
398.672; -207.916; -585.292; -742.473
398.963;  -90.606; -348.279; -373.498
399.254;  -14.016;   54.709; -209.475
399.545; -262.297;-1017.266; -883.520
399.836; -106.305; -407.277; -343.501
400.127;  -57.519; -205.295; -209.468
400.418;  -76.403; -423.274; -392.506
400.709;  -81.908; -359.281; -333.493
401.000;  -93.715; -268.291; -309.476
401.290;   65.976;  225.698;  115.545
401.581;  -35.512; -166.286; -228.485
401.872; -139.521; -542.298; -486.462
402.163;  -68.619; -313.296; -252.467
402.454;  -29.316; -123.291; -163.475
402.744; -244.220; -844.297; -813.465
403.035;  -52.317; -226.293;  -86.471
403.326; -113.116; -366.292; -384.474
403.617;   38.379;  204.701;  165.539
403.907; -147.710; -593.283; -679.490
404.198; -153.828; -545.307; -599.446
404.489; -169.509; -618.283; -588.491
404.779; -189.224; -618.302; -660.456
405.070;  -20.425;  -67.304; -174.451
405.360;  -46.317; -259.293; -238.472
405.651;   41.977;  125.699;   98.542
405.942;   62.788;  209.714;  127.516
406.232; -124.611; -432.285; -413.487
406.523;  234.682;  641.706;  758.530
406.813; -179.212; -579.286; -644.484
407.104;   81.983;  261.708;  144.527
407.394; -176.321; -604.299; -591.462
407.685;   60.789;  336.715;  222.513
407.975; -140.509; -400.283; -382.490
408.265;  -36.614; -134.289; -190.478
408.556; -156.116; -472.291; -459.475
408.846;  179.382;  474.706;  429.530
409.137;  -10.814;   -1.288; -216.480
409.427; -117.111; -193.285; -271.487
409.717; -201.702; -776.273; -692.508
410.007;  -28.211;    4.715; -170.486
410.298; -102.318; -360.295; -342.469
410.588; -128.111; -495.285; -510.486
410.878; -226.613; -792.287; -873.482
411.168;  -90.321; -481.298; -478.463
411.459;  -54.710; -295.283; -242.489
411.749; -181.816; -609.292; -507.474
412.039; -210.914; -755.289; -386.480
412.329;   63.794;   40.722;  132.501
412.619;  -48.212;  -62.286; -148.485
412.909;  189.086;  639.711;  594.521
413.199;  -56.107; -130.280; -251.495
413.490;  110.185;  521.710;  352.523
413.780; -263.307;-1013.279; -913.496
414.070;    4.596;  -46.276;  235.497
414.360; -194.606; -729.278; -666.498
414.650; -205.713; -726.288; -688.482
414.940; -102.007; -538.280; -441.496
415.230;   -6.513;   50.712;   74.519
415.520;   33.100;  155.730;   66.486
415.809;  -55.009; -305.281; -125.493
416.099;  -79.405; -388.277; -229.501
416.389;  135.997;  435.726;  236.494
416.679;   12.706;   91.738;   85.473
416.969; -134.212; -527.287; -503.483
417.259;   72.693;  341.721;  171.503
417.549;  133.391;  522.718;  318.508
417.838;  -47.698; -205.268; -147.518
418.128;  160.386;  650.710;  492.522
418.418; -187.302; -491.272; -579.509
418.708;  -23.103;    9.726;  -48.506
418.997; -118.304; -474.275; -480.505
419.287; -234.803; -733.273; -790.507
419.577;  -45.410; -160.283; -123.489
419.866; -158.205; -588.277; -498.501
420.156;  -34.900; -242.270;  -55.513
420.446;  -31.895; -112.263;  -26.526
420.735; -185.101; -376.271; -446.512
421.025;  555.794; 1830.722;  315.502
421.314;  -66.501; -203.271; -226.512
421.604;   -0.499;   89.732;  233.484
421.893; -214.901; -705.271; -602.511
422.183; -129.595; -487.263; -461.526
422.472;   -9.201;  -36.271; -107.511
422.762; -108.897; -416.266; -379.521
423.051; -280.204; -916.276; -916.503
423.341; -126.802; -491.273; -439.507
423.630;  -38.596; -121.265;   15.477
423.919;   -9.704;   58.725;   49.495
424.209;  -47.994;  -31.263;   56.473
424.498;  -13.098;   68.732;  161.483
424.787; -163.998; -535.267; -601.518
425.077;   16.204;   34.735;   29.478
425.366; -232.394; -734.262; -744.528
425.655;  181.098;  639.727;  259.493
425.945;  -87.783; -313.247; -268.554
426.234;   18.308;  117.741;  300.467
426.523;  -91.392;  -86.259; -350.534
426.812;   37.903;  107.734;  159.480
427.101;  -54.599; -127.269; -323.515
427.390;  -31.300;  -55.270;  -86.514
427.680; -140.890; -624.257; -411.538
427.969;  -78.389; -330.255; -301.540
428.258; -106.791; -385.257; -477.536
428.547;  113.099;  449.728;  397.490
428.836; -135.788; -421.253; -398.543
429.125;  -59.192; -199.259;  -72.534
429.414; -100.286; -330.251; -294.548
429.703; -104.186; -231.251; -213.548
429.992; -270.386; -938.250; -828.549
430.281; -125.896; -397.264; -331.524
430.570;  -24.887;  -21.252;   32.454
430.859;   76.908;  279.741;  352.466
431.148;  194.617;  636.752;  631.446
431.437;   68.413;  391.748;  367.454
431.725; -168.591; -544.257; -481.536
432.014; -256.487; -845.253; -756.545
432.303;  -78.877; -149.239; -105.569
432.592; -141.095; -460.263; -178.525
432.881; -205.183; -601.248; -437.554
433.169;  -93.489; -343.255;  -61.540
433.458;  147.626;  445.765;  540.424
433.747; -163.494; -397.261; -289.529
434.036;  -99.079; -275.242; -280.564
434.324; -124.584; -395.249; -379.551
434.613;   16.020;   40.757;  159.437
434.902;   58.622;  333.760;  439.433
435.190;   38.923;   75.761;  295.431
435.479;  -31.581;  -52.245;   83.441
435.767; -140.881; -411.244; -427.561
436.056; -136.979; -340.242; -294.563
436.345; -120.478; -372.240; -223.568
436.633;   42.215;   60.750;  383.450
436.922;   73.622;  208.760;  414.432
437.210;  -70.075; -194.236;    1.426
437.499; -211.174; -583.235; -432.576
437.787; -115.275; -339.236;  -10.574
438.075;   -6.377;   56.761;  162.430
438.364;   -7.476;  -44.238;  250.429
438.652; -117.768; -286.226; -138.592
438.941;  -20.071;    3.770;  269.415
439.229; -211.587; -665.252; -466.545
439.517;  -89.574; -160.234;  -85.577
439.806; -178.966; -501.225; -290.595
440.094;   71.727;  377.766;  650.421
440.382; -193.673; -653.233; -302.580
440.670; -141.174; -361.235; -285.576
440.959; -169.365; -347.223; -170.599
441.247; -100.070; -151.229; -109.587
441.535;  -83.174; -266.235;   31.423
441.823; -194.173; -497.234; -305.578
442.111;   33.631;  173.771;  327.412
442.400; -169.081; -628.245; -335.559
442.688;  -82.573; -111.234; -620.579
442.976; -268.457; -786.213; -450.617
443.264; -160.266; -324.224; -364.597
443.552;  -52.368; -258.226;   51.408
443.840;  117.526;  602.765;  876.423
444.128;   59.127;  265.767;  269.420
444.416; -171.369; -694.228; -312.588
444.704; -131.662; -465.219;  -92.605
444.992;  -69.167;   -0.226;  240.407
445.280; -131.271; -517.230;  -94.585
445.568; -223.757; -694.212; -396.618
445.856;  -51.364; -174.221;  357.398
446.143;  -45.963;  -54.220;   -7.604
446.431;    0.931;  -25.228;  625.411
446.719;  151.239;  489.783;  675.391
447.007;  140.629;  481.769;  705.416
447.295;  132.435;  597.777;  871.402
447.583; -113.570; -464.229;  -34.587
447.870; -145.064; -434.221; -202.601
448.158;  -58.171; -104.230;  129.415
448.446; -241.363; -800.219; -338.604
448.733;  -84.066;   13.776;  269.403
449.021;  -30.057;   60.788;  341.382
449.309;  -55.856; -296.210;  208.379
449.596;   23.739;  128.783;   59.392
449.884; -185.365; -571.222; -325.600
450.172; -247.068; -756.227; -406.590
450.459;  135.441;  645.786;  780.387
450.747; -152.261; -411.218; -147.608
451.034;  164.431;  493.772;  889.411
451.322; -144.759; -413.214; -170.614
451.609;   32.734;  292.777;  508.403
451.897; -175.351; -550.203; -183.634
452.184; -217.565; -622.223; -400.598
452.472;  -58.554;   97.792;  269.375
452.759;  153.137;  512.781;  864.395
453.047; -148.657; -407.212; -125.617
453.334; -187.962; -732.219; -216.606
453.621; -159.358; -438.214; -161.615
453.909;    1.849;   13.796;  384.368
454.196;  -84.947; -299.199; -123.641
454.483;   35.651;  317.798;  540.364
454.771;  -86.854; -215.208;  196.374
455.058;  -78.754; -316.207;  102.374
455.345;   20.857;   71.807;  344.347
455.632;  -55.053; -128.207;  235.373
455.919;  -19.046;  -82.196;  182.354
456.207; -253.247; -774.198; -450.642
456.494; -199.848; -475.200;  -66.639
456.781; -150.450; -399.202; -198.635
457.068;  -76.953; -253.206;  -29.628
457.355; -216.853; -698.206; -401.629
457.642; -182.852; -552.205; -290.630
457.929; -218.144; -778.194; -417.651
458.216; -185.657; -575.212; -354.617
458.503;  -78.943; -173.193;  -19.652
458.790; -257.954; -864.208; -630.625
459.077;  -59.649;  -77.202;  110.364
459.364; -140.544; -350.195; -210.649
459.651;   -0.753;  -46.206;  220.372
459.938; -273.155; -864.209; -665.623
460.225;   -4.849;  132.799;  276.363
460.512; -270.046; -836.197; -688.645
460.799;  -32.361;  -32.218;  320.392
461.086; -144.548; -370.200; -251.640
461.372; -195.147; -509.198; -279.642
461.659;  -41.645; -165.196;  108.354
461.946; -118.143; -445.193;  -54.651
462.233;  204.852;  842.800;  888.361
462.519; -261.049; -814.201; -464.639
462.806; -219.446; -768.197; -497.645
463.093; -140.741; -445.191;  -66.656
463.380; -288.338; -920.186; -824.664
463.666;  -61.146; -259.197;  -18.646
463.953; -120.845; -406.195; -243.648
464.239;  -92.145; -173.195;  -77.648
464.526;   97.156;  413.806;  743.350
464.813; -166.241; -565.190; -304.658
465.099;   67.957;  606.807;  607.348
465.386;  217.457;  903.807;  921.348
465.672; -250.846; -694.197; -522.645
465.959; -206.739; -598.188; -520.662
466.245; -144.943; -468.193; -359.652
466.532;  -52.445; -109.195;   63.352
466.818; -109.138; -357.186; -216.664
467.104; -216.735; -488.182; -415.672
467.391; -164.140; -628.189; -459.658
467.677;  -90.038; -289.186;    9.335
467.964; -182.340; -682.189; -471.660
468.250; -120.538; -331.186; -160.665
468.536;    7.160;   90.811;  180.341
468.822; -242.537; -821.184; -574.668
469.109;   80.872;  351.827;  471.311
469.395;  168.658;  729.808;  787.346
469.681;   -6.140;   46.811;  156.341
469.967; -227.240; -699.188; -382.660
470.254; -109.739; -494.188; -306.662
470.540; -187.746; -601.196; -476.646
470.826; -157.134; -488.181; -397.675
471.112;   -4.536;  288.816;  113.331
471.398;  -46.336; -253.183;  -58.670
471.684; -152.631; -626.177; -447.680
471.970; -276.033; -918.180; -981.675
472.256; -148.842; -521.192; -441.654
472.542; -150.427; -499.171; -434.691
472.828; -204.935; -743.182; -607.672
473.114; -131.423; -380.166; -283.700
473.400; -167.930; -504.175; -293.684
473.686; -135.723; -452.166; -400.701
473.972;  -66.629; -230.174; -131.687
474.258; -283.428; -925.173; -843.689
474.544;  -43.932; -183.178;   -2.679
474.830;  -20.030;  -65.175;   45.316
475.116;  -76.940; -123.190; -196.658
475.401; -169.633; -558.180; -467.676
475.687; -225.633; -725.180; -718.676
475.973; -222.834; -673.181; -770.673
476.259;  169.370;  736.825;  764.315
476.544; -189.031; -539.176; -437.682
476.830; -164.727; -398.172; -322.690
477.116;  -99.331; -430.177; -336.682
477.401;   88.067;  346.820;  358.324
477.687; -116.830; -289.175; -405.684
477.973;  -23.834;   21.819;   28.326
478.258; -143.121; -448.163; -348.706
478.544;    2.763;   21.815;   61.334
478.829; -252.426; -818.171; -738.692
479.115; -218.427; -749.172; -651.690
479.401; -125.429; -444.174; -449.686
479.686;  -74.633; -253.180;  -74.676
479.972; -244.832; -886.178; -776.680
480.257;  -77.523; -258.166;  -65.700
480.542; -144.326; -614.170; -469.693
480.828;  341.470; 1288.824; 1392.317
481.113; -161.430; -464.176; -426.683
481.399;  -90.819; -236.161; -202.711
481.684; -216.123; -620.166; -462.700
481.969;  -47.318; -158.159;  -73.713
482.255; -156.725; -439.169; -285.695
482.540; -168.532; -569.178; -441.680
482.825; -160.438; -395.187; -404.663
483.110;  -48.425;  -85.169; -105.696
483.396; -210.316; -840.157; -652.718
483.681;  146.971;  543.826;  730.313
483.966; -229.118; -696.160; -700.712
484.251; -116.629; -404.174; -310.687
484.536; -135.022; -356.165; -378.703
484.822; -114.129; -205.173; -218.687
485.107; -175.013; -599.152; -502.726
485.392;  145.578;  662.836;  541.296
485.677;   30.576;  354.832;  163.302
485.962;   18.684;  160.843;  270.283
486.247;  -20.820;  -14.162;   -8.707
486.532; -109.223; -178.166; -325.701
486.817;   97.281;  381.839;  431.291
487.102; -174.614; -453.154; -514.722
487.387; -188.516; -637.156; -652.718
487.672;  -70.421; -154.164;  -38.705
487.957;  -92.019; -394.160; -286.711
488.241; -106.411; -290.150; -314.729
488.526; -124.313; -280.152; -148.726
488.811; -272.731; -881.177; -818.680
489.096; -225.114; -666.154; -702.723
489.381;  -14.013;    3.847;  162.275
489.666; -137.619; -428.161; -510.710
489.950;  162.486;  558.846;  627.277
490.235; -161.712; -480.151; -458.728
490.520; -212.419; -756.161; -723.710
490.804; -276.816; -827.156; -736.719
491.089; -122.510; -469.149; -299.732
491.374;  -49.421; -132.164;  -75.704
491.658; -225.309; -817.147; -717.735
491.943; -189.512; -657.152; -609.727
492.227;  -62.215; -178.155;  -38.721
492.512; -142.416; -294.157; -341.717
492.797; -227.311; -713.149; -716.731
493.081; -194.009; -588.147; -598.735
493.366; -192.719; -751.161; -635.711
493.650;  196.496;  831.859;  917.254
493.935; -167.009; -648.147; -447.734
494.219; -238.205; -778.142; -687.743
494.503; -198.211; -585.150; -487.730
494.788;  -22.117;   46.842;   74.285
495.072;   63.589;  184.850;  434.271
495.356; -137.510; -463.148; -343.733
495.641; -267.808; -812.146; -736.736
495.925; -289.115; -976.156; -903.719
496.209; -160.910; -599.149; -451.732
496.494; -226.105; -763.142; -544.744
496.778; -124.314; -364.154; -360.722
497.062; -242.515; -819.156; -627.719
497.346; -249.719; -869.160; -640.711
497.631;  112.391;  580.852;  560.266
497.915;  -18.607;  -64.145;  175.261
498.199; -136.216; -341.157; -277.718
498.483; -168.913; -562.152; -508.725
498.767;   57.289;  301.850;  300.271
499.051;  -52.710; -126.149; -100.732
499.335; -214.410; -693.149; -739.731
499.619; -150.196; -381.129; -423.767
499.903;  -56.615; -272.155;  -65.721
500.187; -165.914; -588.153; -316.724
500.471; -274.712; -796.152; -595.727
500.755;  -53.819;   62.839;  -96.710
501.039; -124.715; -270.155; -357.721
501.323;   18.896;  -21.141;  264.254
501.607; -137.721; -447.163; -503.706
501.891; -173.616; -607.156; -512.718
502.174; -206.706; -726.144; -585.741
502.458;   28.088;   89.849;  370.273
502.742;  -43.502; -180.138; -191.751
503.026; -120.109; -412.147; -254.734
503.310; -137.418; -437.159; -375.713
503.593; -121.509; -464.147; -325.735
503.877;  -80.499; -232.133; -156.760
504.161;  -69.213;    2.847;  -50.724
504.444; -267.517; -841.158; -710.716
504.728; -185.222; -487.164; -522.704
505.012;  -59.111; -257.150;  -76.729
505.295; -139.019; -417.161; -212.711
505.579;  -69.115; -256.156; -496.719
505.862; -178.608; -555.145; -333.738
506.146; -236.718; -681.159; -758.714
506.429;   92.582;  568.841;  461.286
506.713; -229.912; -732.151; -667.728
506.996;  -28.114;   90.846;  295.278
507.280; -179.822; -633.165; -474.703
507.563; -162.515; -469.155; -261.721
507.847; -192.714; -423.153; -112.724
508.130; -198.019; -665.161; -456.711
508.413; -196.223; -758.167; -577.700
508.697;  -52.323; -151.167;   12.300
508.980; -138.913; -422.153; -312.724
509.263; -167.115; -466.155; -450.720
509.547;  -43.911; -124.150;   82.271
509.830;  -28.519; -172.160;  140.289
510.113;   24.585;  128.844;  298.281
510.396; -179.913; -530.152; -300.725
510.680; -295.808; -818.145; -812.738
510.963;   28.186;  184.846;  180.277
511.246; -175.911; -493.150; -357.730
511.529; -121.807; -482.145;  -83.739
511.812;  -65.499; -250.134;   10.241
512.095; -219.812; -740.151; -396.728
512.378; -138.509; -317.147; -245.736
512.661; -247.602; -703.137; -623.753
512.944; -237.305; -750.142; -637.744
513.227; -103.302; -170.137; -171.752
513.510; -190.606; -479.144; -671.741
513.793; -212.904; -485.140; -435.747
514.076;  -47.594;  -43.127;  -39.771
514.359;  -98.510; -294.149; -135.732
514.642; -200.105; -442.142; -567.744
514.925;  102.496;  581.860;  561.253
515.208; -142.299; -498.134; -443.758
515.491;  -95.998; -276.133; -182.761
515.773; -156.406; -410.143; -337.742
516.056;   64.499;  249.864;  409.246
516.339; -259.301; -754.136; -652.755
516.622; -179.111; -518.150; -488.730
516.904;  232.094;  882.857;  975.257
517.187; -213.102; -730.138; -523.752
517.470; -171.806; -568.143; -510.743
517.752; -207.500; -624.136; -470.756
518.035; -242.903; -708.139; -725.749
518.318; -277.401; -799.136; -744.755
518.600; -118.698; -300.132; -325.762
518.883;   39.795;  310.858;   88.256
519.165; -185.103; -585.138; -426.751
519.448;  -34.898;  -61.132;  -19.762
519.730; -230.593; -573.126; -415.773
520.013;  136.701;  588.867;  664.240
520.295;  -84.099;  -94.134;  -15.759
520.578; -125.797; -335.131; -305.764
520.860;  -63.998; -254.132;   56.238
521.143; -265.800; -763.135; -584.756
521.425;  -87.192; -251.125; -279.775
521.707; -162.194; -622.127; -380.771
521.990;  -46.094; -199.127;  167.229
522.272;  -57.704; -116.140;   -4.748
522.554;  -83.106; -237.143; -157.742
522.836;  -57.999;  -24.134;   99.241
523.119; -162.609; -496.148; -189.734
523.401; -166.096; -448.130; -314.766
523.683; -253.102; -865.137; -693.753
523.965;    6.498;  408.862;  260.248
524.247;  -34.991;   54.878;  170.220
524.529; -166.899; -451.134; -367.759
524.812;  -43.196;   -3.130;  191.234
525.094; -282.202; -773.138; -631.751
525.376;  -68.492; -143.124;   78.223
525.658; -156.101; -441.136; -339.754
525.940; -292.597; -805.131; -671.764
526.222; -118.101; -188.136;  -88.755
526.504;  -83.997; -190.131;   32.237
526.786; -280.299; -960.133; -647.760
527.068;  -90.891; -124.123;  -67.778
527.349; -262.801; -865.137; -774.754
527.631;  -96.398; -137.132;   22.238
527.913; -224.094; -664.127; -450.771
528.195; -278.093; -761.125; -639.774
528.477;  -83.399;  -93.134;  -30.758
528.759; -211.896; -648.130; -522.766
529.040; -204.591; -569.123; -293.778
529.322; -121.693; -235.125;  -10.774
529.604;  -55.496;  -47.130;   93.233
529.886; -166.893; -546.126; -302.773
530.167;    8.803;  232.870;  192.235
530.449;  -17.109;    1.853;   63.265
530.731; -193.491; -572.122; -459.779
531.012; -171.289; -513.120; -216.784
531.294;  -83.486; -118.116;  -43.792
531.575;  100.408;  290.875;  538.225
531.857; -193.800; -548.135; -266.757
532.138;  -53.404; -113.141;   40.254
532.420;   20.700;  294.865;  403.244
532.701; -259.099; -722.133; -751.760
532.983;   86.602;  232.867;  182.239
533.264;  -35.994; -243.126;  175.228
533.546; -184.501; -491.136; -508.755
533.827;  -53.899;  173.867;   -1.759
534.109; -159.100; -352.135;  -80.757
534.390; -248.098; -725.132; -582.762
534.671;  -75.700; -270.135;  -82.756
534.953; -225.591; -751.123; -611.779
535.234; -166.387; -426.117; -255.789
535.515; -302.488; -891.119; -735.785
535.796; -141.094; -431.128; -193.770
536.078; -339.492;-1050.124; -904.777
536.359;  -95.591;  -22.123;    3.221
536.640; -155.193; -480.125; -197.774
536.921;    2.104;  225.871;  143.232
537.202; -104.302;  -87.138;  -16.751
537.483;   -2.297;  251.869;  377.236
537.764;  -16.897;   17.870;   98.235
538.045; -204.999; -543.134; -371.758
538.326; -203.895; -596.129; -447.768
538.607; -240.994; -686.127; -476.771
538.888;  -65.290;   98.879;    5.218
539.169; -235.690; -704.122; -535.781
539.450;   22.904;  236.871;   16.233
539.731; -109.089; -361.121; -182.783
540.012;  -19.889;  199.880;  412.216
540.293;  -54.392;   82.876;  158.224
540.574; -268.384; -895.113; -717.796
540.855;   54.711;  435.879;  377.218
541.136;   -9.690;   47.878;  139.220
541.416; -132.596; -161.130; -220.766
541.697; -141.397; -274.131; -170.763
541.978; -131.800; -270.135; -315.757
542.259; -144.294; -211.127; -236.771
542.539;  -99.386; -191.116; -186.790
542.820;   72.508;  461.875;  480.225
543.101;  -97.307;  -52.145;  -77.738
543.381; -275.494; -638.127; -591.771
543.662;  -17.394;  159.873; -254.771
543.942; -314.394; -751.127; -830.770
544.223;  -24.190;  193.878;  161.219
544.504; -166.592; -275.124; -182.777
544.784; -209.793; -592.126; -408.773
545.065; -159.086;  104.884; -254.791
545.345;  -49.088;  227.881;   14.215
545.626;  -57.284;  -14.113; -108.796
545.906;  -28.497;   77.869;   98.235
546.186; -136.993;   92.874;  -95.773
546.467;  -62.591;   99.877;  -95.778
546.747;   27.714;  264.884;  327.210
547.027;  -18.892;   91.876;  111.223
547.308; -184.094; -376.127; -530.770
547.588;    9.105;  299.871;  371.232
547.868;   61.903;  458.870;  588.235
548.149;  123.215;  609.885;  593.207
548.429; -141.494; -347.127; -299.771
548.709; -231.289; -645.120; -461.784
548.989;  -62.287;   84.882;   88.213
549.269; -130.898;   10.868;  139.239
549.550;  -40.691;  215.877;  117.222
549.830; -272.382; -758.111; -556.799
550.110; -169.682; -468.110; -320.801
550.390; -138.391; -128.122;  -56.779
550.670; -315.184; -868.114; -783.795
550.950; -202.889; -509.121; -471.782
551.230;  154.710;  549.879;  460.218
551.510; -199.390; -381.121; -326.782
551.790;  -72.481; -173.109; -127.803
552.070;  276.109;  940.877; 1181.223
552.350; -158.688; -492.119; -377.786
552.630;  -44.990;   -2.121;   77.219
552.909;  -20.786;  181.884;   73.209
553.189;  -80.598;  -49.132;   33.237
553.469; -219.688; -703.119; -514.786
553.749; -179.094; -469.127; -357.772
554.029;  -48.787;   33.883;  -24.790
554.308;  -70.385; -154.115;  -37.794
554.588; -113.395; -196.128; -204.770
554.868; -128.489; -366.121;  -47.782
555.147; -118.085; -114.115;  -46.793
555.427; -164.486; -260.116; -250.792
555.707; -131.785; -284.115; -200.793
555.986; -202.782; -719.111; -538.800
556.266;  -46.986;   23.884;   72.210
556.546; -313.190; -888.121; -675.782
556.825; -244.184; -657.114; -556.794
557.105;  -80.695; -125.128;   17.230
557.384;  -47.686;  122.884;  187.209
557.664; -222.886; -717.116; -508.792
557.943; -197.189; -557.121; -411.782
558.222; -171.487; -345.118; -344.788
558.502;  -92.685; -116.115;  -76.793
558.781;   44.015;  194.885;  499.208
559.061; -130.287; -232.118; -227.788
559.340;   41.013;  302.883;  353.211
559.619;  -50.286;   93.884;  148.210
559.899; -126.787; -239.117; -266.789
560.178; -251.985; -778.115; -593.793
560.457; -264.786; -623.117; -562.790
560.736; -180.682; -472.111; -482.800
561.015; -207.395; -500.128; -502.769
561.295;  -69.679;  180.893;  215.193
561.574;  -19.185;  119.885;  116.207
561.853;   16.919;  274.891;  303.197
562.132;  -90.985;  -45.114;  182.206
562.411;   93.110;  396.879;  553.219
562.690; -218.285; -592.115; -458.792
562.969;  131.217;  472.888;  630.203
563.248;  813.810; 2966.878; 2487.219
563.527; -150.482; -290.111; -408.800
563.806; -226.594; -650.127; -521.771
564.085;  -86.078; -297.105; -206.810
564.364; -218.886; -594.117; -405.790
564.643; -130.990; -276.121; -223.781
564.922;   29.119;  221.890;  397.198
565.201; -247.781; -640.109; -700.803
565.479; -143.785; -297.115; -219.792
565.758; -267.695; -810.128; -712.770
566.037; -103.181; -155.109; -100.803
566.316; -129.386; -286.116;  -28.791
566.595;  -93.785;  -17.115;  -12.793
566.873;   76.718; -166.111;  -79.801
567.152; -212.883; -490.113; -590.797
567.431;  -67.086; -113.116;    6.210
567.709; -110.179; -344.107; -212.807
567.988; -289.884; -810.114; -769.794
568.266; -106.385; -160.115;  -68.793
568.545; -192.474; -644.100; -514.819
568.824;   22.914;  160.885;  356.208
569.102; -150.985; -351.114; -235.794
569.381; -195.786; -492.116; -407.792
569.659; -201.184; -553.113; -553.796
569.938; -235.490; -743.122; -465.780
570.216; -105.681; -225.109; -225.804
570.494; -243.884; -632.114; -572.795
570.773;    2.410;  202.879;  114.218
571.051; -155.691; -373.123; -357.778
571.330;  -87.084; -221.113; -174.796
571.608;  -95.873; -181.098; -173.823
571.886; -263.783; -671.111; -581.799
572.164; -239.289; -739.121; -621.782
572.443; -212.178; -562.105; -512.811
572.721; -149.186; -399.117; -289.790
572.999; -134.287; -280.117; -168.788
573.277;   49.822;  379.894;  620.191
573.555;  -73.678;   94.894;   37.190
573.834; -100.187;  -86.117; -114.788
574.112;  175.421;  880.893;  811.193
574.390;  -70.582; -143.111;  -96.801
574.668; -109.483;  -91.112;  -61.797
574.946; -107.078; -165.106; -187.810
575.224; -107.381;   71.891;  -16.803
575.502; -113.586; -200.116; -204.791
575.780; -259.283; -767.112; -829.798
576.058;  203.018; 1589.889; 1004.200
576.336; -130.682; -210.110; -129.801
576.614; -186.183; -511.112; -340.798
576.891; -262.685; -711.115; -823.794
577.169; -121.480; -158.108; -285.805
577.447;   23.221;  169.893;  202.193
577.725;  159.417;  629.888;  854.201
578.003; -141.883;  -71.112; -371.798
578.280; -102.277; -208.104; -242.812
578.558; -209.885; -450.115; -422.793
578.836; -107.484; -210.114; -145.795
579.114; -231.583; -630.112; -670.797
579.391;  -50.887;   -6.117;  -18.789
579.669; -254.885; -595.114; -704.794
579.947; -117.380; -326.107; -127.806
580.224; -245.980; -692.107; -524.806
580.502;  -29.979;  127.893;   76.193
580.779;  -51.286;  -42.117;   75.210
581.057; -192.381; -584.109; -470.804
581.334; -268.776; -726.102; -695.815
581.612;   33.822;   54.895;  511.190
581.889; -115.175;  -83.101; -129.818
582.167; -139.874; -298.099; -190.821
582.444; -289.875; -845.102; -814.817
582.721;  106.225;  657.899;  715.183
582.999;  -98.474; -326.100; -167.821
583.276; -266.691; -812.123; -713.779
583.553; -143.176; -364.102; -294.816
583.831; -244.177; -607.104; -631.812
584.108;   31.020;  349.892;  174.195
584.385; -126.176; -122.102;  -98.815
584.662; -267.282; -651.111; -828.801
584.940;    2.118;  204.889;  204.199
585.217; -122.884;  -73.113; -303.796
585.494;  -40.881;   71.890;  118.198
585.771; -125.981; -250.109; -354.804
586.048; -117.484; -196.113;  -76.796
586.325; -243.882; -721.110; -773.801
586.602;  -17.577;  230.896;  213.188
586.879; -189.274; -499.100; -580.820
587.156;  -88.678; -156.105; -331.810
587.433; -270.375; -701.102; -667.817
587.710;  -63.783;  152.888;  234.202
587.987; -146.778; -264.105; -236.811
588.264;   40.617;  315.888;  387.202
588.541;  -50.677;  -61.104;   26.187
588.818;  -71.880;   72.892;  171.196
589.095; -115.977; -163.104; -174.812
589.371; -192.281; -459.109; -414.804
589.648; -221.579; -581.107; -437.807
589.925; -196.584; -517.114; -621.795
590.202; -271.883; -741.112; -607.798
590.478;  -54.877; -166.105;  -73.811
590.755; -157.080; -241.108; -132.806
591.032; -256.181; -741.110; -699.802
591.308; -290.669; -732.094; -790.831
591.585; -212.682; -573.110; -560.802
591.862; -340.075;-1056.102; -950.817
592.138; -188.880; -475.108; -474.805
592.415; -192.377; -486.104; -495.813
592.691;   73.323;  460.896;  518.188
592.968; -125.173; -208.098; -123.824
593.244; -248.686; -695.116; -595.790
593.521;  -85.575; -105.102;  -42.817
593.797; -270.391; -810.122; -720.780
594.074; -247.471; -611.096; -588.826
594.350;  173.329;  828.905;  729.172
594.626; -116.282; -303.111; -283.801
594.903; -246.975; -643.101; -645.817
595.179;   26.423;  243.896;  418.187
595.455; -105.479; -136.107; -150.807
595.731;  -73.477;  -19.103;  -38.814
596.008; -170.282; -464.111; -434.800
596.284; -127.574; -187.100; -242.820
596.560; -191.969; -501.093; -493.833
596.836; -138.078; -173.105;  -70.810
597.112; -198.780; -582.108; -437.805
597.388;  -74.772;  -49.097;  -48.826
597.665;   92.517;  437.887;  530.203
597.941; -249.666; -572.089; -658.839
598.217; -133.881; -323.110; -293.802
598.493; -125.880;   61.891; -204.804
598.769;  -89.074; -175.100;  -50.819
599.045; -223.680; -490.108; -562.806
599.321; -148.774; -193.100; -261.820
599.597; -155.480; -355.109; -476.804
599.872;   69.923;  409.896;  429.187
600.148;  -97.572;  -61.097; -172.826
600.424;   28.421;   91.893;  202.193
600.700;  -88.279; -170.107; -280.807
600.976; -187.172; -442.097; -464.825
601.252; -113.281; -226.109; -272.803
601.527; -288.677; -833.104; -840.813
601.803; -183.477; -453.105; -404.812
602.079;  -98.374; -124.100; -118.819
602.354; -211.868; -620.092; -531.835
602.630; -143.584; -140.113; -482.796
602.906; -291.975; -910.101; -863.818
603.181; -213.088; -627.119; -534.786
603.457;  -59.772;   98.903; -278.826
603.733; -243.289; -605.120; -626.783
604.008; -102.478; -245.106; -164.810
604.284; -219.175; -636.101; -580.817
604.559;  -75.383;   -3.112;  -42.799
604.835; -136.278; -163.105; -225.810
605.110; -282.573; -732.099; -892.821
605.385;   81.431;  224.907;  267.167
605.661; -236.970; -625.095; -729.829
605.936; -255.880; -664.108; -737.806
606.211;  -64.976;  -17.103; -170.815
606.487; -165.585; -329.114; -376.794
606.762; -288.188; -791.119; -745.786
607.037; -183.278; -501.105; -433.810
607.313; -192.671; -589.096; -574.828
607.588;  -96.878; -375.106; -137.810
607.863;  -88.275;  -28.101; -143.818
608.138;  123.219;  513.890;  516.198
608.413; -226.373; -576.099; -592.822
608.688; -135.380; -203.108; -267.805
608.964; -136.979; -509.106; -218.809
609.239; -115.678; -107.105; -212.810
609.514;   24.423;  281.895;  240.188
609.789; -255.977; -187.104; -716.812
610.064; -218.771; -435.096; -609.827
610.339; -263.481; -855.109; -799.804
610.614;  -96.674; -131.100; -315.820
610.889;  -16.277;  215.895;  107.188
611.163; -217.977; -407.104; -591.812
611.438; -125.685;   81.886; -167.794
611.713; -198.475; -467.101; -499.817
611.988; -101.375; -144.101; -328.818
612.263; -297.176; -771.102; -717.815
612.538;   89.916;  385.887;  251.204
612.812; -294.074; -832.100; -911.820
613.087; -143.173; -358.098; -338.823
613.362; -238.279; -497.107; -557.807
613.637;   -1.576;  261.897;  138.186
613.911; -131.768; -256.092; -345.835
614.186; -164.379; -249.107; -292.807
614.460; -294.260; -842.081; -758.854
614.735;  -77.764;  -55.087;  -17.843
615.010;  -52.965;   43.912;  -82.841
615.284;   47.220;  360.892;  246.195
615.559; -305.568; -792.092; -955.835
615.833;  -66.073;  -76.099;  -87.822
616.108; -144.867; -225.090; -390.837
616.382;   70.836;  274.913;  402.156
616.656; -126.067; -241.090; -232.837
616.931; -283.373; -785.099; -700.822
617.205; -333.077; -973.104; -979.813
617.480;  -59.693;  -91.125;    6.225
617.754; -144.593; -396.125; -128.774
618.028; -148.295; -369.129; -382.768
618.302;  -35.680;   73.892;  -25.805
618.577; -204.676; -371.103; -518.815
618.851; -178.681; -399.109; -600.803
619.125; -122.499; -335.134; -378.759
619.399; -118.977; -244.104; -374.813
619.673; -148.585; -330.115; -515.792
619.947; -167.184; -333.114; -448.795
620.222; -117.582; -198.110; -204.801
620.496;  -78.489;  -47.121;  -96.782
620.770;  -84.290; -187.122;  -93.781
621.044;   62.622;  323.895;  346.190
621.318; -229.589; -653.120; -614.783
621.592; -139.389; -430.121; -409.783
621.866; -209.183; -476.112; -572.799
622.140; -114.886; -207.116; -356.791
622.413;   -5.482;  138.889;  112.200
622.687; -178.975; -746.101; -492.817
622.961;  -41.780; -130.108; -143.805
623.235; -216.482; -633.111; -661.800
623.509; -277.277; -816.105; -848.811
623.783;  -34.179;  -12.107;   48.193
624.056; -138.489; -254.120; -280.783
624.330;   25.417;   63.888;   -3.797
624.604;  -72.386; -271.116; -355.790
624.877;  -23.581;  180.890;   26.198
625.151; -104.885; -249.114; -238.794
625.425; -107.477; -150.103; -283.814
625.698; -166.588; -367.119; -374.785
625.972; -244.881; -799.110; -765.802
626.245;   76.714;  685.884;  484.210
626.519; -157.089; -426.120; -340.784
626.792; -111.379; -192.107; -380.807
627.066; -203.391; -485.122; -662.779
627.339; -260.582; -736.110; -663.802
627.613;   29.511;  351.880;  148.216
627.886;   12.119;  187.891; -612.803
628.160;  -96.689;  312.880; -161.783
628.433; -270.192; -695.125; -703.775
628.706; -227.589; -517.120; -615.784
628.979;   16.608;  296.876;  117.223
629.253; -296.188; -785.119; -833.786
629.526; -108.594; -334.126; -253.772
629.799; -218.591; -641.123; -479.778
630.072; -189.895; -497.128; -516.769
630.346; -339.486;-1115.116;-1080.790
630.619; -196.079; -467.107; -545.808
630.892;  144.318;  709.889;  593.200
631.165;  177.823;  790.896;  679.187
631.438; -364.683;-1092.112;-1055.798
631.711;   62.509;  453.877;  257.221
631.984; -199.987; -523.117; -624.789
632.257; -239.687; -636.117; -681.789
632.530; -149.288; -412.119; -433.785
632.803;  -17.585; -109.115;    7.207
633.076; -164.891; -360.123; -422.777
633.349;   14.805;  173.872;  121.231
633.622; -124.888; -187.119; -240.785
633.895; -299.189; -903.120; -823.783
634.167; -191.293; -496.126; -525.773
634.440;  -52.986;  -19.116; -137.792
634.713;  -65.288;  -22.119; -120.786
634.986;  109.404;  593.871;  453.233
635.258; -225.985; -507.115; -597.793
635.531;  174.313;  742.882; -343.788
635.804; -111.387; -303.117; -318.789
636.077; -302.986; -830.116; -852.791
636.349; -230.885; -586.115; -474.793
636.622;  529.006; 1695.874; 1392.228
636.894; -189.789; -474.120; -909.784
637.167; -280.794; -836.127; -789.771
637.439;  -86.994; -278.128; -213.770
637.712; -106.694; -312.126; -293.772
637.984; -259.586; -635.116; -707.791
638.257;  108.909;  515.877;  488.222
638.529; -319.192; -881.125; -924.776
638.802; -236.895; -508.128; -449.769
639.074; -339.990; -927.122; -952.781
639.346; -295.800; -942.135; -930.757
639.619;  -72.305;  -79.142; -319.744
639.891;  -93.191;  -83.122; -168.779
640.163; -241.891; -689.122; -756.780
640.435;   -7.390;  273.878;  103.220
640.708;  -41.890;  -72.122; -132.780
640.980; -158.590; -366.122; -362.781
641.252;  -29.390;  -25.121;  -71.781
641.524;   99.910;  580.879;  573.219
641.796; -341.390;-1094.121; -907.782
642.068; -139.289; -191.121; -300.782
642.340; -219.189; -486.121; -566.783
642.613;   41.511;  294.880;  323.217
642.885; -261.189; -787.120; -878.783
643.157; -252.189; -810.120; -658.784
643.428;   18.611;  170.880;  218.216
643.700; -151.589; -498.120; -425.784
643.972;  -92.388;  -16.119; -133.785
644.244; -161.188; -474.119; -559.785
644.516; -115.088; -250.119; -114.786
644.788;  126.012;  662.881;  548.214
645.060;  -50.688;  -12.119; -124.786
645.332; -212.488; -525.118; -535.787
645.603;   76.813;  479.882;  342.213
645.875; -165.487; -334.118; -369.787
646.147;  315.713; 1487.882; 1242.212
646.418; -331.187; -931.117; -918.788
646.690; -260.687; -714.117; -715.789
646.962; -164.587; -413.117; -451.789
647.233;    5.213;   15.883;   11.211
647.505; -201.286; -595.117; -475.790
647.776;   54.214;  328.884;  229.210
648.048; -116.386; -248.116; -418.790
648.320; -258.886; -752.116; -679.791
648.591; -334.786;-1055.116; -958.791
648.862; -170.086; -505.116; -577.792
649.134;   -2.285;  115.885;  198.208
649.405; -222.085; -661.115; -618.792
649.677; -237.485; -475.115; -598.793
649.948; -114.185; -181.115; -296.793
650.219;  -43.285;  -37.115; -147.793
650.491; -150.885; -431.114; -520.794
650.762; -246.285; -705.114; -731.794
651.033; -174.084; -437.114; -424.795
651.304; -283.484; -743.114; -728.795
651.576; -227.784; -680.114; -645.795
651.847;  -82.084; -250.113; -140.796
652.118;  -60.984;  -32.113; -189.796
652.389; -218.484; -639.113; -722.796
652.660;  -63.183; -147.113;  -89.797
652.931; -306.583; -897.112; -871.797
653.202; -198.183; -382.112; -541.798
653.473; -208.283; -633.112; -533.798
653.744; -203.383; -595.112; -590.798
654.015; -143.483; -356.112; -303.799
654.286; -222.583; -642.111; -663.799
654.557; -187.482; -586.111; -521.799
654.828; -351.482;-1114.111;-1088.800
655.099; -141.682; -404.111; -291.800
655.370; -166.682; -427.111; -543.801
655.641; -263.082; -656.110; -714.801
655.911; -228.482; -618.110; -638.801
656.182;   66.519;  437.890;  387.198
656.453;  172.619;  830.890;  746.198
656.724; -204.981; -466.110; -426.802
656.994; -186.981; -553.109; -568.803
657.265; -259.481; -862.109; -873.803
657.536; -199.681; -500.109; -377.804
657.806; -192.481; -561.109; -593.804
658.077; -271.880; -866.109; -950.804
658.347; -198.580; -523.108; -598.805
658.618; -229.880; -646.108; -694.805
658.888;  -27.480;  -41.108;  112.195
659.159; -186.280; -432.108; -548.806
659.429; -150.580; -292.108; -349.806
659.700; -154.379; -435.107; -390.807
659.970; -130.979; -370.107; -359.807
660.241; -295.079; -754.107; -921.807
660.511;  -94.379; -147.107; -174.808
660.781; -230.579; -793.106; -748.808
661.052; -106.379; -222.106; -381.808
661.322;  -22.379;   21.894;   -9.809
661.592;   20.722;  257.894;  148.191
661.862; -139.978; -369.106; -382.810
662.133; -215.078; -551.105; -502.810
662.403; -252.878; -770.105; -676.810
662.673; -123.778; -256.105; -213.811
662.943; -204.878; -612.105; -551.811
663.213;  -84.377;  -85.105;  -81.811
663.483; -193.677; -593.104; -568.812
663.753;  -96.577; -194.104; -152.812
664.023;  -52.177;   68.896;  -32.813
664.293; -115.577; -319.104; -126.813
664.563; -228.777; -694.104; -648.813
664.833; -240.877; -743.103; -608.814
665.103; -267.276; -730.103; -793.814
665.373; -260.576; -766.103; -806.814
665.643; -306.076; -863.103; -918.815
665.913; -210.976; -534.103; -714.815
666.182; -234.276; -685.102; -719.816
666.452; -103.076;  -22.102;  -89.816
666.722; -271.775; -724.102; -784.816
666.992; -321.575; -948.102; -921.817
667.261; -279.375; -824.102; -808.817
667.531;  -30.975;  134.899;   45.183
667.801; -160.575; -440.101; -412.818
668.070;  197.425;  714.899;  697.182
668.340; -321.975; -883.101; -840.819
668.609;   98.726;  588.900;  301.181
668.879; -186.574; -490.100; -558.819
669.149; -187.974; -539.100; -516.820
669.418; -236.074; -698.100; -726.820
669.688; -195.174; -482.100; -666.820
669.957; -197.174; -423.099; -546.821
670.226; -143.173; -268.099; -331.821
670.496; -210.373; -431.099; -635.822
670.765; -170.573; -418.099; -501.822
671.034; -259.673; -872.099; -828.822
671.304;  -61.673;   55.902; -111.823
671.573; -349.173;-1085.098; -957.823
671.842; -117.573; -380.098; -294.823
672.112; -219.672; -692.098; -586.824
672.381; -101.672; -239.098; -214.824
672.650; -329.172;-1005.097;-1021.825
672.919; -214.772; -631.097; -507.825
673.188; -233.472; -681.097; -878.825
673.457; -372.472;-1101.097;-1143.826
673.726; -215.171; -579.096; -646.826
673.995; -185.871; -533.096; -479.826
674.265; -138.571; -263.096; -333.827
674.534; -120.371; -183.096; -235.827
674.802; -184.171; -618.096; -703.828
675.071; -274.671; -886.095; -801.828
675.340; -206.171; -464.095; -339.828
675.609;   22.730;  103.905;   82.171
675.878; -270.170; -949.095; -893.829
676.147;  -18.370;  -26.095;   -8.829
676.416; -101.970; -210.094; -294.830
676.685;  267.130; 1000.906; -622.830
676.953; -201.670; -603.094; -452.831
677.222; -127.169; -193.094; -273.831
677.491;  -70.969;  -24.094; -127.831
677.759;  -52.969;   11.907;  172.168
678.028; -110.169; -279.093; -222.832
678.297;  -17.369;   71.907;  197.168
678.565; -325.569; -898.093; -944.833
678.834; -130.569; -311.093; -268.833
679.102; -162.368; -411.092; -391.834
679.371; -294.168; -898.092; -727.834
679.639; -282.968; -797.092; -786.834
679.908; -219.268; -794.092; -724.835
680.176; -331.468; -895.091; -941.835
680.445; -128.468; -346.091; -352.835
680.713;  -30.667;  -58.091;  -23.836
680.982; -187.167; -523.091; -525.836
681.250; -213.167; -578.091; -507.837
681.518; -200.767; -534.090; -751.837
681.787; -110.267; -204.090; -167.837
682.055; -191.467; -490.090; -422.838
682.323; -315.467; -993.090; -992.838
682.591;  -78.766; -216.090; -538.838
682.859;  -82.266;    9.911;  -35.839
683.128;   13.934;  232.911;  497.161
683.396; -348.466;-1102.089;-1122.840
683.664;  -98.566; -241.089;   21.160
683.932;   13.634;  144.911;  -76.840
684.200; -188.665; -576.088; -320.841
684.468;  -67.765;  -73.088; -124.841
684.736;  -69.065; -214.088; -175.841
685.004; -339.965;-1024.088; -982.842
685.272; -264.465; -880.088; -774.842
685.540; -230.965; -499.087; -557.843
685.808; -246.565; -651.087; -682.843
686.076; -305.464; -894.087; -969.843
686.343; -275.964; -601.087; -815.844
686.611;  -62.764; -195.087; -224.844
686.879; -172.364; -530.086; -553.844
687.147; -178.264; -483.086; -480.845
687.414;  -89.964;  -12.086; -169.845
687.682; -244.863; -658.086; -757.846
687.950;   56.837;  259.915;  263.154
688.217; -257.463; -792.085; -760.846
688.485; -235.763; -632.085; -636.847
688.753;  -47.563;  -11.085; -102.847
689.020; -293.863; -820.085; -851.847
689.288; -309.263; -853.084; -787.848
689.555;  -85.762; -195.084; -148.848
689.823; -106.862; -241.084; -345.849
690.090; -207.862; -546.084; -651.849
690.358; -326.362; -877.084; -897.849
690.625;   -1.362;  120.917;   45.150
690.892; -179.862; -403.083; -369.850
691.160;  -51.961;   72.917;  -35.850
691.427;   -0.461;  141.917;  130.149
691.694; -319.461; -855.083; -929.851
691.962; -345.761;-1177.082;-1060.852
692.229;  -73.061;  127.918;   56.148
692.496;  -27.361;  130.918;  -49.852
692.763;  -94.161; -164.082; -201.853
693.031; -254.460; -739.082; -716.853
693.298; -226.060; -509.081; -368.853
693.565;  -95.660; -155.081; -163.854
693.832;  -36.760;   -5.081;   -9.854
694.099; -247.860; -643.081; -642.855
694.366; -295.560; -882.081; -896.855
694.633; -291.159; -920.080; -633.855
694.900; 1317.741; 4367.920; -114.856
695.167;  -98.259; -214.080; -380.856
695.434; -235.859; -646.080; -623.856
695.701;   11.041;  121.921;  -61.857
695.968; -155.659; -365.079; -361.857
696.234; -212.159; -415.079; -646.858
696.501; -239.758; -776.079; -614.858
696.768; -215.558; -554.079; -617.858
697.035; -219.458; -632.078; -667.859
697.302; -247.258; -448.078; -552.859
697.568; -175.258; -458.078; -497.859
697.835; -240.158; -683.078; -624.860
698.102; -175.257; -498.078; -407.860
698.368;   59.943;  384.923;  396.139
698.635; -147.457;  -47.077; -424.861
698.901; -125.557; -240.077; -348.861
699.168; -163.157; -534.077; -456.862
699.435;  -60.257;  -72.077;  -13.862
699.701; -331.157; -868.076; -764.862
699.968; -149.956;  144.924; -441.863
700.234; -251.156; -783.076; -822.863
700.500; -163.956; -448.076; -539.864
700.767;  -52.656;   -1.075;   26.136
701.033; -342.656;-1015.075; -963.864
701.299; -163.156; -450.075; -483.865
701.566;  171.945;  950.925;  763.135
701.832;   -9.055;  -31.075;  -76.865
702.098; -309.255;-1054.074;-1034.866
702.365; -339.455;-1098.074;-1030.866
702.631; -341.655;-1038.074;-1063.867
702.897; -240.555; -765.074; -676.867
703.163;   53.745;  348.926;  254.133
703.429; -115.154; -256.073; -273.868
703.695; -227.454; -796.073; -792.868
703.961; -124.854; -214.073; -210.868
704.227; -237.154; -630.073; -725.869
704.493;  132.646;  613.927;  510.131
704.759; -191.854; -565.072; -540.870
705.025;  -89.953; -203.072; -194.870
705.291; -191.953; -666.072; -562.870
705.557;  183.547;  719.928;   34.129
705.823; -211.553; -742.072; -694.871
706.089; -144.753; -307.071; -326.871
706.355; -101.553; -315.071; -244.872
706.620; -246.153; -776.071; -729.872
706.886; -137.052; -309.071; -362.873
707.152; -303.052; -818.070; -973.873
707.418; -382.752;-1153.070;-1186.873
707.683; -214.652; -550.070; -530.874
707.949; -219.652; -547.070; -578.874
708.215; -115.052; -129.070; -207.874
708.480; -159.751; -520.069; -420.875
708.746;   -6.551;   68.931;   28.125
709.011; -190.751; -578.069; -612.876
709.277; -227.351; -538.069; -543.876
709.542; -163.051; -428.069; -387.876
709.808;  -43.451;  -59.068;   89.123
710.073; -239.151; -577.068; -695.877
710.339; -106.150; -242.068; -228.877
710.604; -297.150; -780.068; -845.878
710.869; -104.050; -277.068; -366.878
711.135; -234.950; -715.067; -628.879
711.400; -195.650; -507.067; -608.879
711.665; -163.750; -404.067; -479.879
711.931; -216.049; -661.067; -677.880
712.196; -302.049; -876.067; -954.880
712.461; -167.449; -402.066; -490.880
712.726; -241.849; -727.066; -771.881
712.991; -248.749; -647.066; -664.881
713.256; -151.349; -350.066; -332.882
713.521; -164.649; -417.065; -381.882
713.787; -171.548; -454.065; -472.882
714.052; -124.148; -214.065; -400.883
714.317; -361.648;-1045.065; -981.883
714.581; -139.948; -374.065; -268.883
714.846; -302.848; -822.064; -888.884
715.111;   54.352;  261.936;  257.116
715.376; -122.447;  -86.064; -223.885
715.641; -151.347; -365.064; -367.885
715.906; -148.547;   15.936; -551.885
716.171;   38.253;  221.937;  209.114
716.436;  -84.847;  -78.063; -104.886
716.700; -236.947; -818.063; -692.886
716.965; -275.347; -794.063; -807.887
717.230; -130.546; -339.063; -392.887
717.494;  -72.246;  -40.062; -134.888
717.759; -233.546; -784.062; -640.888
718.024;   19.454;  269.938;  250.112
718.288;  129.654;  685.938;  395.111
718.553; -324.346; -803.062; -977.889
718.817; -320.945; -883.061; -899.889
719.082;  -83.845; -115.061; -125.890
719.346; -303.045;-1000.061; -947.890
719.611; -100.545; -300.061; -255.891
719.875; -208.445; -568.060; -537.891
720.140; -178.945; -453.060; -603.891
720.404;  -70.645; -136.060; -249.892
720.668; -134.444; -475.060; -411.892
720.933;   19.356;  146.940;  137.108
721.197; -233.444; -667.059; -600.893
721.461; -298.544; -851.059; -826.893
721.725;  -47.244;  -21.059; -250.894
721.990; -121.344; -284.059; -204.894
722.254;  -49.643;  -26.059; -108.894
722.518; -162.843; -286.058; -442.895
722.782; -201.543; -743.058; -594.895
723.046;  130.057;  614.942;  570.105
723.310;   70.557;  374.942;  210.104
723.574; -192.443; -654.058; -614.896
723.838; -227.343; -576.057; -642.897
724.102;  -98.542; -226.057; -239.897
724.366; -327.942;-1032.057; -978.897
724.630; -235.642; -749.057; -571.898
724.894; -193.042; -722.057; -514.898
725.158;  -74.742;   38.944; -295.898
725.422; -175.742; -394.056; -327.899
725.685; -185.441; -441.056; -349.899
725.949; -252.641; -566.056; -519.900
726.213; -276.141; -732.056; -811.900
726.477; -344.941;-1020.055; -933.900
726.740; -105.141; -274.055; -104.901
727.004; -162.741; -384.055; -510.901
727.268; -183.341; -442.055; -400.901
727.531; -295.140; -961.055; -775.902
727.795; -261.340; -713.054; -673.902
728.059; -196.040; -552.054; -557.903
728.322; -247.040; -841.054; -669.903
728.586; -209.940; -692.054; -701.903
728.849; -234.740; -695.053; -756.904
729.112; -264.539; -812.053; -912.904
729.376; -320.339; -959.053; -905.904
729.639; -169.739; -536.053; -536.905
729.903; -253.739; -733.053; -699.905
730.166; -147.039; -437.052; -399.906
730.429; -148.739; -317.052; -468.906
730.693; -197.839; -355.052; -894.906
730.956;  168.362;  810.948;  651.093
731.219;  -83.838; -310.052; -103.907
731.482; -305.438;-1003.051; -894.907
731.745; -283.838; -794.051; -935.908
732.009;  -48.238;  -30.051;   50.092
732.272; -251.838; -904.051; -771.909
732.535; -139.737; -300.051; -310.909
732.798; -377.137;-1083.050;-1166.909
733.061; -185.837; -430.050; -456.910
733.324;  -39.137;   31.950; -180.910
733.587;   80.763;  290.950;  365.090
733.850; -252.437; -973.049;-1050.911
734.113;  -26.937;   33.951;   32.089
734.376; -173.736; -328.049; -447.912
734.639;  275.864; 1188.951; 1011.088
734.901;  -92.636; -180.049; -402.912
735.164; -275.036; -883.048; -837.913
735.427;  -78.336; -166.048; -355.913
735.690; -118.836; -205.048; -234.913
735.952; -322.235; -923.048; -925.914
736.215; -359.435;-1113.048;-1009.914
736.478; -321.035; -771.047; -774.915
736.740;  -34.635;   33.953;  129.085
737.003; -254.235; -658.047; -672.915
737.266;  204.365;  -94.047;   46.084
737.528; -234.135; -682.047; -660.916
737.791; -148.234; -316.046; -327.916
738.053;   60.666;  465.954;  649.083
738.316;  -97.334; -162.046; -136.917
738.578; -274.034; -770.046; -736.918
738.841; -159.834; -382.046; -446.918
739.103; -254.134; -875.045; -777.918
739.365;  -64.533;   79.955;  -69.919
739.628; -278.333; -884.045; -805.919
739.890; -248.433; -758.045; -710.919
740.152; -246.633; -692.044; -754.920
740.414; -178.733; -408.044; -359.920
740.677; -239.233; -785.044; -634.921
740.939; -243.133; -587.044; -487.921
741.201; -184.332; -432.044; -572.921
741.463; -215.432; -689.043; -745.922
741.725;  -54.932;  -21.043; -199.922
741.987;  -14.932;  220.957;  116.078
742.249; -291.132; -751.043; -859.923
742.511; -237.232; -703.043; -794.923
742.773; -215.331; -546.042; -546.924
743.035;  129.769;  796.958;  533.076
743.297; -348.031; -963.042;-1013.924
743.559; -101.631; -278.042; -262.925
743.821; -259.231; -735.042; -744.925
744.083; -123.631;  -44.041; -149.925
744.345; -306.130; -869.041; -892.926
744.607;  -71.330;   75.959;  122.074
744.868; -208.930; -490.041; -554.927
745.130; -328.330; -994.041;-1008.927
745.392;  -22.430;   -1.040;  -44.927
745.653; -146.130; -411.040; -378.928
745.915;  181.770;  896.960;  631.072
746.177;  -66.629;   35.960;  -43.928
746.438; -180.129; -428.040; -543.929
746.700; -320.729; -947.039; -988.929
746.961; -277.329; -659.039; -740.930
747.223; -112.429; -190.039;  -74.930
747.484; -171.129; -391.039; -471.930
747.746;  -46.628;  -23.038; -106.931
748.007; -247.028; -647.038; -689.931
748.269; -108.928; -468.038; -440.931
748.530; -191.928; -852.038; -638.932
748.791; -158.128; -354.038; -420.932
749.053;   39.472;  286.963;  163.067
749.314; -124.928; -236.037; -169.933
749.575; -315.527; -945.037; -905.933
749.836;  -63.627; -217.037;   86.066
750.098;  -53.427;  -60.037;  -21.934
750.359;   72.273;  414.964;  555.066
750.620;  -65.427; -121.036; -220.935
750.881; -247.627; -585.036; -513.935
751.142; -323.026; -950.036; -938.936
751.403; -238.626; -789.036; -705.936
751.664; -360.626;-1034.035; -999.936
751.925;  -96.026; -175.035; -262.937
752.186;  -94.926; -298.035; -278.937
752.447; -200.526; -590.035; -445.937
752.708; -227.626; -532.035; -648.938
752.969; -207.925; -566.034; -576.938
753.230; -262.725; -777.034; -672.939
753.491; -216.525; -650.034; -631.939
753.751;  -47.325;  109.966;   19.061
754.012;   37.375;  258.967;  181.060
754.273;  -65.625; -174.033;  -71.940
754.534; -193.924; -487.033; -580.940
754.794; -328.724; -926.033; -911.941
755.055;  196.576; 1051.967;  881.059
755.316; -225.124; -700.032; -566.942
755.576; -170.524; -606.032; -576.942
755.837; -204.224; -527.032; -695.942
756.097; -169.224; -530.032; -564.943
756.358; -245.523; -725.032; -770.943
756.618; -248.223; -705.031; -641.943
756.879; -124.823; -254.031; -349.944
757.139; -348.023;-1098.031;-1116.944
757.400; -212.123; -538.031; -553.945
757.660; -141.223; -365.031; -401.945
757.920; -112.222; -266.030; -228.945
758.181; -136.522; -468.030; -351.946
758.441; -305.322; -870.030; -809.946
758.701; -138.622; -308.030; -215.946
758.961; -101.322; -220.030; -278.947
759.222; -179.522; -574.029; -502.947
759.482; -257.722; -683.029; -723.948
759.742; -266.921; -706.029; -547.948
760.002;  -51.221;  -83.029; -143.948
760.262;  -41.821;   50.972;  182.051
760.522; -221.021; -498.028; -574.949
760.782; -262.821; -738.028; -612.949
761.042; -225.921; -618.028; -573.950
761.302;  -37.820;   55.972;  -18.950
761.562;  -60.120; -164.027; -154.951
761.822; -224.720; -710.027; -551.951
762.082; -371.720;-1104.027;-1093.951
762.342; -173.820; -328.027; -403.952
762.601; -212.320; -567.027; -506.952
762.861; -136.520; -281.026; -207.952
763.121; -132.419; -406.026; -411.953
763.381; -210.819; -499.026; -485.953
763.640;  -75.919; -139.026; -307.954
763.900; -113.019; -242.026; -203.954
764.160; -141.619; -458.025; -491.954
764.419; -275.419; -726.025; -782.955
764.679; -278.518; -795.025; -726.955
764.939;  -92.218; -124.025; -210.955
765.198; -227.618; -608.025; -563.956
765.458; -249.618; -710.024; -612.956
765.717; -235.818; -454.024; -590.957
765.976; -146.118; -428.024; -411.957
766.236; -213.418; -475.024; -610.957
766.495;   -3.217;  260.977;   73.042
766.755; -372.017;-1090.023; -987.958
767.014; -238.417; -594.023; -665.958
767.273; -142.417; -373.023; -397.959
767.533; -138.617; -228.023; -307.959
767.792;  -81.217; -151.022; -188.960
768.051; -121.516; -228.022; -276.960
768.310; -210.916; -546.022; -650.960
768.569;  -37.416; -161.022;    4.039
768.828; -106.316; -285.022; -363.961
769.088; -327.316;-1050.021; -942.961
769.347; -264.116; -755.021; -599.962
769.606; -289.616; -876.021; -857.962
769.865; -351.515;-1016.021;-1033.963
770.124; -115.715; -411.021; -336.963
770.383; -305.415; -778.020; -910.963
770.641; -181.015; -398.020; -400.964
770.900; -324.915; -953.020; -846.964
771.159; -297.115; -851.020; -951.964
771.418; -319.314; -917.020; -779.965
771.677; -105.914; -224.019; -293.965
771.936; -305.314; -794.019; -865.966
772.194; -295.014; -465.019; -437.966
772.453; -154.614; -213.019; -391.966
772.712;   81.986;  416.982;  329.033
772.970;  -49.914;   32.982;   63.033
773.229;  -38.613;  -22.018;  102.033
773.488; -285.713; -814.018; -770.968
773.746;   32.287;  296.982;  335.032
774.005;  -32.213;  190.983;  -22.969
774.263;  -30.813;  243.983;  177.031
774.522; -213.713; -422.017; -548.969
774.780; -199.212; -484.017; -417.970
775.039; -184.812; -551.017; -531.970
775.297;  -96.912; -135.016; -351.970
775.555; -196.312; -489.016; -612.971
775.814; -241.412; -618.016; -570.971
776.072; -260.312; -749.016; -740.971
776.330; -219.112; -630.016; -520.972
776.589; -249.511; -703.015; -721.972
776.847; -278.711; -645.015; -624.973
777.105; -339.211;-1016.015;-1032.973
777.363; -160.611; -459.015; -454.973
777.621; -266.711; -660.015; -717.974
777.879;  -58.711;  -42.014;   32.026
778.138; -204.810; -554.014; -717.974
778.396; -199.710; -585.014; -526.975
778.654; -344.610;-1015.014; -970.975
778.912; -126.010; -269.014; -371.976
779.170; -271.010; -880.013; -803.976
779.427; -291.810; -922.013; -897.976
779.685; -311.910; -880.013; -832.977
779.943; -254.109; -654.013; -593.977
780.201; -339.709; -964.012; -883.978
780.459; -207.809; -651.012; -610.978
780.717; -138.309; -440.012; -390.978
780.974; -203.809; -449.012; -490.979
781.232; -127.609; -358.012; -338.979
781.490; -232.008; -551.011; -472.979
781.747; -192.308; -555.011; -476.980
782.005;   80.392;  462.989;  254.020
782.263; -329.608; -542.011;-1004.981
782.520; -152.808; -326.011; -501.981
782.778; -323.008;-1013.010;-1051.981
783.035; -322.108; -962.010; -938.982
783.293; -137.507; -248.010; -206.982
783.550;  -96.507; -134.010; -198.982
783.808; -271.707; -764.010; -776.983
784.065; -301.607; -745.009; -874.983
784.322;  -69.207;   25.991;  -86.984
784.580; -265.007; -915.009; -771.984
784.837; -181.606; -392.009; -466.984
785.094; -245.806; -783.009; -762.985
785.352; -166.206; -304.008; -404.985
785.609; -325.106; -934.008; -839.985
785.866; -167.806; -345.008; -401.986
786.123; -237.906; -639.008; -583.986
786.380; -236.706; -665.008; -604.987
786.637; -134.105; -225.007; -380.987
786.895; -213.705; -456.007; -543.987
787.152;  -79.505; -135.007; -267.988
787.409;  -85.205; -123.007; -225.988
787.666; -179.805; -299.006; -378.988
787.923; -206.905; -616.006; -695.989
788.179; -224.904; -551.006; -584.989
788.436; -242.304; -585.006; -585.990
788.693;  -86.104;  -92.006;  -87.990
788.950;  -86.804; -125.005; -112.990
789.207; -188.104; -381.005; -372.991
789.464; -107.304; -161.005; -301.991
789.720;  -28.504;  150.995;  110.009
789.977; -356.403;-1003.005; -671.992
790.234;  -77.503;   44.996;  -66.992
790.490; -322.703; -884.004;-1031.993
790.747;  -48.003;  -85.004;   22.007
791.004; -160.903; -426.004; -348.993
791.260; -173.503; -430.004; -560.994
791.517; -282.702; -843.003; -788.994
791.773; -142.502; -379.003; -342.994
792.030; -261.902; -596.003; -660.995
792.286; -237.902; -686.003; -636.995
792.543;  -77.302;  -74.002; -159.995
792.799; -149.202; -584.002; -382.996
793.055; -387.802;-1179.002;-1210.996
793.312; -290.101; -827.002; -816.997
793.568; -249.901; -746.002; -599.997
793.824;  -96.501; -226.001; -284.997
794.081; -182.801; -447.001; -508.998
794.337; -209.201; -664.001; -561.998
794.593; -138.001; -319.001; -271.999
794.849; -281.800; -746.001; -772.999
795.105; -163.700; -270.000; -261.999
795.361; -168.500; -490.000; -457.000
795.617; -319.200; -875.000; -945.000
795.873; -233.000; -360.000; -407.000
796.129; -172.500; -368.000; -306.000
796.385;  -96.600; -124.000; -156.000
796.641;  100.900;  412.000;  550.000
796.897; -215.200; -666.000; -635.000
797.153;   82.200;  453.000;  357.000
797.409; -307.200; -785.000; -868.000
797.665; -233.700; -625.000; -732.000
797.921; -313.000; -775.000; -762.000
798.176; -256.900; -744.000; -747.000
798.432; -318.700; -824.000; -596.000
798.688; -380.000;-1174.000;-1078.000
798.943;  -94.400; -165.000; -147.000
799.199; -323.200;-1005.000; -959.000
799.455;   99.300;  369.000;  316.000
799.710; -265.000; -813.000; -380.000
799.966; -112.700; -162.000; -160.000
800.221; -205.600; -638.000; -721.000
800.477; -247.800; -743.000; -710.000
800.732; -289.800; -773.000; -800.000
800.988;   -1.100;  205.000;  -19.000
801.243; -173.700; -454.000; -344.000
801.498; -284.300; -814.000; -739.000
801.754;  -81.700; -289.000; -163.000
802.009; -126.000; -257.000; -335.000
802.264; -356.600; -967.000;-1033.000
802.520;  -83.300;  222.000;   -3.000
802.775; -197.700; -524.000; -359.000
803.030;   69.500;  395.000;  356.000
803.285; -301.800; -840.000; -903.000
803.540; -259.800; -686.000; -699.000
803.795; -238.200; -648.000; -583.000
804.051; -143.800; -279.000; -346.000
804.306;  -35.500;  168.000;  128.000
804.561;   38.100;  451.000;  362.000
804.816;  201.000;  714.000;  861.000
805.071; -110.900; -185.000; -280.000
805.325; -167.900; -257.000; -427.000
805.580; -325.500; -841.000; -877.000
805.835; -117.800; -204.000; -297.000
806.090; -253.600; -760.000; -676.000
806.345; -144.600; -344.000; -264.000
806.600; -233.300; -549.000; -632.000
806.854; -179.000; -408.000; -538.000
807.109; -170.900; -493.000; -577.000
807.364; -142.500; -407.000; -328.000
807.618; -205.500; -415.000; -381.000
807.873; -235.600; -470.000; -494.000
808.128; -151.400; -257.000; -518.000
808.382; -148.600; -224.000; -332.000
808.637; -190.700; -440.000; -511.000
808.891; -118.200; -257.000; -180.000
809.146; -339.100; -902.000; -794.000
809.400; -319.800; -848.000; -923.000
809.654; -251.000; -779.000; -551.000
809.909; -315.200; -841.000; -927.000
810.163; -243.700; -813.000; -651.000
810.418; -323.700; -940.000; -861.000
810.672; -265.800; -685.000; -690.000
810.926; -339.300; -993.000; -973.000
811.180; -176.300; -439.000; -372.000
811.434;    1.800;  240.000;  135.000
811.689; -156.100; -231.000; -365.000
811.943; -349.800; -936.000; -953.000
812.197; -288.700; -893.000; -671.000
812.451; -257.700; -379.000; -514.000
812.705; -294.100; -809.000; -619.000
812.959; -249.700; -263.000; -388.000
813.213; -129.700; -283.000; -209.000
813.467;   57.800;  470.000;  253.000
813.721; -255.700; -764.000; -792.000
813.975; -305.000; -826.000; -877.000
814.229;    1.100;  430.000;  353.000
814.482; -227.300; -517.000; -566.000
814.736; -287.300; -766.000; -744.000
814.990; -297.000; -779.000; -872.000
815.244; -105.200; -228.000; -285.000
815.497; -240.600; -636.000; -601.000
815.751;  -91.100; -141.000;   82.000
816.005; -187.400; -470.000; -586.000
816.258; -175.800; -510.000; -363.000
816.512; -271.700; -693.000; -610.000
816.766;  -64.400;  121.000;  157.000
817.019;   -8.100;  148.000;  149.000
817.273; -345.600;-1000.000; -802.000
817.526; -106.400; -206.000; -173.000
817.779; -332.700;-1049.000; -960.000
818.033; -295.700; -693.000; -807.000
818.286; -288.100; -725.000; -792.000
818.540; -225.300; -403.000; -403.000
818.793; -180.800; -402.000; -489.000
819.046; -226.000; -582.000; -520.000
819.299;  -76.600; -157.000; -166.000
819.553; -223.600; -552.000; -592.000
819.806; -338.900;-1016.000; -838.000
820.059; -161.300; -334.000; -354.000
820.312;  -15.300;  152.000;  185.000
820.565;  -43.800;  110.000;  -27.000
820.818;  -80.100;  -59.000; -173.000
821.071; -335.400;-1041.000; -957.000
821.324; -224.300; -536.000; -540.000
821.577; -211.300; -457.000; -483.000
821.830; -136.200; -270.000; -172.000
822.083; -269.700; -733.000; -288.000
822.336; -107.200; -261.000; -167.000
822.589; -275.200; -805.000; -688.000
822.842; -313.700; -875.000; -770.000
823.094; -374.900;-1076.000;-1114.000
823.347; -290.000; -925.000; -729.000
823.600;   16.400;  402.000;  187.000
823.853; -153.700; -311.000; -267.000
824.105; -164.700; -331.000; -575.000
824.358; -263.900; -617.000; -716.000
824.611;    1.800;  234.000;   40.000
824.863; -224.900; -612.000; -591.000
825.116;  -62.500;  -33.000;   27.000
825.368; -203.100; -366.000; -372.000
825.621; -134.000; -186.000; -240.000
825.873; -249.500; -704.000; -737.000
826.126; -241.000; -669.000; -641.000
826.378; -183.000; -389.000; -505.000
826.630; -313.800; -890.000; -898.000
826.883; -272.700; -754.000; -693.000
827.135; -162.100; -279.000; -270.000
827.387; -326.600; -893.000; -839.000
827.639;  -73.900;  -86.000;   32.000
827.892; -269.700; -742.000; -582.000
828.144; -289.100; -848.000; -804.000
828.396;  -65.200;  104.000;  -80.000
828.648; -203.400; -440.000; -333.000
828.900; -276.600; -702.000; -795.000
829.152; -233.600; -684.000; -683.000
829.404; -136.200; -215.000; -267.000
829.656;   15.200;  321.000;  214.000
829.908;    3.100;  393.000;  229.000
830.160; -340.200;-1064.000;-1047.000
830.412; -183.000; -481.000; -430.000
830.664; -244.700; -557.000; -665.000
830.916; -152.300; -268.000; -206.000
831.167; -368.600;-1073.000; -951.000
831.419; -219.400; -623.000; -566.000
831.671; -268.200; -764.000; -809.000
831.923; -148.400; -311.000; -447.000
832.174; -145.400; -273.000; -331.000
832.426; -224.300; -493.000; -582.000
832.678; -374.600;-1043.000;-1091.000
832.929; -338.800; -947.000; -935.000
833.181; -237.500; -575.000; -677.000
833.432; -101.400;  -59.000; -186.000
833.684;  -24.600;  112.000;  -27.000
833.935; -218.100; -610.000; -566.000
834.187; -264.800; -829.000; -823.000
834.438;  -74.900;  -58.000;  -25.000
834.689; -137.500; -255.000; -123.000
834.941; -112.400; -343.000; -244.000
835.192; -216.300; -590.000; -533.000
835.443; -241.300; -419.000; -506.000
835.695;   -5.900;  138.000;  -16.000
835.946; -194.600; -608.000; -378.000
836.197; -254.900; -599.000; -622.000
836.448; -204.700; -528.000; -395.000
836.699; -141.700; -253.000; -341.000
836.950;  -51.500;   72.000;    7.000
837.201; -357.800;-1003.000; -987.000
837.452; -117.200; -356.000; -170.000
837.703; -265.700; -791.000; -737.000
837.954; -151.900; -205.000; -365.000
838.205; -351.900;-1029.000;-1008.000
838.456; -109.000; -196.000; -282.000
838.707; -199.700; -423.000; -519.000
838.958; -251.200; -634.000; -647.000
839.209;   -2.300;   18.000;   40.000
839.460; -140.200; -439.000; -201.000
839.710; -146.500; -135.000; -297.000
839.961;  107.500;  730.000;  612.000
840.212; -201.700; -382.000; -497.000
840.462; -157.000; -328.000; -277.000
840.713; -214.500; -571.000; -536.000
840.964;  -91.400;  -62.000; -143.000
841.214; -222.600; -384.000; -624.000
841.465;  -95.500; -214.000; -141.000
841.715; -166.900; -417.000; -380.000
841.966; -259.400; -746.000; -685.000
842.216; -196.400; -330.000; -431.000
842.466; -148.000; -169.000; -313.000
842.717; -317.600; -964.000; -952.000
842.967; -254.500; -635.000; -641.000
843.217;  -55.100;   20.000;   28.000
843.468; -106.100; -104.000; -132.000
843.718; -241.200; -718.000; -726.000
843.968; -308.100; -837.000; -765.000
844.218; -130.100; -315.000; -262.000
844.469; -214.100; -577.000; -561.000
844.719; -235.200; -537.000; -682.000
844.969; -216.100; -550.000; -580.000
845.219; -329.200; -814.000; -862.000
845.469; -145.400; -392.000; -342.000
845.719; -319.000; -792.000; -884.000
845.969;  -24.100;  119.000;  174.000
846.219; -293.300; -738.000; -720.000
846.469;   25.900;  464.000;  432.000
846.718;  -99.900; -115.000;   31.000
846.968; -315.000; -827.000; -827.000
847.218;  -93.200; -224.000; -371.000
847.468; -237.200; -586.000; -555.000
847.718; -310.400; -827.000; -798.000
847.967; -297.100; -826.000; -915.000
848.217; -185.900; -449.000; -569.000
848.467; -142.500; -405.000; -376.000
848.716; -270.600; -708.000; -725.000
848.966; -131.700; -372.000; -358.000
849.215; -203.000; -428.000; -419.000
849.465; -249.600; -785.000; -615.000
849.714; -416.100;-1132.000;-1150.000
849.964; -201.700; -551.000; -613.000
850.213; -164.400; -393.000; -355.000
850.463;   -2.200;  137.000;  340.000
850.712; -226.200; -542.000; -567.000
850.961; -243.200; -739.000; -678.000
851.211; -192.400; -513.000; -504.000
851.460; -250.300; -635.000; -650.000
851.709;  -44.400;  -25.000;   18.000
851.958; -284.500; -912.000; -750.000
852.208; -335.700; -859.000; -879.000
852.457;  -98.300; -181.000;  -13.000
852.706; -292.200; -791.000; -823.000
852.955; -205.700; -507.000; -528.000
853.204; -211.100; -521.000; -461.000
853.453; -216.900; -418.000; -458.000
853.702; -285.800; -660.000; -750.000
853.951; -210.100; -532.000; -520.000
854.200; -256.600; -613.000; -562.000
854.449; -260.400; -695.000; -661.000
854.698; -155.600; -340.000; -279.000
854.946; -130.800; -181.000; -284.000
855.195; -297.500; -843.000; -868.000
855.444; -173.500; -395.000; -420.000
855.693; -219.500; -345.000; -432.000
855.941; -200.300; -387.000; -516.000
856.190;  -93.800; -256.000; -382.000
856.439; -249.200; -652.000; -703.000
856.687;  -96.100;  -99.000;  -72.000
856.936; -227.300; -621.000; -323.000
857.184; -348.900;-1067.000;-1020.000
857.433; -171.500; -423.000; -512.000
857.681; -349.900; -989.000; -953.000
857.930; -132.700; -282.000; -433.000
858.178; -313.800; -856.000; -929.000
858.427; -313.800; -802.000; -781.000
858.675; -236.100; -377.000; -544.000
858.923; -204.500; -527.000; -819.000
859.172; -385.000;-1094.000;-1070.000
859.420; -169.000; -339.000; -239.000
859.668; -261.800; -624.000; -628.000
859.916;   -9.400;  109.000;  115.000
860.164; -263.000; -699.000; -603.000
860.413; -298.400; -878.000; -696.000
860.661; -257.200; -709.000; -577.000
860.909; -172.500; -339.000; -325.000
861.157; -150.800; -277.000; -444.000
861.405; -214.200; -534.000; -670.000
861.653;   21.600;  310.000;  310.000
861.901; -217.300; -543.000; -613.000
862.149; -322.500; -801.000; -824.000
862.396; -135.300; -297.000; -187.000
862.644; -172.000; -368.000; -347.000
862.892;  -67.000;   98.000;  138.000
863.140; -198.500; -549.000; -530.000
863.388; -285.400; -815.000; -759.000
863.635; -233.800; -642.000; -601.000
863.883;   30.100;  231.000;  190.000
864.131; -157.900; -288.000; -357.000
864.378; -265.100; -675.000; -540.000
864.626; -192.700; -347.000; -415.000
864.873; -225.900; -556.000; -505.000
865.121; -268.800; -714.000; -799.000
865.368;  -87.800; -173.000;   75.000
865.616;  -67.700;  -33.000;  -40.000
865.863; -217.000; -462.000; -506.000
866.111; -320.700; -795.000; -824.000
866.358; -167.900; -426.000; -420.000
866.605;  -97.900;  -64.000; -804.000
866.853; -251.200; -621.000; -537.000
867.100; -278.000; -728.000; -775.000
867.347; -269.300; -672.000; -611.000
867.594; -277.800; -740.000; -714.000
867.841;  -50.500;   97.000;   17.000
868.089; -305.600; -746.000; -698.000
868.336; -200.900; -477.000; -420.000
868.583; -235.300; -637.000; -741.000
868.830;  -75.400; -131.000; -170.000
869.077; -296.900; -859.000; -787.000
869.324; -235.200; -502.000; -458.000
869.571; -222.600; -398.000; -430.000
869.818; -218.100; -485.000; -439.000
870.065; -240.500; -439.000; -513.000
870.311; -186.000; -456.000; -542.000
870.558; -178.000; -332.000; -311.000
870.805; -105.700; -320.000; -384.000
871.052; -189.300; -494.000; -369.000
871.298; -118.600; -204.000; -131.000
871.545;  -88.600; -151.000; -185.000
871.792; -144.800; -173.000; -222.000
872.038;  -70.800;   43.000; -126.000
872.285; -198.300; -496.000; -387.000
872.532; -134.400; -357.000; -387.000
872.778;   89.600;  556.000;  403.000
873.025; -164.900; -384.000; -359.000
873.271;   89.300;  501.000;  578.000
873.517; -111.000; -133.000; -209.000
873.764; -128.100; -193.000;  -80.000
874.010; -147.500; -143.000; -230.000
874.257;  -26.000;  123.000;   90.000
874.503; -247.900; -579.000; -479.000
874.749;  -85.500;   31.000;  275.000
874.995;  -99.100;  -80.000;  -20.000
875.242; -192.600; -540.000; -478.000
875.488; -209.200; -414.000; -439.000
875.734; -115.600; -106.000; -234.000
875.980; -376.600; -872.000;-1032.000
876.226; -119.200; -157.000; -255.000
876.472;   17.200;  343.000;  237.000
876.718;  -40.600;  184.000;  158.000
876.964;  -42.200;   56.000;   55.000
877.210; -270.700; -547.000; -677.000
877.456; -247.100; -630.000; -557.000
877.702; -312.700; -821.000; -832.000
877.948; -186.700; -377.000; -497.000
878.193;   75.800;  361.000;  255.000
878.439; -229.700; -487.000; -472.000
878.685; -164.700; -272.000; -343.000
878.931; -205.700; -618.000; -676.000
879.176; -123.200; -201.000; -201.000
879.422; -352.900; -933.000; -820.000
879.668;  -44.400;   10.000;   79.000
879.913;  -61.900;   53.000;  137.000
880.159; -127.200; -112.000;  -17.000
880.404; -111.200; -152.000; -162.000
880.650;  -10.300;   91.000;  141.000
880.895; -281.800; -670.000; -710.000
881.141; -210.100; -454.000; -428.000
881.386; -270.100; -503.000; -658.000
881.631; -194.600; -311.000; -166.000
881.877;  -41.300;  112.000;  -13.000
882.122; -251.000; -684.000; -600.000
882.367; -123.500; -136.000; -186.000
882.612; -117.300;  -80.000; -176.000
882.858; -307.800; -877.000; -823.000
883.103; -168.300; -297.000; -267.000
883.348; -269.700; -759.000; -852.000
883.593; -252.300; -677.000; -602.000
883.838; -101.500; -311.000;  -24.000
884.083;  -26.200;  353.000;  288.000
884.328; -192.800; -564.000; -545.000
884.573; -131.900; -196.000; -143.000
884.818; -236.300; -694.000; -531.000
885.063; -176.100; -348.000; -315.000
885.308; -184.600; -475.000; -398.000
885.553;    5.100;  245.000;  325.000
885.797; -203.300; -545.000; -615.000
886.042;  -53.600;    8.000;   58.000
886.287; -143.500; -253.000; -211.000
886.532;  -71.100;   26.000;  204.000
886.776; -145.100; -407.000; -525.000
887.021; -244.800; -621.000; -574.000
887.265; -283.700; -685.000; -689.000
887.510; -236.900; -557.000; -496.000
887.755; -139.200; -194.000; -164.000
887.999; -232.800; -552.000; -575.000
888.244;  -70.900;  -58.000;  161.000
888.488;   36.800;  371.000;  393.000
888.732; -190.500; -368.000; -520.000
888.977; -218.700; -622.000; -567.000
889.221; -310.100; -683.000; -659.000
889.465; -222.500; -422.000; -566.000
889.710; -131.800;  -56.000; -299.000
889.954;   51.600;  579.000;  467.000
890.198; -244.200; -584.000; -707.000
890.442; -280.700; -716.000; -712.000
890.687; -278.800; -800.000; -753.000
890.931; -153.200; -273.000; -210.000
891.175; -242.100; -502.000; -500.000
891.419; -117.400; -105.000; -110.000
891.663; -146.300; -239.000; -112.000
891.907; -308.000; -801.000; -545.000
892.151; -321.400; -920.000; -815.000
892.395; -185.500; -274.000; -387.000
892.638;   -1.700;  408.000;  291.000
892.882; -313.400; -780.000; -867.000
893.126;  105.300;  758.000;  558.000
893.370;  -97.100; -167.000; -168.000
893.614; -246.900; -714.000; -715.000
893.857; -144.400; -183.000; -197.000
894.101; -229.800; -527.000; -631.000
894.345;  -87.800;  300.000;  150.000
894.588;   69.400;  569.000;  380.000
894.832; -141.200; -178.000;  -84.000
895.075; -116.600;   15.000;  -92.000
895.319; -205.100; -552.000; -420.000
895.563; -175.600; -413.000; -353.000
895.806; -280.500; -628.000; -741.000
896.049; -211.100; -576.000; -368.000
896.293;   35.200;  527.000;  405.000
896.536; -241.100; -465.000; -468.000
896.779; -161.800; -149.000;   -1.000
897.023; -292.800; -751.000; -714.000
897.266;  -42.500;  325.000;  269.000
897.509; -326.700; -900.000; -901.000
897.752;  -55.000;  149.000;  171.000
897.996; -357.000; -972.000; -864.000
898.239;  -22.600;  168.000;  102.000
898.482; -227.900; -431.000; -453.000
898.725; -116.800;  101.000;   53.000
898.968; -316.600; -609.000; -744.000
899.211; -213.500; -513.000; -361.000
899.454; -284.400; -633.000; -539.000
899.697;  -83.100;   90.000;  -43.000
899.940; -291.100; -761.000; -757.000
900.182; -163.200; -335.000; -405.000
900.425; -133.900; -150.000; -298.000
900.668;    3.300;  491.000;  350.000
900.911; -195.300; -292.000; -345.000
901.154;  -63.700;  141.000;   -3.000
901.396; -217.300; -407.000; -412.000
901.639; -243.400; -430.000; -496.000
901.882; -321.100; -790.000; -809.000
902.124;  -93.100;  -29.000; -143.000
902.367; -179.900; -315.000; -361.000
902.609; -229.600; -476.000; -453.000
902.852; -126.000; -108.000; -260.000
903.094; -231.800; -458.000; -337.000
903.337;  -54.000;  -26.000;   53.000
903.579; -175.900; -228.000; -441.000
903.821; -266.800; -597.000; -744.000
904.064;  -63.800;   85.000;  127.000
904.306; -133.700; -126.000; -166.000
904.548; -164.600; -152.000; -366.000
904.790; -167.100; -195.000; -340.000
905.033; -256.300; -625.000; -577.000
905.275; -265.300; -513.000; -524.000
905.517;  -30.400;  468.000;  256.000
905.759; -290.300; -667.000; -761.000
906.001; -226.800; -322.000; -369.000
906.243; -162.400; -162.000; -224.000
906.485; -128.200; -265.000; -207.000
906.727; -246.100; -499.000; -542.000
906.969; -154.300;  -30.000; -135.000
907.211; -207.500; -316.000; -382.000
907.453; -122.200; -188.000; -237.000
907.695; -153.800; -158.000; -385.000
907.936;  137.900;  818.000;  706.000
908.178; -102.400;   92.000; -135.000
908.420; -130.700; -111.000; -162.000
908.662; -269.700; -633.000; -682.000
908.903; -201.700; -208.000; -123.000
909.145; -119.900; -240.000; -305.000
909.386;  -21.800;  315.000;  280.000
909.628;   38.700;  363.000;  397.000
909.870;  -39.800;   29.000;  264.000
910.111; -337.600; -809.000; -949.000
910.353; -159.800; -123.000; -161.000
910.594; -249.600; -574.000; -606.000
910.835; -188.700; -265.000; -326.000
911.077; -270.700; -503.000; -604.000
911.318; -253.700; -505.000; -471.000
911.559; -322.300; -577.000; -880.000
911.801; -190.300; -284.000; -280.000
912.042; -151.600;  -50.000; -159.000
912.283;   16.900;  404.000;  371.000
912.524; -214.200; -396.000; -457.000
912.765; -117.900; -193.000;   79.000
913.006; -170.000; -307.000; -338.000
913.247; -240.800; -270.000; -290.000
913.488; -153.100;  -43.000;   30.000
913.729; -199.900; -373.000; -373.000
913.970; -166.700;  -96.000; -292.000
914.211; -150.500; -160.000; -198.000
914.452; -132.700; -118.000;  -11.000
914.693;   19.100;  510.000;  592.000
914.934;   34.100;  510.000;  440.000
915.175; -106.500;   53.000;  -95.000
915.415; -127.100; -137.000;   27.000
915.656; -138.900;  -28.000;  192.000
915.897; -183.300; -252.000;  -82.000
916.137; -152.700;   74.000;   -9.000
916.378; -258.000; -573.000; -517.000
916.619; -153.900; -159.000;  -63.000
916.859;  -12.500;  303.000;  330.000
917.100;  305.800; 1655.000; 1070.000
917.340;  129.600;  930.000;  728.000
917.581;  103.400;  965.000;  789.000
917.821; -210.000; -171.000;  143.000
918.061; -157.100; -199.000;  -72.000
918.302; -168.600; -152.000; -211.000
918.542; -114.400;  -22.000;    3.000
918.782;    5.700;  369.000;  377.000
919.023;   -3.700;  360.000;  427.000
919.263; 2093.000; 8131.000;  202.000
919.503; -159.800; -137.000;  -54.000
919.743;  -47.500;  390.000;  266.000
919.983; -133.600; -134.000;  -26.000
920.223; -113.500;  135.000;   14.000
920.463;   10.000;  631.000;  554.000
920.703; -115.900;   84.000;   39.000
920.943; -154.000; -110.000;   90.000
921.183; -221.700; -414.000; -405.000
921.423;   -1.000;  307.000;  546.000
921.663; -190.200; -174.000; -257.000
921.903;  -71.000;  237.000;  173.000
922.143;  -50.900;  372.000;  389.000
922.383;  -82.600;  158.000;  115.000
922.622; -159.000; -120.000;  -15.000
922.862;   61.300;  796.000;  785.000
923.102; -128.500;  -51.000;   33.000
923.341; -120.300;   59.000;   74.000
923.581;  -70.700;  450.000;  360.000
923.821;  -34.200;  301.000;  398.000
924.060;  -35.900;  351.000;  193.000
924.300; -132.100;  -16.000; -128.000
924.539;   12.100;  584.000;  473.000
924.779;   74.700;  812.000;  597.000
925.018;  -87.500;  247.000;  353.000
925.257;   70.400;  595.000;  666.000
925.497;  -26.400;  447.000;  412.000
925.736; -135.500;  -35.000;  102.000
925.975;   53.400;  687.000;  669.000
926.214;   86.100;  907.000;  850.000
926.454;  116.200;  706.000;  757.000
926.693;  -36.700;  419.000;  543.000
926.932;  113.700; 1021.000;  825.000
927.171;  161.900; 1107.000; 1044.000
927.410;  182.400; 1144.000;  967.000
927.649;  113.400;  924.000;  742.000
927.888;    1.300;  590.000;  564.000
928.127;    6.000;  680.000;  678.000
928.366;   67.000;  842.000;  826.000
928.605;   95.900;  831.000;  737.000
928.844;  198.500; 1451.000; 1393.000
929.083;    7.100;  770.000;  613.000
929.321;  243.900; 1335.000; 1359.000
929.560;  218.800; 1158.000; 1122.000
929.799;  -25.400;  574.000;  475.000
930.038;  189.400; 1025.000; 1394.000
930.276;  -70.300;  334.000;  397.000
930.515;   14.100;  827.000;  681.000
930.753;   13.600;  614.000;  589.000
930.992;   41.800;  664.000;  717.000
931.230;   83.700;  847.000;  847.000
931.469;  381.700; 2162.000;  892.000
931.707;  212.800;  840.000;  751.000
931.946;  170.900; 1278.000; 1344.000
932.184;  154.700; 1437.000; 1175.000
932.423;  151.100; 1265.000;  963.000
932.661;  204.200; 1296.000; 1428.000
932.899;   26.700;  987.000;  821.000
933.137;   21.100;  754.000;  564.000
933.376;  178.200; 1664.000; 1335.000
933.614;  314.300; 1759.000; 1196.000
933.852;  140.800; 1357.000; 1171.000
934.090;  311.200; 1722.000; 1747.000
934.328;  214.700; 1252.000; 1457.000
934.566;   95.500; 1431.000; 1110.000
934.804;  169.700; 1263.000; 1309.000
935.042;  273.800; 1861.000; 1850.000
935.280;  360.700; 2088.000; 2063.000
935.518;  324.200; 2113.000; 2007.000
935.756;  360.300; 2481.000; 2316.000
935.994;  224.900; 1808.000; 1751.000
936.231;  573.700; 2890.000; 2950.000
936.469;  367.700; 2367.000; 2378.000
936.707;  370.900; 2220.000; 2167.000
936.945;  510.500; 2825.000; 2882.000
937.182;  450.000; 2679.000; 2741.000
937.420;  589.700; 3602.000; 3031.000
937.657;  698.300; 3365.000; 3478.000
937.895;  657.000; 3331.000; 3488.000
938.133;  706.000; 3540.000; 3528.000
938.370;  778.500; 3896.000; 4191.000
938.607;  876.800; 4488.000; 4205.000
938.845; 1221.900; 5587.000; 5549.000
939.082; 1058.700; 5387.000; 5177.000
939.320; 1159.500; 5799.000; 5728.000
939.557; 1375.000; 6549.000; 6491.000
939.794; 1474.200; 7285.000; 7097.000
940.031; 1785.900; 8421.000; 8368.000
940.269; 1953.600; 9552.000; 9107.000
940.506; 2307.600;10901.000;10507.000

