
Integration time [ms]: 100.000
Averaging Nr. [scans]: 40
Smoothing Nr. [pixels]: 0
Data measured with spectrometer [name]: 2101013U2
Wave   ;Sample   ;Dark     ;Reference
[nm]   ;[counts] ;[counts] ;[counts] 

394.013;   44.372; -450.257; -315.536
394.305;  212.995; -461.258; -419.536
394.596; 1074.867; -676.269; -527.514
394.887; 2640.158; -796.268; -654.518
395.178; 1031.989;  145.736;   11.476
395.470;   92.450; -210.263; -356.526
395.761;  211.798;  305.734;  394.479
396.052;  289.366; -545.284; -306.489
396.343;  311.911; -557.276; -454.503
396.634;  130.630; -200.279; -290.497
396.926;  152.706; -618.268; -565.517
397.217;  135.916;   11.725;  -17.504
397.508;   61.132; -366.273; -154.507
397.799;   50.705; -555.279; -571.497
398.090;   11.099; -973.280; -902.495
398.381;  123.641;   11.708;  -11.473
398.672;    3.843; -585.292; -742.473
398.963;   61.611; -348.279; -373.498
399.254;  126.077;   54.709; -209.475
399.545;  -14.955;-1017.266; -883.520
399.836;   64.950; -407.277; -343.501
400.127;   54.468; -205.295; -209.468
400.418;   63.801; -423.274; -392.506
400.709;   81.911; -359.281; -333.493
401.000;   67.481; -268.291; -309.476
401.290;  105.154;  225.698;  115.545
401.581;   78.974; -166.286; -228.485
401.872;   18.290; -542.298; -486.462
402.163;   68.410; -313.296; -252.467
402.454;  103.627; -123.291; -163.475
402.744;   88.102; -844.297; -813.465
403.035;  512.858; -226.293;  -86.471
403.326;  648.770; -366.292; -384.474
403.617;  424.059;  204.701;  165.539
403.907;  259.347; -593.283; -679.490
404.198; 2329.383; -545.307; -599.446
404.489; 6202.727; -618.283; -588.491
404.779; 2169.008; -618.302; -660.456
405.070;  247.361;  -67.304; -174.451
405.360;  343.360; -259.293; -238.472
405.651;  378.769;  125.699;   98.542
405.942;  210.894;  209.714;  127.516
406.232;  322.859; -432.285; -413.487
406.523;  549.528;  641.706;  758.530
406.813;  123.097; -579.286; -644.484
407.104;  379.165;  261.708;  144.527
407.394;  222.335; -604.299; -591.462
407.685;  168.033;  336.715;  222.513
407.975;   69.751; -400.283; -382.490
408.265;  129.667; -134.289; -190.478
408.556;   88.874; -472.291; -459.475
408.846;  175.653;  474.706;  429.530
409.137;   94.900;   -1.288; -216.480
409.427;   45.809; -193.285; -271.487
409.717;   46.785; -776.273; -692.508
410.007;  161.802;    4.715; -170.486
410.298;  101.245; -360.295; -342.469
410.588;   71.431; -495.285; -510.486
410.878;   45.786; -792.287; -873.482
411.168;  113.992; -481.298; -478.463
411.459;  133.695; -295.283; -242.489
411.749;   52.648; -609.292; -507.474
412.039;   76.498; -755.289; -386.480
412.329;  209.068;   40.722;  132.501
412.619;  218.647;  -62.286; -148.485
412.909;  386.295;  639.711;  594.521
413.199;  356.875; -130.280; -251.495
413.490;  420.360;  521.710;  352.523
413.780;  153.129;-1013.279; -913.496
414.070;  338.387;  -46.276;  235.497
414.360;  386.389; -729.278; -666.498
414.650;  431.457; -726.288; -688.482
414.940;  549.628; -538.280; -441.496
415.230;  939.604;   50.712;   74.519
415.520; 6004.541;  155.730;   66.486
415.809;23513.386; -305.281; -125.493
416.099;18365.653; -388.277; -229.501
416.389; 5026.599;  435.726;  236.494
416.679; 2962.504;   91.738;   85.473
416.969;  520.766; -527.287; -503.483
417.259;  611.180;  341.721;  171.503
417.549;  690.985;  522.718;  318.508
417.838; 1624.883; -205.268; -147.518
418.128; 5308.590;  650.710;  492.522
418.418; 4470.616; -491.272; -579.509
418.708; 3033.499;    9.726;  -48.506
418.997;11235.020; -474.275; -480.505
419.287;11786.331; -733.273; -790.507
419.577;10996.870; -160.283; -123.489
419.866;36379.500; -588.277; -498.501
420.156;37794.762; -242.270;  -55.513
420.446; 6992.846; -112.263;  -26.526
420.735;  924.631; -376.271; -446.512
421.025;  870.039; 1830.722;  315.502
421.314;  763.179; -203.271; -226.512
421.604; 1673.425;   89.732;  233.484
421.893; 1006.975; -705.271; -602.511
422.183;  242.246; -487.263; -461.526
422.472;  390.402;  -36.271; -107.511
422.762;  469.901; -416.266; -379.521
423.051;  257.613; -916.276; -916.503
423.341;  340.583; -491.273; -439.507
423.630;  448.482; -121.265;   15.477
423.919;  418.719;   58.725;   49.495
424.209;  386.727;  -31.263;   56.473
424.498;  493.980;   68.732;  161.483
424.787; 1084.436; -535.267; -601.518
425.077; 3352.680;   34.735;   29.478
425.366; 4972.182; -734.262; -744.528
425.655; 9730.058;  639.727;  259.493
425.945;20365.411; -313.247; -268.554
426.234;11524.455;  117.741;  300.467
426.523; 4965.510;  -86.259; -350.534
426.812; 6870.196;  107.734;  159.480
427.101; 9992.947; -127.269; -323.515
427.390;12844.716;  -55.270;  -86.514
427.680; 3174.280; -624.257; -411.538
427.969;  512.866; -330.255; -301.540
428.258;  332.746; -385.257; -477.536
428.547;  574.795;  449.728;  397.490
428.836; 1404.057; -421.253; -398.543
429.125; 2035.787; -199.259;  -72.534
429.414;  886.404; -330.251; -294.548
429.703; 3042.129; -231.251; -213.548
429.992; 9073.308; -938.250; -828.549
430.281; 6027.714; -397.264; -331.524
430.570;  631.970;  -21.252;   32.454
430.859;  622.885;  279.741;  352.466
431.148;  483.607;  636.752;  631.446
431.437;  294.494;  391.748;  367.454
431.725;  157.523; -544.257; -481.536
432.014;  123.339; -845.253; -756.545
432.303;  422.858; -149.239; -105.569
432.592;  650.771; -460.263; -178.525
432.881; 1045.983; -601.248; -437.554
433.169; 5967.291; -343.255;  -61.540
433.458;12217.941;  445.765;  540.424
433.747; 5201.838; -397.261; -289.529
434.036;  964.958; -275.242; -280.564
434.324; 2098.895; -395.249; -379.551
434.613; 3574.777;   40.757;  159.437
434.902; 1278.223;  333.760;  439.433
435.190;  674.006;   75.761;  295.431
435.479;  378.284;  -52.245;   83.441
435.767;  133.167; -411.244; -427.561
436.056;  237.154; -340.242; -294.563
436.345;  368.075; -372.240; -223.568
436.633;  406.016;   60.750;  383.450
436.922;  311.127;  208.760;  414.432
437.210;  741.956; -194.236;    1.426
437.499; 2379.764; -583.235; -432.576
437.787; 2656.381; -339.236;  -10.574
438.075;  636.812;   56.761;  162.430
438.364;  867.964;  -44.238;  250.429
438.652;  520.844; -286.226; -138.592
438.941;  161.708;    3.770;  269.415
439.229;   14.267; -665.252; -466.545
439.517;   40.748; -160.234;  -85.577
439.806;    6.835; -501.225; -290.595
440.094;  189.205;  377.766;  650.421
440.382;  227.484; -653.233; -302.580
440.670;  237.489; -361.235; -285.576
440.959;   40.802; -347.223; -170.599
441.247;   99.220; -151.229; -109.587
441.535;  114.396; -266.235;   31.423
441.823;   39.303; -497.234; -305.578
442.111;  204.549;  173.771;  327.412
442.400;  629.358; -628.245; -335.559
442.688; 1696.380; -111.234; -620.579
442.976; 1284.065; -786.213; -450.617
443.264;  151.866; -324.224; -364.597
443.552;  118.345; -258.226;   51.408
443.840;  195.995;  602.765;  876.423
444.128;  119.608;  265.767;  269.420
444.416;   20.401; -694.228; -312.588
444.704;   36.632; -465.219;  -92.605
444.992;   90.473;   -0.226;  240.407
445.280;   55.684; -517.230;  -94.585
445.568;   50.693; -694.212; -396.618
445.856;  398.466; -174.221;  357.398
446.143;  915.878;  -54.220;   -7.604
446.431;  745.205;  -25.228;  625.411
446.719;  268.751;  489.783;  675.391
447.007;  195.153;  481.769;  705.416
447.295;  195.974;  597.777;  871.402
447.583;  105.567; -464.229;  -34.587
447.870;  190.088; -434.221; -202.601
448.158;  463.208; -104.230;  129.415
448.446;  376.279; -800.219; -338.604
448.733;  201.668;   13.776;  269.403
449.021;  274.293;   60.788;  341.382
449.309;  196.058; -296.210;  208.379
449.596;  236.747;  128.783;   59.392
449.884;  157.281; -571.222; -325.600
450.172;  149.760; -756.227; -406.590
450.459;  428.373;  645.786;  780.387
450.747; 2242.046; -411.218; -147.608
451.034; 7254.331;  493.772;  889.411
451.322; 6069.451; -413.214; -170.614
451.609;  527.119;  292.777;  508.403
451.897;  559.446; -550.203; -183.634
452.184; 1696.524; -622.223; -400.598
452.472; 1670.904;   97.792;  269.375
452.759;  366.255;  512.781;  864.395
453.047;  138.515; -407.212; -125.617
453.334;   85.587; -732.219; -216.606
453.621;   98.678; -438.214; -161.615
453.909;  136.813;   13.796;  384.368
454.196;  119.283; -299.199; -123.641
454.483;  227.559;  317.798;  540.364
454.771;  142.332; -215.208;  196.374
455.058;   42.560; -316.207;  102.374
455.345;  122.063;   71.807;  344.347
455.632;  101.364; -128.207;  235.373
455.919;   48.930;  -82.196;  182.354
456.207;  -49.288; -774.198; -450.642
456.494;  -10.029; -475.200;  -66.639
456.781;   15.554; -399.202; -198.635
457.068;   64.995; -253.206;  -29.628
457.355;   -0.904; -698.206; -401.629
457.642;    0.152; -552.205; -290.630
457.929;    3.504; -778.194; -417.651
458.216;   72.866; -575.212; -354.617
458.503;  243.834; -173.193;  -19.652
458.790;  219.805; -864.208; -630.625
459.077;  276.509;  -77.202;  110.364
459.364;  759.422; -350.195; -210.649
459.651; 1623.243;  -46.206;  220.372
459.938;  779.370; -864.209; -665.623
460.225;  171.987;  132.799;  276.363
460.512;  -34.172; -836.197; -688.645
460.799;  114.544;  -32.218;  320.392
461.086;   75.775; -370.200; -251.640
461.372;   44.238; -509.198; -279.642
461.659;  121.382; -165.196;  108.354
461.946;   80.207; -445.193;  -54.651
462.233;  240.398;  842.800;  888.361
462.519;  361.120; -814.201; -464.639
462.806; 1001.653; -768.197; -497.645
463.093;  872.928; -445.191;  -66.656
463.380;   -5.506; -920.186; -824.664
463.666;   59.430; -259.197;  -18.646
463.953;   90.642; -406.195; -243.648
464.239;  202.717; -173.195;  -77.648
464.526;  415.653;  413.806;  743.350
464.813;  363.290; -565.190; -304.658
465.099;  382.308;  606.807;  607.348
465.386;  341.487;  903.807;  921.348
465.672;   41.653; -694.197; -522.645
465.959;   31.107; -598.188; -520.662
466.245;   23.712; -468.193; -359.652
466.532;  113.690; -109.195;   63.352
466.818;   80.294; -357.186; -216.664
467.104;   16.734; -488.182; -415.672
467.391;  -19.509; -628.189; -459.658
467.677;   41.372; -289.186;    9.335
467.964;   -0.277; -682.189; -471.660
468.250;   72.175; -331.186; -160.665
468.536;   84.343;   90.811;  180.341
468.822;  -19.963; -821.184; -574.668
469.109;  129.589;  351.827;  471.311
469.395;  202.447;  729.808;  787.346
469.681;  193.271;   46.811;  156.341
469.967; 1233.000; -699.188; -382.660
470.254; 2544.233; -494.188; -306.662
470.540; 1678.005; -601.196; -476.646
470.826;  245.395; -488.181; -397.675
471.112;  299.816;  288.816;  113.331
471.398;   81.895; -253.183;  -58.670
471.684;   51.698; -626.177; -447.680
471.970;   -8.876; -918.180; -981.675
472.256;   25.146; -521.192; -441.654
472.542;   39.750; -499.171; -434.691
472.828;   21.905; -743.182; -607.672
473.114;   23.944; -380.166; -283.700
473.400;   23.465; -504.175; -293.684
473.686;   40.275; -452.166; -400.701
473.972;   59.179; -230.174; -131.687
474.258;  -43.535; -925.173; -843.689
474.544;  189.665; -183.178;   -2.679
474.830;  289.591;  -65.175;   45.316
475.116;  461.591; -123.190; -196.658
475.401;  614.551; -558.180; -467.676
475.687;  197.875; -725.180; -718.676
475.973;    9.513; -673.181; -770.673
476.259;  251.744;  736.825;  764.315
476.544;  364.931; -539.176; -437.682
476.830;  762.221; -398.172; -322.690
477.116;  669.905; -430.177; -336.682
477.401;  152.151;  346.820;  358.324
477.687;   -4.885; -289.175; -405.684
477.973;   36.516;   21.819;   28.326
478.258;  -12.280; -448.163; -348.706
478.544;   61.780;   21.815;   61.334
478.829;  -34.319; -818.171; -738.692
479.115;  -44.379; -749.172; -651.690
479.401;   -9.375; -444.174; -449.686
479.686;   41.849; -253.180;  -74.676
479.972;  -26.105; -886.178; -776.680
480.257;   46.170; -258.166;  -65.700
480.542;   -2.190; -614.170; -469.693
480.828;  237.388; 1288.824; 1392.317
481.113;  -47.289; -464.176; -426.683
481.399;    1.794; -236.161; -202.711
481.684;  -48.930; -620.166; -462.700
481.969;   23.508; -158.159;  -73.713
482.255;   -8.055; -439.169; -285.695
482.540;    6.570; -569.178; -441.680
482.825;    4.414; -395.187; -404.663
483.110;   91.074;  -85.169; -105.696
483.396;  173.879; -840.157; -652.718
483.681;  478.404;  543.826;  730.313
483.966;  153.402; -696.160; -700.712
484.251;   11.103; -404.174; -310.687
484.536;   11.005; -356.165; -378.703
484.822;   18.306; -205.173; -218.687
485.107;  -33.883; -599.152; -502.726
485.392;  138.561;  662.836;  541.296
485.677;   79.708;  354.832;  163.302
485.962;  103.602;  160.843;  270.283
486.247;  104.728;  -14.162;   -8.707
486.532;   39.496; -178.166; -325.701
486.817;  160.639;  381.839;  431.291
487.102;  121.100; -453.154; -514.722
487.387;  633.981; -637.156; -652.718
487.672; 1085.741; -154.164;  -38.705
487.957;  694.271; -394.160; -286.711
488.241;  186.559; -290.150; -314.729
488.526;  703.319; -280.152; -148.726
488.811; 1116.222; -881.177; -818.680
489.096;  854.728; -666.154; -702.723
489.381;  479.065;    3.847;  162.275
489.666;  342.544; -428.161; -510.710
489.950;  182.356;  558.846;  627.277
490.235;  -26.046; -480.151; -458.728
490.520;  -28.457; -756.161; -723.710
490.804;  -57.117; -827.156; -736.719
491.089;   -2.650; -469.149; -299.732
491.374;   50.315; -132.164;  -75.704
491.658;   -1.614; -817.147; -717.735
491.943;  184.598; -657.152; -609.727
492.227;  282.296; -178.155;  -38.721
492.512;   65.901; -294.157; -341.717
492.797;  -70.607; -713.149; -716.731
493.081;  -49.186; -588.147; -598.735
493.366;  -40.330; -751.161; -635.711
493.650;  214.542;  831.859;  917.254
493.935;   30.310; -648.147; -447.734
494.219;  -29.496; -778.142; -687.743
494.503;  -38.612; -585.150; -487.730
494.788;   40.868;   46.842;   74.285
495.072;  108.810;  184.850;  434.271
495.356;  175.478; -463.148; -343.733
495.641;  490.945; -812.146; -736.736
495.925;  470.538; -976.156; -903.719
496.209;   55.399; -599.149; -451.732
496.494;  -30.645; -763.142; -544.744
496.778;   11.875; -364.154; -360.722
497.062;  -49.938; -819.156; -627.719
497.346;  -43.402; -869.160; -640.711
497.631;  150.131;  580.852;  560.266
497.915;   72.631;  -64.145;  175.261
498.199;   56.929; -341.157; -277.718
498.483;   42.592; -562.152; -508.725
498.767;  188.711;  301.850;  300.271
499.051;  148.947; -126.149; -100.732
499.335;   14.570; -693.149; -739.731
499.619;  -30.907; -381.129; -423.767
499.903;   21.095; -272.155;  -65.721
500.187;   38.682; -588.153; -316.724
500.471;   21.422; -796.152; -595.727
500.755;  121.043;   62.839;  -96.710
501.039;   25.470; -270.155; -357.721
501.323;  100.868;  -21.141;  264.254
501.607;   45.421; -447.163; -503.706
501.891;   16.531; -607.156; -512.718
502.174;  -23.858; -726.144; -585.741
502.458;   72.426;   89.849;  370.273
502.742;   42.592; -180.138; -191.751
503.026;  101.060; -412.147; -254.734
503.310;  165.057; -437.159; -375.713
503.593;  115.937; -464.147; -325.735
503.877;  122.557; -232.133; -156.760
504.161;  190.210;    2.847;  -50.724
504.444;  161.045; -841.158; -710.716
504.728;  425.389; -487.164; -522.704
505.012;  671.483; -257.150;  -76.729
505.295;  544.669; -417.161; -212.711
505.579;  518.212; -256.156; -496.719
505.862;  694.302; -555.145; -333.738
506.146;  680.334; -681.159; -758.714
506.429;  407.734;  568.841;  461.286
506.713;   66.780; -732.151; -667.728
506.996;  320.025;   90.846;  295.278
507.280;  318.534; -633.165; -474.703
507.563;  217.568; -469.155; -261.721
507.847;   89.683; -423.153; -112.724
508.130;   82.595; -665.161; -456.711
508.413;  104.766; -758.167; -577.700
508.697;  230.216; -151.167;   12.300
508.980;  137.985; -422.153; -312.724
509.263;    6.765; -466.155; -450.720
509.547;   44.558; -124.150;   82.271
509.830;   58.797; -172.160;  140.289
510.113;   87.487;  128.844;  298.281
510.396;   30.940; -530.152; -300.725
510.680;  221.853; -818.145; -812.738
510.963;  779.779;  184.846;  180.277
511.246;  683.666; -493.150; -357.730
511.529;  302.758; -482.145;  -83.739
511.812;  356.804; -250.134;   10.241
512.095;  240.727; -740.151; -396.728
512.378;   77.191; -317.147; -245.736
512.661;   31.475; -703.137; -623.753
512.944;   23.056; -750.142; -637.744
513.227;   88.172; -170.137; -171.752
513.510;   19.867; -479.144; -671.741
513.793;   40.623; -485.140; -435.747
514.076;  142.263;  -43.127;  -39.771
514.359;  113.800; -294.149; -135.732
514.642;   91.734; -442.142; -567.744
514.925;  720.696;  581.860;  561.253
515.208;  917.575; -498.134; -443.758
515.491;  620.064; -276.133; -182.761
515.773;  352.721; -410.143; -337.742
516.056; 1981.256;  249.864;  409.246
516.339; 2705.160; -754.136; -652.755
516.622; 2024.263; -518.150; -488.730
516.904; 1470.053;  882.857;  975.257
517.187;  713.496; -730.138; -523.752
517.470;  430.726; -568.143; -510.743
517.752;  418.588; -624.136; -470.756
518.035;  333.858; -708.139; -725.749
518.318;  352.260; -799.136; -744.755
518.600; 2227.468; -300.132; -325.762
518.883; 3104.283;  310.858;   88.256
519.165; 1550.914; -585.138; -426.751
519.448;  407.367;  -61.132;  -19.762
519.730;  219.971; -573.126; -415.773
520.013;  343.010;  588.867;  664.240
520.295; 1012.306;  -94.134;  -15.759
520.578; 2218.855; -335.131; -305.764
520.860; 2484.443; -254.132;   56.238
521.143; 1278.890; -763.135; -584.756
521.425;  506.484; -251.125; -279.775
521.707;  671.014; -622.127; -380.771
521.990; 1673.914; -199.127;  167.229
522.272; 1911.399; -116.140;   -4.748
522.554;  922.896; -237.143; -157.742
522.836;  423.304;  -24.134;   99.241
523.119;  254.284; -496.148; -189.734
523.401;  162.387; -448.130; -314.766
523.683;   87.475; -865.137; -693.753
523.965;  265.194;  408.862;  260.248
524.247;  280.080;   54.878;  170.220
524.529;  189.931; -451.134; -367.759
524.812;  362.289;   -3.130;  191.234
525.094;  814.618; -773.138; -631.751
525.376; 1258.718; -143.124;   78.223
525.658;  813.082; -441.136; -339.754
525.940;   32.927; -805.131; -671.764
526.222;   55.536; -188.136;  -88.755
526.504;  137.475; -190.131;   32.237
526.786;  226.883; -960.133; -647.760
527.068;  370.923; -124.123;  -67.778
527.349;  159.029; -865.137; -774.754
527.631;  170.042; -137.132;   22.238
527.913;  123.488; -664.127; -450.771
528.195;  156.527; -761.125; -639.774
528.477;  244.001;  -93.134;  -30.758
528.759;  128.064; -648.130; -522.766
529.040;   49.797; -569.123; -293.778
529.322;   49.129; -235.125;  -10.774
529.604;  169.966;  -47.130;   93.233
529.886;  164.620; -546.126; -302.773
530.167;  137.358;  232.870;  192.235
530.449;   58.315;    1.853;   63.265
530.731;   23.829; -572.122; -459.779
531.012;   56.650; -513.120; -216.784
531.294;   68.239; -118.116;  -43.792
531.575;  146.434;  290.875;  538.225
531.857;   47.745; -548.135; -266.757
532.138;   87.942; -113.141;   40.254
532.420;  203.767;  294.865;  403.244
532.701;  237.210; -722.133; -751.760
532.983;  378.238;  232.867;  182.239
533.264;  144.944; -243.126;  175.228
533.546;  -14.964; -491.136; -508.755
533.827;   62.607;  173.867;   -1.759
534.109;   52.995; -352.135;  -80.757
534.390;  113.221; -725.132; -582.762
534.671;  261.566; -270.135;  -82.756
534.953;  149.400; -751.123; -611.779
535.234;   31.999; -426.117; -255.789
535.515;  -71.667; -891.119; -735.785
535.796;  -18.291; -431.128; -193.770
536.078; -116.558;-1050.124; -904.777
536.359;    3.075;  -22.123;    3.221
536.640;   -9.272; -480.125; -197.774
536.921;  169.521;  225.871;  143.232
537.202;  374.515;  -87.138;  -16.751
537.483;  449.480;  251.869;  377.236
537.764;  195.858;   17.870;   98.235
538.045;  -29.025; -543.134; -371.758
538.326;  -39.677; -596.129; -447.768
538.607;    6.940; -686.127; -476.771
538.888;  166.816;   98.879;    5.218
539.169;  186.285; -704.122; -535.781
539.450;  341.745;  236.871;   16.233
539.731;  230.170; -361.121; -182.783
540.012;  143.750;  199.880;  412.216
540.293;   87.362;   82.876;  158.224
540.574;    4.534; -895.113; -717.796
540.855;  472.843;  435.879;  377.218
541.136;  538.458;   47.878;  139.220
541.416;  291.340; -161.130; -220.766
541.697;  190.600; -274.131; -170.763
541.978;  987.294; -270.135; -315.757
542.259; 1255.414; -211.127; -236.771
542.539;  598.682; -191.116; -186.790
542.820;  192.633;  461.875;  480.225
543.101;  131.480;  -52.145;  -77.738
543.381;   45.139; -638.127; -591.771
543.662;  258.362;  159.873; -254.771
543.942;  544.260; -751.127; -830.770
544.223;  973.684;  193.878;  161.219
544.504;  633.717; -275.124; -182.777
544.784;  552.970; -592.126; -408.773
545.065; 1592.586;  104.884; -254.791
545.345; 1869.383;  227.881;   14.215
545.626; 1215.808;  -14.113; -108.796
545.906;  848.432;   77.869;   98.235
546.186;  343.875;   92.874;  -95.773
546.467;  193.770;   99.877;  -95.778
546.747;  312.357;  264.884;  327.210
547.027;  354.141;   91.876;  111.223
547.308;  306.234; -376.127; -530.770
547.588;  394.799;  299.871;  371.232
547.868;  184.434;  458.870;  588.235
548.149;  195.919;  609.885;  593.207
548.429;  106.463; -347.127; -299.771
548.709;  172.574; -645.120; -461.784
548.989;  463.393;   84.882;   88.213
549.269; 2006.591;   10.868;  139.239
549.550; 4519.949;  215.877;  117.222
549.830; 4075.801; -758.111; -556.799
550.110;  819.634; -468.110; -320.801
550.390;  797.704; -128.122;  -56.779
550.670; 1070.254; -868.114; -783.795
550.950;  765.268; -509.121; -471.782
551.230;  179.364;  549.879;  460.218
551.510;  -19.658; -381.121; -326.782
551.790;   31.692; -173.109; -127.803
552.070;  261.570;  940.877; 1181.223
552.350;  376.137; -492.119; -377.786
552.630;  554.812;   -2.121;   77.219
552.909;  350.962;  181.884;   73.209
553.189;  232.372;  -49.132;   33.237
553.469;  185.737; -703.119; -514.786
553.749;  178.316; -469.127; -357.772
554.029;  158.403;   33.883;  -24.790
554.308;  121.648; -154.115;  -37.794
554.588;   70.108; -196.128; -204.770
554.868;   64.019; -366.121;  -47.782
555.147;  133.770; -114.115;  -46.793
555.427;  566.789; -260.116; -250.792
555.707; 3660.818; -284.115; -200.793
555.986; 4388.605; -719.111; -538.800
556.266; 2353.406;   23.884;   72.210
556.546;   99.667; -888.121; -675.782
556.825;  239.952; -657.114; -556.794
557.105; 1676.381; -125.128;   17.230
557.384; 1981.661;  122.884;  187.209
557.664;  751.163; -717.116; -508.792
557.943;   97.043; -557.121; -411.782
558.222;  168.521; -345.118; -344.788
558.502;  270.746; -116.115;  -76.793
558.781;  452.842;  194.885;  499.208
559.061;  371.070; -232.118; -227.788
559.340;  278.200;  302.883;  353.211
559.619;  654.906;   93.884;  148.210
559.899;  949.452; -239.117; -266.789
560.178;  885.971; -778.115; -593.793
560.457; 2977.479; -623.117; -562.790
560.736; 4087.456; -472.111; -482.800
561.015; 2709.854; -500.128; -502.769
561.295;  371.161;  180.893;  215.193
561.574;  330.293;  119.885;  116.207
561.853;  486.721;  274.891;  303.197
562.132;  483.473;  -45.114;  182.206
562.411;  427.087;  396.879;  553.219
562.690;  122.217; -592.115; -458.792
562.969;  163.866;  472.888;  630.203
563.248;  510.685; 2966.878; 2487.219
563.527;  261.255; -290.111; -408.800
563.806;  345.888; -650.127; -521.771
564.085;  381.601; -297.105; -206.810
564.364;  230.680; -594.117; -405.790
564.643;  476.288; -276.121; -223.781
564.922; 1766.115;  221.890;  397.198
565.201; 1749.718; -640.109; -700.803
565.479;  757.940; -297.115; -219.792
565.758;  311.131; -810.128; -712.770
566.037;  474.495; -155.109; -100.803
566.316;  228.261; -286.116;  -28.791
566.595;   53.193;  -17.115;  -12.793
566.873;   87.407; -166.111;  -79.801
567.152;  -64.860; -490.113; -590.797
567.431;    0.307; -113.116;    6.210
567.709;    8.212; -344.107; -212.807
567.988;  245.627; -810.114; -769.794
568.266;  486.993; -160.115;  -68.793
568.545;  358.398; -644.100; -514.819
568.824;  534.715;  160.885;  356.208
569.102;  502.701; -351.114; -235.794
569.381;  212.614; -492.116; -407.792
569.659;  -38.414; -553.113; -553.796
569.938;   34.558; -743.122; -465.780
570.216;   98.097; -225.109; -225.804
570.494;  -46.395; -632.114; -572.795
570.773;   52.266;  202.879;  114.218
571.051;    2.898; -373.123; -357.778
571.330;   61.209; -221.113; -174.796
571.608;   39.616; -181.098; -173.823
571.886;  -65.126; -671.111; -581.799
572.164;  -50.556; -739.121; -621.782
572.443;  -53.320; -562.105; -512.811
572.721;  -34.646; -399.117; -289.790
572.999;  -33.377; -280.117; -168.788
573.277;   75.199;  379.894;  620.191
573.555;  275.676;   94.894;   37.190
573.834; 1252.972;  -86.117; -114.788
574.112; 1485.139;  880.893;  811.193
574.390;  440.781; -143.111;  -96.801
574.668;   -7.384;  -91.112;  -61.797
574.946;  -28.099; -165.106; -187.810
575.224;    9.118;   71.891;  -16.803
575.502;  -32.541; -200.116; -204.791
575.780;  -89.808; -767.112; -829.798
576.058;  183.480; 1589.889; 1004.200
576.336;  -19.564; -210.110; -129.801
576.614;  -55.682; -511.112; -340.798
576.891;   47.822; -711.115; -823.794
577.169;  459.205; -158.108; -285.805
577.447;  544.488;  169.893;  202.193
577.725;  270.597;  629.888;  854.201
578.003;   11.820;  -71.112; -371.798
578.280;   84.464; -208.104; -242.812
578.558;   77.046; -450.115; -422.793
578.836;  136.754; -210.114; -145.795
579.114;   58.741; -630.112; -670.797
579.391;   73.424;   -6.117;  -18.789
579.669;  -76.152; -595.114; -704.794
579.947;  165.435; -326.107; -127.806
580.224;  296.685; -692.107; -524.806
580.502;  281.389;  127.893;   76.193
580.779;   25.405;  -42.117;   75.210
581.057;  -81.128; -584.109; -470.804
581.334;  -89.796; -726.102; -695.815
581.612;   37.127;   54.895;  511.190
581.889;  -21.408;  -83.101; -129.818
582.167;  -31.969; -298.099; -190.821
582.444;  -98.088; -845.102; -814.817
582.721;   78.612;  657.899;  715.183
582.999;   43.279; -326.100; -167.821
583.276;  492.152; -812.123; -713.779
583.553;  662.707; -364.102; -294.816
583.831;  204.261; -607.104; -631.812
584.108;   55.428;  349.892;  174.195
584.385;   -4.122; -122.102;  -98.815
584.662;  -71.067; -651.111; -828.801
584.940;   27.657;  204.889;  204.199
585.217;  -30.164;  -73.113; -303.796
585.494;   34.516;   71.890;  118.198
585.771;  193.523; -250.109; -354.804
586.048;  487.186; -196.113;  -76.796
586.325;  302.385; -721.110; -773.801
586.602;   86.189;  230.896;  213.188
586.879;  -13.750; -499.100; -580.820
587.156;   45.003; -156.105; -331.810
587.433;  -46.040; -701.102; -667.817
587.710;   58.318;  152.888;  234.202
587.987;  288.108; -264.105; -236.811
588.264;  769.995;  315.888;  387.202
588.541; 1310.867;  -61.104;   26.187
588.818; 2545.300;   72.892;  171.196
589.095; 2208.662; -163.104; -174.812
589.371;  360.346; -459.109; -414.804
589.648;    8.439; -581.107; -437.807
589.925;   22.355; -517.114; -621.795
590.202;   11.393; -741.112; -607.798
590.478;   86.585; -166.105;  -73.811
590.755;  242.006; -241.108; -132.806
591.032; 2330.712; -741.110; -699.802
591.308; 3176.206; -732.094; -790.831
591.585; 1671.587; -573.110; -560.802
591.862;  137.186;-1056.102; -950.817
592.138;   47.779; -475.108; -474.805
592.415;  129.040; -486.104; -495.813
592.691; 1399.638;  460.896;  518.188
592.968; 1746.068; -208.098; -123.824
593.244;  882.282; -695.116; -595.790
593.521;   73.186; -105.102;  -42.817
593.797;  -21.470; -810.122; -720.780
594.074;  315.531; -611.096; -588.826
594.350;  645.117;  828.905;  729.172
594.626;  290.133; -303.111; -283.801
594.903;   97.112; -643.101; -645.817
595.179;  182.019;  243.896;  418.187
595.455;    3.965; -136.107; -150.807
595.731;    1.546;  -19.103;  -38.814
596.008;  -28.273; -464.111; -434.800
596.284;   42.127; -187.100; -242.820
596.560;   60.337; -501.093; -493.833
596.836;  186.805; -173.105;  -70.810
597.112;  317.530; -582.108; -437.805
597.388;  275.053;  -49.097;  -48.826
597.665;  104.588;  437.887;  530.203
597.941;  -58.958; -572.089; -658.839
598.217;    4.665; -323.110; -293.802
598.493;  252.525;   61.891; -204.804
598.769;  472.822; -175.100;  -50.819
599.045;  298.783; -490.108; -562.806
599.321;   47.901; -193.100; -261.820
599.597;  125.299; -355.109; -476.804
599.872;  443.042;  409.896;  429.187
600.148;  348.055;  -61.097; -172.826
600.424;  274.812;   91.893;  202.193
600.700;  216.040; -170.107; -280.807
600.976;  101.499; -442.097; -464.825
601.252;  240.246; -226.109; -272.803
601.527;  179.218; -833.104; -840.813
601.803;  143.760; -453.105; -404.812
602.079;  182.022; -124.100; -118.819
602.354;  529.772; -620.092; -531.835
602.630;  768.086; -140.113; -482.796
602.906; 2206.767; -910.101; -863.818
603.181; 6255.612; -627.119; -534.786
603.457; 5337.528;   98.903; -278.826
603.733;  784.820; -605.120; -626.783
604.008;  939.601; -245.106; -164.810
604.284; 2904.713; -636.101; -580.817
604.559; 2526.297;   -3.112;  -42.799
604.835;  459.429; -163.105; -225.810
605.110;  376.507; -732.099; -892.821
605.385;  654.265;  224.907;  267.167
605.661;  608.544; -625.095; -729.829
605.936; 1076.458; -664.108; -737.806
606.211;  947.352;  -17.103; -170.815
606.487;  188.175; -329.114; -376.794
606.762;   17.262; -791.119; -745.786
607.037;  -34.845; -501.105; -433.810
607.313;  -54.462; -589.096; -574.828
607.588;   -2.349; -375.106; -137.810
607.863;   33.967;  -28.101; -143.818
608.138;  164.064;  513.890;  516.198
608.413;   18.761; -576.099; -592.822
608.688;   36.079; -203.108; -267.805
608.964;  181.995; -509.106; -218.809
609.239;  228.927; -107.105; -212.810
609.514;  249.760;  281.895;  240.188
609.789;  628.089; -187.104; -716.812
610.064;  820.261; -435.096; -609.827
610.339;  819.846; -855.109; -799.804
610.614; 1097.102; -131.100; -315.820
610.889;  618.485;  215.895;  107.188
611.163;   36.786; -407.104; -591.812
611.438;   74.676;   81.886; -167.794
611.713;    0.013; -467.101; -499.817
611.988;   49.216; -144.101; -328.818
612.263;  -40.896; -771.102; -717.815
612.538;  201.535;  385.887;  251.204
612.812;  168.753; -832.100; -911.820
613.087;  120.741; -358.098; -338.823
613.362;  -56.760; -497.107; -557.807
613.637;   37.348;  261.897;  138.186
613.911;  -15.452; -256.092; -345.835
614.186;  108.888; -249.107; -292.807
614.460;  617.166; -842.081; -758.854
614.735;  732.090;  -55.087;  -17.843
615.010;  151.405;   43.912;  -82.841
615.284;  240.154;  360.892;  246.195
615.559;  335.722; -792.092; -955.835
615.833;  275.684;  -76.099;  -87.822
616.108;   -1.817; -225.090; -390.837
616.382;  131.691;  274.913;  402.156
616.656;  161.959; -241.090; -232.837
616.931;  463.259; -785.099; -700.822
617.205; 1012.368; -973.104; -979.813
617.480;  882.881;  -91.125;    6.225
617.754;  165.579; -396.125; -128.774
618.028;    7.200; -369.129; -382.768
618.302;   56.402;   73.892;  -25.805
618.577;  -55.450; -371.103; -518.815
618.851;  -60.807; -399.109; -600.803
619.125;  -51.394; -335.134; -378.759
619.399;  -32.131; -244.104; -374.813
619.673;  -37.860; -330.115; -515.792
619.947;  -39.521; -333.114; -448.795
620.222;  -22.591; -198.110; -204.801
620.496;   -2.657;  -47.121;  -96.782
620.770;   11.060; -187.122;  -93.781
621.044;  196.303;  323.895;  346.190
621.318;  703.596; -653.120; -614.783
621.592;  621.144; -430.121; -409.783
621.866;  332.323; -476.112; -572.799
622.140;   31.284; -207.116; -356.791
622.413;   56.277;  138.889;  112.200
622.687;  -52.611; -746.101; -492.817
622.961;    9.927; -130.108; -143.805
623.235;  -69.272; -633.111; -661.800
623.509; -106.616; -816.105; -848.811
623.783;   17.586;  -12.107;   48.193
624.056;  -23.728; -254.120; -280.783
624.330;   63.866;   63.888;   -3.797
624.604;   38.380; -271.116; -355.790
624.877;   61.688;  180.890;   26.198
625.151;   28.099; -249.114; -238.794
625.425;  -30.505; -150.103; -283.814
625.698;  -62.719; -367.119; -374.785
625.972;  -98.285; -799.110; -765.802
626.245;   73.907;  685.884;  484.210
626.519;  -56.924; -426.120; -340.784
626.792;  -44.660; -192.107; -380.807
627.066;  -76.547; -485.122; -662.779
627.339;  -98.989; -736.110; -663.802
627.613;   36.700;  351.880;  148.216
627.886;  -68.658;  187.891; -612.803
628.160;  -14.629;  312.880; -161.783
628.433;  -85.066; -695.125; -703.775
628.706;  -80.349; -517.120; -615.784
628.979;   25.866;  296.876;  117.223
629.253;  -90.664; -785.119; -833.786
629.526;  329.644; -334.126; -253.772
629.799;  295.598; -641.123; -479.778
630.072;  142.376; -497.128; -516.769
630.346;  -73.693;-1115.116;-1080.790
630.619;  421.916; -467.107; -545.808
630.892;  570.528;  709.889;  593.200
631.165;  321.568;  790.896;  679.187
631.438;  -86.105;-1092.112;-1055.798
631.711;   53.026;  453.877;  257.221
631.984;  -57.923; -523.117; -624.789
632.257;  -76.776; -636.117; -681.789
632.530;  -46.568; -412.119; -433.785
632.803;   11.572; -109.115;    7.207
633.076;  -61.055; -360.123; -422.777
633.349;   14.505;  173.872;  121.231
633.622;  -37.345; -187.119; -240.785
633.895; -142.103; -903.120; -823.783
634.167;  -68.179; -496.126; -525.773
634.440;   -9.712;  -19.116; -137.792
634.713;  -13.015;  -22.119; -120.786
634.986;   76.120;  593.871;  453.233
635.258;  -71.880; -507.115; -597.793
635.531;  111.545;  742.882; -343.788
635.804;  -22.524; -303.117; -318.789
636.077;  -97.015; -830.116; -852.791
636.349;   -8.806; -586.115; -474.793
636.622;  390.093; 1695.874; 1392.228
636.894;  213.176; -474.120; -909.784
637.167;  149.212; -836.127; -789.771
637.439;   31.683; -278.128; -213.770
637.712;  -58.730; -312.126; -293.772
637.984;  -97.315; -635.116; -707.791
638.257;  377.520;  515.877;  488.222
638.529;  524.110; -881.125; -924.776
638.802;  226.376; -508.128; -449.769
639.074; -107.766; -927.122; -952.781
639.346; -133.703; -942.135; -930.757
639.619;   -5.543;  -79.142; -319.744
639.891;   -4.872;  -83.122; -168.779
640.163;  -88.795; -689.122; -756.780
640.435;   38.357;  273.878;  103.220
640.708;   19.033;  -72.122; -132.780
640.980;  -32.365; -366.122; -362.781
641.252;  195.887;  -25.121;  -71.781
641.524; 1740.564;  580.879;  573.219
641.796; 1748.466;-1094.121; -907.782
642.068;  318.192; -191.121; -300.782
642.340;  -59.756; -486.121; -566.783
642.613;   24.821;  294.880;  323.217
642.885; -104.502; -787.120; -878.783
643.157;  -47.750; -810.120; -658.784
643.428;   57.577;  170.880;  218.216
643.700;  -69.372; -498.120; -425.784
643.972;  -44.645;  -16.119; -133.785
644.244; -108.918; -474.119; -559.785
644.516;  -44.291; -250.119; -114.786
644.788;   74.336;  662.881;  548.214
645.060;  -15.212;  -12.119; -124.786
645.332; -106.886; -525.118; -535.787
645.603;   38.741;  479.882;  342.213
645.875;  -68.857; -334.118; -369.787
646.147;  154.895; 1487.882; 1242.212
646.418;  -78.828; -931.117; -918.788
646.690;  108.648; -714.117; -715.789
646.962;   30.975; -413.117; -451.789
647.233;   -6.823;   15.883;   11.211
647.505;  -94.421; -595.117; -475.790
647.776;   15.781;  328.884;  229.210
648.048;  -14.542; -248.116; -418.790
648.320;  -68.616; -752.116; -679.791
648.591; -157.389;-1055.116; -958.791
648.862;  -76.337; -505.116; -577.792
649.134;    5.865;  115.885;  198.208
649.405;  -50.483; -661.115; -618.792
649.677;  -59.657; -475.115; -598.793
649.948;    5.670; -181.115; -296.793
650.219;   -8.378;  -37.115; -147.793
650.491;  -76.251; -431.114; -520.794
650.762; -138.299; -705.114; -731.794
651.033;  -83.272; -437.114; -424.795
651.304;  -93.371; -743.114; -728.795
651.576;  -73.219; -680.114; -645.795
651.847;  -41.417; -250.113; -140.796
652.118;  -19.740;  -32.113; -189.796
652.389; -117.388; -639.113; -722.796
652.660;  -28.262; -147.113;  -89.797
652.931; -146.435; -897.112; -871.797
653.202;  -76.608; -382.112; -541.798
653.473;  -74.631; -633.112; -533.798
653.744;  137.896; -595.112; -590.798
654.015;  130.623; -356.112; -303.799
654.286;  -63.751; -642.111; -663.799
654.557;  -54.224; -586.111; -521.799
654.828; -152.547;-1114.111;-1088.800
655.099;  -91.120; -404.111; -291.800
655.370;  -87.793; -427.111; -543.801
655.641; -115.667; -656.110; -714.801
655.911;  -93.190; -618.110; -638.801
656.182;   53.112;  437.890;  387.198
656.453;  116.614;  830.890;  746.198
656.724;  -85.509; -466.110; -426.802
656.994; -101.582; -553.109; -568.803
657.265; -114.306; -862.109; -873.803
657.536;  -85.654; -500.109; -377.804
657.806; -109.577; -561.109; -593.804
658.077; -139.250; -866.109; -950.804
658.347;  -82.898; -523.108; -598.805
658.618; -114.021; -646.108; -694.805
658.888;  -26.120;  -41.108;  112.195
659.159;  -73.793; -432.108; -548.806
659.429;  -20.391; -292.108; -349.806
659.700;   14.961; -435.107; -390.807
659.970;  -17.287; -370.107; -359.807
660.241;   17.764; -754.107; -921.807
660.511;  460.466; -147.107; -174.808
660.781;   85.468; -793.106; -748.808
661.052;  -40.980; -222.106; -381.808
661.322;  -13.678;   21.894;   -9.809
661.592;    0.124;  257.894;  148.191
661.862;  -72.775; -369.106; -382.810
662.133; -108.898; -551.105; -502.810
662.403; -135.871; -770.105; -676.810
662.673;  -65.119; -256.105; -213.811
662.943; -111.542; -612.105; -551.811
663.213;  -21.016;  -85.105;  -81.811
663.483;  -90.439; -593.104; -568.812
663.753;  -54.987; -194.104; -152.812
664.023;  -17.935;   68.896;  -32.813
664.293;  -71.133; -319.104; -126.813
664.563; -113.631; -694.104; -648.813
664.833; -123.705; -743.103; -608.814
665.103; -134.828; -730.103; -793.814
665.373; -116.901; -766.103; -806.814
665.643; -104.999; -863.103; -918.815
665.913;   17.428; -534.103; -714.815
666.182;  111.479; -685.102; -719.816
666.452;  248.931;  -22.102;  -89.816
666.722;  -15.767; -724.102; -784.816
666.992; -131.465; -948.102; -921.817
667.261;  -95.813; -824.102; -808.817
667.531;  199.689;  134.899;   45.183
667.801;  517.540; -440.101; -412.818
668.070;  240.617;  714.899;  697.182
668.340; -114.906; -883.101; -840.819
668.609;   76.196;  588.900;  301.181
668.879;  -86.802; -490.100; -558.819
669.149;  -76.301; -539.100; -516.820
669.418; -103.924; -698.100; -726.820
669.688;  -47.697; -482.100; -666.820
669.957;   54.380; -423.099; -546.821
670.226;  -36.093; -268.099; -331.821
670.496; -101.741; -431.099; -635.822
670.765;  -90.415; -418.099; -501.822
671.034; -135.288; -872.099; -828.822
671.304;  -10.511;   55.902; -111.823
671.573; -160.984;-1085.098; -957.823
671.842;   65.318; -380.098; -294.823
672.112;   12.795; -692.098; -586.824
672.381;  -17.304; -239.098; -214.824
672.650; -149.727;-1005.097;-1021.825
672.919;  -86.725; -631.097; -507.825
673.188; -102.373; -681.097; -878.825
673.457; -163.121;-1101.097;-1143.826
673.726;  -80.920; -579.096; -646.826
673.995;  -57.443; -533.096; -479.826
674.265;  -13.666; -263.096; -333.827
674.534;   -3.214; -183.096; -235.827
674.802;   -2.437; -618.096; -703.828
675.071;  961.140; -886.095; -801.828
675.340; 3670.666; -464.095; -339.828
675.609; 1228.343;  103.905;   82.171
675.878;   58.370; -949.095; -893.829
676.147;   37.572;  -26.095;   -8.829
676.416;   93.549; -210.094; -294.830
676.685;  690.950; 1000.906; -622.830
676.953;  101.552; -603.094; -452.831
677.222;  -33.821; -193.094; -273.831
677.491;  -23.769;  -24.094; -127.831
677.759;  -10.942;   11.907;  172.168
678.028;  -25.790; -279.093; -222.832
678.297;   -6.264;   71.907;  197.168
678.565; -150.837; -898.093; -944.833
678.834;  -55.960; -311.093; -268.833
679.102;  -85.608; -411.092; -391.834
679.371; -137.231; -898.092; -727.834
679.639; -135.480; -797.092; -786.834
679.908; -126.303; -794.092; -724.835
680.176; -166.676; -895.091; -941.835
680.445;  -73.124; -346.091; -352.835
680.713;  -30.422;  -58.091;  -23.836
680.982;  -89.270; -523.091; -525.836
681.250; -109.444; -578.091; -507.837
681.518; -106.692; -534.090; -751.837
681.787;  -30.490; -204.090; -167.837
682.055;  -74.913; -490.090; -422.838
682.323; -148.761; -993.090; -992.838
682.591;   29.516; -216.090; -538.838
682.859;   69.667;    9.911;  -35.839
683.128;   17.869;  232.911;  497.161
683.396; -153.629;-1102.089;-1122.840
683.664;  -44.252; -241.089;   21.160
683.932;    9.225;  144.911;  -76.840
684.200;  -93.149; -576.088; -320.841
684.468;  -16.097;  -73.088; -124.841
684.736;  -39.470; -214.088; -175.841
685.004; -114.143;-1024.088; -982.842
685.272;  -56.391; -880.088; -774.842
685.540;  -63.014; -499.087; -557.843
685.808;  -93.088; -651.087; -682.843
686.076; -111.336; -894.087; -969.843
686.343;  -58.134; -601.087; -815.844
686.611;   27.693; -195.087; -224.844
686.879;  463.020; -530.086; -553.844
687.147; 3136.346; -483.086; -480.845
687.414;  883.048;  -12.086; -169.845
687.682;  -13.550; -658.086; -757.846
687.950;  286.902;  259.915;  263.154
688.217;   -1.896; -792.085; -760.846
688.485;   -7.919; -632.085; -636.847
688.753;  480.307;  -11.085; -102.847
689.020;  126.359; -820.085; -851.847
689.288; -102.114; -853.084; -787.848
689.555;  -33.087; -195.084; -148.848
689.823;  -49.710; -241.084; -345.849
690.090;  -99.834; -546.084; -651.849
690.358; -158.357; -877.084; -897.849
690.625;   10.795;  120.917;   45.150
690.892;  -76.653; -403.083; -369.850
691.160;  -12.501;   72.917;  -35.850
691.427;    4.751;  141.917;  130.149
691.694; -146.198; -855.083; -929.851
691.962; -157.996;-1177.082;-1060.852
692.229;    7.481;  127.918;   56.148
692.496;   74.233;  130.918;  -49.852
692.763;   14.910; -164.082; -201.853
693.031;  -68.614; -739.082; -716.853
693.298;  -37.737; -509.081; -368.853
693.565;  303.440; -155.081; -163.854
693.832; 1184.967;   -5.081;   -9.854
694.099;  128.919; -643.081; -642.855
694.366;  -71.004; -882.081; -896.855
694.633;  -48.028; -920.080; -633.855
694.900;  763.724; 4367.920; -114.856
695.167;  387.026; -214.080; -380.856
695.434;   87.478; -646.080; -623.856
695.701;  207.255;  121.921;  -61.857
695.968;  460.107; -365.079; -361.857
696.234; 1044.108; -415.079; -646.858
696.501;10501.285; -776.079; -614.858
696.768; 5185.562; -554.079; -617.858
697.035;  299.739; -632.078; -667.859
697.302;   21.491; -448.078; -552.859
697.568;   13.842; -458.078; -497.859
697.835;  -36.306; -683.078; -624.860
698.102;  -24.329; -498.078; -407.860
698.368;   85.123;  384.923;  396.139
698.635;  -36.750;  -47.077; -424.861
698.901;  -26.198; -240.077; -348.861
699.168;   53.178; -534.077; -456.862
699.435;   70.530;  -72.077;  -13.862
699.701; -110.318; -868.076; -764.862
699.968;  -55.341;  144.924; -441.863
700.234;  -98.989; -783.076; -822.863
700.500;  -50.788; -448.076; -539.864
700.767;    6.064;   -1.075;   26.136
701.033; -123.309;-1015.075; -963.864
701.299;  -59.882; -450.075; -483.865
701.566;  127.445;  950.925;  763.135
701.832;   19.547;  -31.075;  -76.865
702.098;  -91.802;-1054.074;-1034.866
702.365;  -95.000;-1098.074;-1030.866
702.631;  -29.123;-1038.074;-1063.867
702.897; 1355.404; -765.074; -676.867
703.163; 2186.631;  348.926;  254.133
703.429;  155.257; -256.073; -273.868
703.695;  -40.866; -796.073; -792.868
703.961;   15.261; -214.073; -210.868
704.227;  -39.737; -630.073; -725.869
704.493;  117.890;  613.927;  510.131
704.759;  -38.433; -565.072; -540.870
705.025;   32.243; -203.072; -194.870
705.291;    0.870; -666.072; -562.870
705.557;  192.372;  719.928;   34.129
705.823;   28.524; -742.072; -694.871
706.089;  134.976; -307.071; -326.871
706.355;  372.478; -315.071; -244.872
706.620; 5866.054; -776.071; -729.872
706.886; 7898.281; -309.071; -362.873
707.152;  714.358; -818.070; -973.873
707.418;  -20.065;-1153.070;-1186.873
707.683;   -3.288; -550.070; -530.874
707.949;  -42.312; -547.070; -578.874
708.215;    1.515; -129.070; -207.874
708.480;  -27.258; -520.069; -420.875
708.746;   89.619;   68.931;   28.125
709.011;  -65.604; -578.069; -612.876
709.277;  -74.152; -538.069; -543.876
709.542;  -50.601; -428.069; -387.876
709.808;    3.151;  -59.068;   89.123
710.073;  -91.272; -577.068; -695.877
710.339;  -32.470; -242.068; -228.877
710.604;   75.182; -780.068; -845.878
710.869;  311.058; -277.068; -366.878
711.135;  -61.740; -715.067; -628.879
711.400; -102.463; -507.067; -608.879
711.665;  -63.536; -404.067; -479.879
711.931;  -98.209; -661.067; -677.880
712.196; -107.457; -876.067; -954.880
712.461;   92.819; -402.066; -490.880
712.726;  141.946; -727.066; -771.881
712.991;  -85.427; -647.066; -664.881
713.256;  -48.425; -350.066; -332.882
713.521;  -57.973; -417.065; -381.882
713.787;  -61.222; -454.065; -472.882
714.052;  -13.620; -214.065; -400.883
714.317;  -88.668;-1045.065; -981.883
714.581; 1102.034; -374.065; -268.883
714.846; 1410.486; -822.064; -888.884
715.111;  137.063;  261.936;  257.116
715.376;  -23.011;  -86.064; -223.885
715.641;  -19.184; -365.064; -367.885
715.906;  283.643;   15.936; -551.885
716.171;  130.145;  221.937;  209.114
716.436;   29.297;  -78.063; -104.886
716.700; -114.752; -818.063; -692.886
716.965; -134.800; -794.063; -807.887
717.230;  -69.673; -339.063; -392.887
717.494;  -26.821;  -40.062; -134.888
717.759;  -99.444; -784.062; -640.888
718.024;    2.683;  269.938;  250.112
718.288;   58.434;  685.938;  395.111
718.553; -144.364; -803.062; -977.889
718.817; -140.037; -883.061; -899.889
719.082;  -27.910; -115.061; -125.890
719.346; -146.033;-1000.061; -947.890
719.611;  -40.906; -300.061; -255.891
719.875; -100.655; -568.060; -537.891
720.140;  -66.003; -453.060; -603.891
720.404;   29.949; -136.060; -249.892
720.668;  801.401; -475.060; -411.892
720.933;  273.528;  146.940;  137.108
721.197; -105.096; -667.059; -600.893
721.461; -150.469; -851.059; -826.893
721.725;  -22.567;  -21.059; -250.894
721.990;  -49.540; -284.059; -204.894
722.254;  -21.113;  -26.059; -108.894
722.518;  -73.286; -286.058; -442.895
722.782;  -88.935; -743.058; -594.895
723.046;  114.292;  614.942;  570.105
723.310;   19.794;  374.942;  210.104
723.574;  -99.029; -654.058; -614.896
723.838; -109.877; -576.057; -642.897
724.102;  -32.176; -226.057; -239.897
724.366; -141.749;-1032.057; -978.897
724.630; -106.297; -749.057; -571.898
724.894;  -85.620; -722.057; -514.898
725.158;  -16.293;   38.944; -295.898
725.422;  -70.991; -394.056; -327.899
725.685;  -66.315; -441.056; -349.899
725.949;  -87.188; -566.056; -519.900
726.213;  -81.761; -732.056; -811.900
726.477;  148.141;-1020.055; -933.900
726.740;  129.068; -274.055; -104.901
727.004;  349.994; -384.055; -510.901
727.268; 3434.771; -442.055; -400.901
727.531;  893.598; -961.055; -775.902
727.795;  -51.850; -713.054; -673.902
728.059;  -71.998; -552.054; -557.903
728.322;  -85.871; -841.054; -669.903
728.586;    4.755; -692.054; -701.903
728.849;  -85.493; -695.053; -756.904
729.112; -119.066; -812.053; -912.904
729.376; -124.289; -959.053; -905.904
729.639;  -74.062; -536.053; -536.905
729.903; -115.411; -733.053; -699.905
730.166;  -49.659; -437.052; -399.906
730.429;  -33.207; -317.052; -468.906
730.693;  -70.180; -355.052; -894.906
730.956;  214.672;  810.948;  651.093
731.219;  672.024; -310.052; -103.907
731.482;  109.925;-1003.051; -894.907
731.745;   83.977; -794.051; -935.908
732.009;   23.754;  -30.051;   50.092
732.272; -106.569; -904.051; -771.909
732.535;  -54.117; -300.051; -310.909
732.798; -155.265;-1083.050;-1166.909
733.061;  -72.889; -430.050; -456.910
733.324;    4.763;   31.950; -180.910
733.587;   53.940;  290.950;  365.090
733.850;  -83.783; -973.049;-1050.911
734.113;   32.419;   33.951;   32.089
734.376;   -9.555; -328.049; -447.912
734.639;  218.897; 1188.951; 1011.088
734.901;   57.699; -180.049; -402.912
735.164;  503.701; -883.048; -837.913
735.427; 1234.228; -166.048; -355.913
735.690;  116.655; -205.048; -234.913
735.952;  -33.769; -923.048; -925.914
736.215;  -43.392;-1113.048;-1009.914
736.478;   46.385; -771.047; -774.915
736.740;  215.887;   33.953;  129.085
737.003;  690.089; -658.047; -672.915
737.266; 3878.215;  -94.047;   46.084
737.528;  419.767; -682.047; -660.916
737.791;  320.494; -316.046; -327.916
738.053;  845.621;  465.954;  649.083
738.316;11306.073; -162.046; -136.917
738.578; 7443.300; -770.046; -736.918
738.841;  435.451; -382.046; -446.918
739.103;  170.053; -875.045; -777.918
739.365;  486.730;   79.955;  -69.919
739.628;   -2.318; -884.045; -805.919
739.890;  -27.666; -758.045; -710.919
740.152;  -50.265; -692.044; -754.920
740.414;  -13.738; -408.044; -359.920
740.677;  -54.236; -785.044; -634.921
740.939;  -55.109; -587.044; -487.921
741.201;  256.168; -432.044; -572.921
741.463;   31.845; -689.043; -745.922
741.725;    5.821;  -21.043; -199.922
741.987;   52.023;  220.957;  116.078
742.249;   -5.125; -751.043; -859.923
742.511;  200.002; -703.043; -794.923
742.773;    1.329; -546.042; -546.924
743.035;  130.081;  796.958;  533.076
743.297;  -49.368; -963.042;-1013.924
743.559;  718.259; -278.042; -262.925
743.821;   27.761; -735.042; -744.925
744.083;   -0.587;  -44.041; -149.925
744.345;  -97.185; -869.041; -892.926
744.607;   34.241;   75.959;  122.074
744.868;  -69.107; -490.041; -554.927
745.130; -113.805; -994.041;-1008.927
745.392;   35.047;   -1.040;  -44.927
745.653;  -18.001; -411.040; -378.928
745.915;  156.026;  896.960;  631.072
746.177;   48.602;   35.960;  -43.928
746.438;   -3.946; -428.040; -543.929
746.700;  -56.319; -947.039; -988.929
746.961;   19.433; -659.039; -740.930
747.223;  139.160; -190.039;  -74.930
747.484;   78.861; -391.039; -471.930
747.746;  136.888;  -23.038; -106.931
748.007;  111.265; -647.038; -689.931
748.269;  281.667; -468.038; -440.931
748.530;  462.744; -852.038; -638.932
748.791;  249.796; -354.038; -420.932
749.053;  428.122;  286.963;  163.067
749.314;  430.374; -236.037; -169.933
749.575;  470.926; -945.037; -905.933
749.836;  824.078; -217.037;   86.066
750.098; 2550.805;  -60.037;  -21.934
750.359;36435.831;  414.964;  555.066
750.620; 8734.133; -121.036; -220.935
750.881; 1036.735; -585.036; -513.935
751.142; 1349.712; -950.036; -938.936
751.403;17171.264; -789.036; -705.936
751.664; 7043.241;-1034.035; -999.936
751.925;  489.517; -175.035; -262.937
752.186;  289.869; -298.035; -278.937
752.447;  109.371; -590.035; -445.937
752.708;   28.798; -532.035; -648.938
752.969;  -12.475; -566.034; -576.938
753.230;   -5.949; -777.034; -672.939
753.491;  -13.522; -650.034; -631.939
753.751;   53.130;  109.966;   19.061
754.012;   96.132;  258.967;  181.060
754.273;   55.684; -174.033;  -71.940
754.534;    4.061; -487.033; -580.940
754.794;  -85.113; -926.033; -911.941
755.055;  145.564; 1051.967;  881.059
755.316;  -57.034; -700.032; -566.942
755.576;  -33.407; -606.032; -576.942
755.837;  -55.030; -527.032; -695.942
756.097;  -56.603; -530.032; -564.943
756.358;  -82.652; -725.032; -770.943
756.618;  -55.775; -705.031; -641.943
756.879;   -7.973; -254.031; -349.944
757.139; -128.621;-1098.031;-1116.944
757.400;  -48.344; -538.031; -553.945
757.660;  -21.293; -365.031; -401.945
757.920;    2.609; -266.030; -228.945
758.181;  -21.164; -468.030; -351.946
758.441; -104.462; -870.030; -809.946
758.701;  -44.335; -308.030; -215.946
758.961;  -21.208; -220.030; -278.947
759.222;  -45.557; -574.029; -502.947
759.482;  -90.830; -683.029; -723.948
759.742;  -96.153; -706.029; -547.948
760.002;   -7.276;  -83.029; -143.948
760.262;   15.651;   50.972;  182.051
760.522;  -40.323; -498.028; -574.949
760.782;  -62.146; -738.028; -612.949
761.042;  -37.319; -618.028; -573.950
761.302;   41.183;   55.972;  -18.950
761.562;   44.585; -164.027; -154.951
761.822;   74.562; -710.027; -551.951
762.082;  -44.662;-1104.027;-1093.951
762.342;   73.790; -328.027; -403.952
762.601;   88.267; -567.027; -506.952
762.861;  345.719; -281.026; -207.952
763.121;  419.571; -406.026; -411.953
763.381; 7665.422; -499.026; -485.953
763.640; 7906.274; -139.026; -307.954
763.900;  347.226; -242.026; -203.954
764.160;   75.128; -458.025; -491.954
764.419;  -36.045; -726.025; -782.955
764.679;  -82.643; -795.025; -726.955
764.939;   -7.342; -124.025; -210.955
765.198;  -80.540; -608.025; -563.956
765.458;  -85.688; -710.024; -612.956
765.717;  -80.311; -454.024; -590.957
765.976;  -60.659; -428.024; -411.957
766.236;  -76.207; -475.024; -610.957
766.495;   25.644;  260.977;   73.042
766.755; -107.504;-1090.023; -987.958
767.014;   -8.427; -594.023; -665.958
767.273;  -40.750; -373.023; -397.959
767.533;  -48.298; -228.023; -307.959
767.792;  -19.072; -151.022; -188.960
768.051;  -58.920; -228.022; -276.960
768.310;  -85.418; -546.022; -650.960
768.569;  -19.191; -161.022;    4.039
768.828;  -34.639; -285.022; -363.961
769.088; -125.212;-1050.021; -942.961
769.347;  -83.761; -755.021; -599.962
769.606;  -96.309; -876.021; -857.962
769.865; -114.957;-1016.021;-1033.963
770.124;  -12.930; -411.021; -336.963
770.383;  -48.028; -778.020; -910.963
770.641;   -7.177; -398.020; -400.964
770.900;  -62.450; -953.020; -846.964
771.159;  -33.148; -851.020; -951.964
771.418;   -1.571; -917.020; -779.965
771.677;  124.981; -224.019; -293.965
771.936;  133.683; -794.019; -865.966
772.194; 2498.059; -465.019; -437.966
772.453;11201.961; -213.019; -391.966
772.712;  757.238;  416.982;  329.033
772.970;  118.615;   32.982;   63.033
773.229;   72.967;  -22.018;  102.033
773.488;  -93.232; -814.018; -770.968
773.746;   69.045;  296.982;  335.032
774.005;    1.197;  190.983;  -22.969
774.263;   12.749;  243.983;  177.031
774.522; -102.149; -422.017; -548.969
774.780;  -86.222; -484.017; -417.970
775.039; -104.446; -551.017; -531.970
775.297;  -27.794; -135.016; -351.970
775.555;  -98.417; -489.016; -612.971
775.814; -130.090; -618.016; -570.971
776.072; -129.588; -749.016; -740.971
776.330; -103.237; -630.016; -520.972
776.589; -124.835; -703.015; -721.972
776.847; -137.783; -645.015; -624.973
777.105; -174.706;-1016.015;-1032.973
777.363;  -69.329; -459.015; -454.973
777.621; -144.977; -660.015; -717.974
777.879;  -12.076;  -42.014;   32.026
778.138;  -90.824; -554.014; -717.974
778.396; -112.497; -585.014; -526.975
778.654; -178.945;-1015.014; -970.975
778.912;  -79.793; -269.014; -371.976
779.170; -140.716; -880.013; -803.976
779.427; -156.365; -922.013; -897.976
779.685; -152.463; -880.013; -832.977
779.943;  -93.861; -654.013; -593.977
780.201; -162.434; -964.012; -883.978
780.459; -109.507; -651.012; -610.978
780.717;  -79.831; -440.012; -390.978
780.974; -113.279; -449.012; -490.979
781.232;  -68.127; -358.012; -338.979
781.490;  -93.675; -551.011; -472.979
781.747;  -95.773; -555.011; -476.980
782.005;   15.504;  462.989;  254.020
782.263; -172.970; -542.011;-1004.981
782.520;  -90.068; -326.011; -501.981
782.778; -164.141;-1013.010;-1051.981
783.035; -175.464; -962.010; -938.982
783.293;  -74.712; -248.010; -206.982
783.550;  -72.436; -134.010; -198.982
783.808; -142.559; -764.010; -776.983
784.065; -155.032; -745.009; -874.983
784.322;  -38.730;   25.991;  -86.984
784.580; -145.478; -915.009; -771.984
784.837;  -93.526; -392.009; -466.984
785.094; -130.075; -783.009; -762.985
785.352;  -84.773; -304.008; -404.985
785.609; -116.346; -934.008; -839.985
785.866;  -84.169; -345.008; -401.986
786.123;  -96.942; -639.008; -583.986
786.380; -110.216; -665.008; -604.987
786.637;  -46.489; -225.007; -380.987
786.895;  -27.062; -456.007; -543.987
787.152;  -54.785; -135.007; -267.988
787.409;  -59.333; -123.007; -225.988
787.666;  -95.356; -299.006; -378.988
787.923; -113.530; -616.006; -695.989
788.179; -110.378; -551.006; -584.989
788.436; -112.176; -585.006; -585.990
788.693;  -18.174;  -92.006;  -87.990
788.950;  154.428; -125.005; -112.990
789.207;  181.529; -381.005; -372.991
789.464;  -61.769; -161.005; -301.991
789.720;  -11.042;  150.995;  110.009
789.977; -177.865;-1003.005; -671.992
790.234;  -32.888;   44.996;  -66.992
790.490; -146.811; -884.004;-1031.993
790.747;  -15.110;  -85.004;   22.007
791.004;  -30.358; -426.004; -348.993
791.260;  -80.131; -430.004; -560.994
791.517;  -95.254; -843.003; -788.994
791.773;  -54.927; -379.003; -342.994
792.030; -117.925; -596.003; -660.995
792.286; -109.024; -686.003; -636.995
792.543;  -19.772;  -74.002; -159.995
792.799;  -63.520; -584.002; -382.996
793.055; -159.543;-1179.002;-1210.996
793.312;  -96.141; -827.002; -816.997
793.568;  -61.540; -746.002; -599.997
793.824;   15.012; -226.001; -284.997
794.081;   13.139; -447.001; -508.998
794.337;   46.466; -664.001; -561.998
794.593; 1421.818; -319.001; -271.999
794.849; 6411.570; -746.001; -772.999
795.105;  293.871; -270.000; -261.999
795.361;   17.398; -490.000; -457.000
795.617;  -77.275; -875.000; -945.000
795.873;  -51.050; -360.000; -407.000
796.129;  -49.450; -368.000; -306.000
796.385;  -17.775; -124.000; -156.000
796.641;   57.750;  412.000;  550.000
796.897;  -92.850; -666.000; -635.000
797.153;   71.775;  453.000;  357.000
797.409; -107.850; -785.000; -868.000
797.665;  -71.275; -625.000; -732.000
797.921;  -86.850; -775.000; -762.000
798.176;  -51.925; -744.000; -747.000
798.432;  -61.225; -824.000; -596.000
798.688;  -92.650;-1174.000;-1078.000
798.943;   89.250; -165.000; -147.000
799.199;    2.600;-1005.000; -959.000
799.455;  231.225;  369.000;  316.000
799.710;  122.400; -813.000; -380.000
799.966;  295.125; -162.000; -160.000
800.221;  483.325; -638.000; -721.000
800.477;11161.800; -743.000; -710.000
800.732; 8959.475; -773.000; -800.000
800.988;  639.050;  205.000;  -19.000
801.243; 2028.575; -454.000; -344.000
801.498; 8090.100; -814.000; -739.000
801.754;  440.775; -289.000; -163.000
802.009;   79.475; -257.000; -335.000
802.264;  -60.825; -967.000;-1033.000
802.520;    7.425;  222.000;   -3.000
802.775;  -58.825; -524.000; -359.000
803.030;   58.875;  395.000;  356.000
803.285; -116.100; -840.000; -903.000
803.540;  -63.700; -686.000; -699.000
803.795;  -56.600; -648.000; -583.000
804.051;  -38.325; -279.000; -346.000
804.306;   23.425;  168.000;  128.000
804.561;  140.750;  451.000;  362.000
804.816;  135.900;  714.000;  861.000
805.071;   10.000; -185.000; -280.000
805.325;  207.075; -257.000; -427.000
805.580; -116.300; -841.000; -877.000
805.835;  -22.925; -204.000; -297.000
806.090;  -92.625; -760.000; -676.000
806.345;  -16.575; -344.000; -264.000
806.600;  -31.900; -549.000; -632.000
806.854;  -25.150; -408.000; -538.000
807.109;  -13.700; -493.000; -577.000
807.364;   -1.250; -407.000; -328.000
807.618;    0.225; -415.000; -381.000
807.873;   45.200; -470.000; -494.000
808.128;   83.275; -257.000; -518.000
808.382;   93.925; -224.000; -332.000
808.637;   52.275; -440.000; -511.000
808.891;  155.950; -257.000; -180.000
809.146;   91.500; -902.000; -794.000
809.400;  248.150; -848.000; -923.000
809.654;  321.200; -779.000; -551.000
809.909;  484.100; -841.000; -927.000
810.163; 6894.925; -813.000; -651.000
810.418;16300.250; -940.000; -861.000
810.672;  978.600; -685.000; -690.000
810.926;  710.250; -993.000; -973.000
811.180; 1462.875; -439.000; -372.000
811.434;33199.400;  240.000;  135.000
811.689;11988.325; -231.000; -365.000
811.943;  589.000; -936.000; -953.000
812.197;  307.300; -893.000; -671.000
812.451;  120.950; -379.000; -514.000
812.705;  -15.600; -809.000; -619.000
812.959;   -7.025; -263.000; -388.000
813.213;   -8.600; -283.000; -209.000
813.467;   61.425;  470.000;  253.000
813.721; -107.250; -764.000; -792.000
813.975; -118.475; -826.000; -877.000
814.229;   44.600;  430.000;  353.000
814.482;  -83.100; -517.000; -566.000
814.736; -119.950; -766.000; -744.000
814.990; -141.100; -779.000; -872.000
815.244;  -53.975; -228.000; -285.000
815.497; -102.575; -636.000; -601.000
815.751;  -27.450; -141.000;   82.000
816.005;  -84.125; -470.000; -586.000
816.258;  -72.825; -510.000; -363.000
816.512; -113.650; -693.000; -610.000
816.766;    5.900;  121.000;  157.000
817.019;   13.125;  148.000;  149.000
817.273; -122.250;-1000.000; -802.000
817.526;  -45.650; -206.000; -173.000
817.779;  -55.775;-1049.000; -960.000
818.033;  -84.850; -693.000; -807.000
818.286; -138.025; -725.000; -792.000
818.540;  -82.400; -403.000; -403.000
818.793;  -76.625; -402.000; -489.000
819.046; -109.100; -582.000; -520.000
819.299;  -47.950; -157.000; -166.000
819.553; -142.350; -552.000; -592.000
819.806; -174.250;-1016.000; -838.000
820.059;  -65.625; -334.000; -354.000
820.312;    4.600;  152.000;  185.000
820.565;  -12.025;  110.000;  -27.000
820.818;  -57.950;  -59.000; -173.000
821.071; -176.650;-1041.000; -957.000
821.324; -112.325; -536.000; -540.000
821.577; -103.125; -457.000; -483.000
821.830;  -77.075; -270.000; -172.000
822.083; -137.975; -733.000; -288.000
822.336;  -51.500; -261.000; -167.000
822.589; -142.075; -805.000; -688.000
822.842; -142.575; -875.000; -770.000
823.094; -183.375;-1076.000;-1114.000
823.347; -136.825; -925.000; -729.000
823.600;   28.125;  402.000;  187.000
823.853;  -55.500; -311.000; -267.000
824.105;  -73.700; -331.000; -575.000
824.358; -116.900; -617.000; -716.000
824.611;   18.800;  234.000;   40.000
824.863;  -61.275; -612.000; -591.000
825.116;   47.500;  -33.000;   27.000
825.368;   79.575; -366.000; -372.000
825.621;  144.600; -186.000; -240.000
825.873;   72.275; -704.000; -737.000
826.126;  626.900; -669.000; -641.000
826.378;11934.700; -389.000; -505.000
826.630; 2594.825; -890.000; -898.000
826.883;   24.525; -754.000; -693.000
827.135;   29.650; -279.000; -270.000
827.387; -114.600; -893.000; -839.000
827.639;  -17.425;  -86.000;   32.000
827.892; -125.000; -742.000; -582.000
828.144; -146.175; -848.000; -804.000
828.396;  -34.075;  104.000;  -80.000
828.648;  -99.350; -440.000; -333.000
828.900; -162.275; -702.000; -795.000
829.152; -118.175; -684.000; -683.000
829.404;  -75.450; -215.000; -267.000
829.656;  -49.750;  321.000;  214.000
829.908;  -29.400;  393.000;  229.000
830.160; -166.325;-1064.000;-1047.000
830.412;  -93.450; -481.000; -430.000
830.664; -125.625; -557.000; -665.000
830.916;  -81.250; -268.000; -206.000
831.167; -191.150;-1073.000; -951.000
831.419; -123.200; -623.000; -566.000
831.671; -155.550; -764.000; -809.000
831.923;  -95.325; -311.000; -447.000
832.174;  -93.525; -273.000; -331.000
832.426; -128.800; -493.000; -582.000
832.678; -205.525;-1043.000;-1091.000
832.929; -191.400; -947.000; -935.000
833.181;  -75.725; -575.000; -677.000
833.432;  -55.425;  -59.000; -186.000
833.684;  -21.200;  112.000;  -27.000
833.935; -131.925; -610.000; -566.000
834.187; -151.825; -829.000; -823.000
834.438;  -57.375;  -58.000;  -25.000
834.689;  -61.525; -255.000; -123.000
834.941;  -69.375; -343.000; -244.000
835.192; -105.050; -590.000; -533.000
835.443;  -97.300; -419.000; -506.000
835.695;  -24.250;  138.000;  -16.000
835.946; -103.725; -608.000; -378.000
836.197; -104.800; -599.000; -622.000
836.448;  -93.400; -528.000; -395.000
836.699;  -58.875; -253.000; -341.000
836.950;   -6.100;   72.000;    7.000
837.201; -157.625;-1003.000; -987.000
837.452;  -45.350; -356.000; -170.000
837.703; -122.100; -791.000; -737.000
837.954;  -50.375; -205.000; -365.000
838.205;  -78.825;-1029.000;-1008.000
838.456;  153.100; -196.000; -282.000
838.707;    3.750; -423.000; -519.000
838.958;   11.475; -634.000; -647.000
839.209;  266.975;   18.000;   40.000
839.460;  104.175; -439.000; -201.000
839.710;  159.675; -135.000; -297.000
839.961;  414.300;  730.000;  612.000
840.212;  326.825; -382.000; -497.000
840.462; 1174.625; -328.000; -277.000
840.713;18572.750; -571.000; -536.000
840.964; 6751.950;  -62.000; -143.000
841.214;  473.700; -384.000; -624.000
841.465;  549.000; -214.000; -141.000
841.715;  490.925; -417.000; -380.000
841.966;  624.775; -746.000; -685.000
842.216; 9432.675; -330.000; -431.000
842.466;32623.575; -169.000; -313.000
842.717; 1610.250; -964.000; -952.000
842.967;  306.300; -635.000; -641.000
843.217;  234.825;   20.000;   28.000
843.468;   65.475; -104.000; -132.000
843.718;  -46.050; -718.000; -726.000
843.968;  -91.825; -837.000; -765.000
844.218;   17.200; -315.000; -262.000
844.469;  -51.375; -577.000; -561.000
844.719; -112.700; -537.000; -682.000
844.969;  -99.250; -550.000; -580.000
845.219; -154.725; -814.000; -862.000
845.469;  -82.950; -392.000; -342.000
845.719; -154.075; -792.000; -884.000
845.969;  -11.525;  119.000;  174.000
846.219; -126.825; -738.000; -720.000
846.469;   25.800;  464.000;  432.000
846.718;  -49.250; -115.000;   31.000
846.968; -156.225; -827.000; -827.000
847.218;  -53.800; -224.000; -371.000
847.468;  -12.050; -586.000; -555.000
847.718; -149.850; -827.000; -798.000
847.967; -138.575; -826.000; -915.000
848.217;  -78.900; -449.000; -569.000
848.467;  -80.050; -405.000; -376.000
848.716; -115.525; -708.000; -725.000
848.966;   -9.900; -372.000; -358.000
849.215;  -73.125; -428.000; -419.000
849.465; -109.425; -785.000; -615.000
849.714; -135.550;-1132.000;-1150.000
849.964;  -78.550; -551.000; -613.000
850.213;  -40.850; -393.000; -355.000
850.463;   59.775;  137.000;  340.000
850.712;   -4.075; -542.000; -567.000
850.961;   20.075; -739.000; -678.000
851.211;  106.050; -513.000; -504.000
851.460;  148.175; -635.000; -650.000
851.709;  589.350;  -25.000;   18.000
851.958;10983.900; -912.000; -750.000
852.208;12150.050; -859.000; -879.000
852.457;  443.975; -181.000;  -13.000
852.706;   63.175; -791.000; -823.000
852.955;    5.925; -507.000; -528.000
853.204;  -76.950; -521.000; -461.000
853.453;  -88.750; -418.000; -458.000
853.702; -132.925; -660.000; -750.000
853.951; -113.875; -532.000; -520.000
854.200; -117.025; -613.000; -562.000
854.449; -138.225; -695.000; -661.000
854.698;  -95.350; -340.000; -279.000
854.946;  -76.575; -181.000; -284.000
855.195; -159.025; -843.000; -868.000
855.444;  -96.400; -395.000; -420.000
855.693; -125.750; -345.000; -432.000
855.941;  -95.500; -387.000; -516.000
856.190;  -65.700; -256.000; -382.000
856.439; -135.100; -652.000; -703.000
856.687;  -70.250;  -99.000;  -72.000
856.936; -139.075; -621.000; -323.000
857.184; -180.700;-1067.000;-1020.000
857.433; -111.125; -423.000; -512.000
857.681; -169.150; -989.000; -953.000
857.930;  -81.000; -282.000; -433.000
858.178; -182.200; -856.000; -929.000
858.427; -168.650; -802.000; -781.000
858.675; -131.850; -377.000; -544.000
858.923; -109.800; -527.000; -819.000
859.172; -192.975;-1094.000;-1070.000
859.420;  -93.300; -339.000; -239.000
859.668; -143.600; -624.000; -628.000
859.916;  -27.425;  109.000;  115.000
860.164; -129.850; -699.000; -603.000
860.413;  267.675; -878.000; -696.000
860.661;  166.525; -709.000; -577.000
860.909;  -92.375; -339.000; -325.000
861.157; -100.550; -277.000; -444.000
861.405; -134.300; -534.000; -670.000
861.653;    2.575;  310.000;  310.000
861.901;  172.875; -543.000; -613.000
862.149;  -22.325; -801.000; -824.000
862.396;  -85.300; -297.000; -187.000
862.644; -104.925; -368.000; -347.000
862.892;  -55.850;   98.000;  138.000
863.140; -125.450; -549.000; -530.000
863.388; -167.375; -815.000; -759.000
863.635; -120.200; -642.000; -601.000
863.883;  -11.675;  231.000;  190.000
864.131; -106.425; -288.000; -357.000
864.378; -140.575; -675.000; -540.000
864.626; -113.300; -347.000; -415.000
864.873; -137.425; -556.000; -505.000
865.121; -151.225; -714.000; -799.000
865.368;  -54.225; -173.000;   75.000
865.616;  -50.175;  -33.000;  -40.000
865.863;  -78.550; -462.000; -506.000
866.111; -108.325; -795.000; -824.000
866.358;   46.500; -426.000; -420.000
866.605; 2560.550;  -64.000; -804.000
866.853; 2333.850; -621.000; -537.000
867.100;  -51.425; -728.000; -775.000
867.347; -113.500; -672.000; -611.000
867.594;  -88.450; -740.000; -714.000
867.841;   85.950;   97.000;   17.000
868.089; -167.275; -746.000; -698.000
868.336; -122.450; -477.000; -420.000
868.583; -155.375; -637.000; -741.000
868.830;  -72.725; -131.000; -170.000
869.077; -170.925; -859.000; -787.000
869.324; -142.300; -502.000; -458.000
869.571; -135.075; -398.000; -430.000
869.818; -120.450; -485.000; -439.000
870.065; -111.300; -439.000; -513.000
870.311; -124.125; -456.000; -542.000
870.558; -105.525; -332.000; -311.000
870.805;  -91.350; -320.000; -384.000
871.052; -105.225; -494.000; -369.000
871.298;  -66.800; -204.000; -131.000
871.545;  -68.675; -151.000; -185.000
871.792;  -98.500; -173.000; -222.000
872.038;  -59.425;   43.000; -126.000
872.285; -125.400; -496.000; -387.000
872.532; -105.150; -357.000; -387.000
872.778;    8.225;  556.000;  403.000
873.025;  -98.875; -384.000; -359.000
873.271;   12.000;  501.000;  578.000
873.517;  -33.450; -133.000; -209.000
873.764;  -51.725; -193.000;  -80.000
874.010;  -65.350; -143.000; -230.000
874.257;  -54.775;  123.000;   90.000
874.503; -143.350; -579.000; -479.000
874.749;  -74.450;   31.000;  275.000
874.995;  -67.025;  -80.000;  -20.000
875.242; -128.750; -540.000; -478.000
875.488; -110.025; -414.000; -439.000
875.734;  -77.625; -106.000; -234.000
875.980;  168.450; -872.000;-1032.000
876.226;  299.025; -157.000; -255.000
876.472;  -20.575;  343.000;  237.000
876.718;  -51.500;  184.000;  158.000
876.964;  -50.250;   56.000;   55.000
877.210; -169.550; -547.000; -677.000
877.456; -139.650; -630.000; -557.000
877.702; -175.650; -821.000; -832.000
877.948; -118.875; -377.000; -497.000
878.193;  -12.025;  361.000;  255.000
878.439;  -94.250; -487.000; -472.000
878.685;  -97.375; -272.000; -343.000
878.931; -139.900; -618.000; -676.000
879.176;  -81.475; -201.000; -201.000
879.422; -187.025; -933.000; -820.000
879.668;   69.750;   10.000;   79.000
879.913;  109.450;   53.000;  137.000
880.159;  -65.375; -112.000;  -17.000
880.404;  -59.925; -152.000; -162.000
880.650;  -35.625;   91.000;  141.000
880.895; -163.800; -670.000; -710.000
881.141; -129.325; -454.000; -428.000
881.386; -161.425; -503.000; -658.000
881.631; -103.575; -311.000; -166.000
881.877;  -42.575;  112.000;  -13.000
882.122; -136.075; -684.000; -600.000
882.367;  -97.900; -136.000; -186.000
882.612;  -80.050;  -80.000; -176.000
882.858; -175.675; -877.000; -823.000
883.103; -107.625; -297.000; -267.000
883.348; -162.300; -759.000; -852.000
883.593; -161.800; -677.000; -602.000
883.838;  -59.875; -311.000;  -24.000
884.083;    4.125;  353.000;  288.000
884.328;  -97.200; -564.000; -545.000
884.573;  -58.500; -196.000; -143.000
884.818;  172.875; -694.000; -531.000
885.063;  140.925; -348.000; -315.000
885.308; -114.200; -475.000; -398.000
885.553;  -23.675;  245.000;  325.000
885.797; -134.650; -545.000; -615.000
886.042;  -61.350;    8.000;   58.000
886.287;  -95.550; -253.000; -211.000
886.532;  -48.125;   26.000;  204.000
886.776; -106.975; -407.000; -525.000
887.021; -151.250; -621.000; -574.000
887.265; -153.725; -685.000; -689.000
887.510; -142.675; -557.000; -496.000
887.755;  -91.550; -194.000; -164.000
887.999; -143.400; -552.000; -575.000
888.244;  -55.975;  -58.000;  161.000
888.488;  -10.800;  371.000;  393.000
888.732; -128.125; -368.000; -520.000
888.977; -130.500; -622.000; -567.000
889.221; -165.225; -683.000; -659.000
889.465; -131.000; -422.000; -566.000
889.710;  -81.825;  -56.000; -299.000
889.954;   -3.900;  579.000;  467.000
890.198; -138.625; -584.000; -707.000
890.442; -156.750; -716.000; -712.000
890.687; -175.725; -800.000; -753.000
890.931; -100.575; -273.000; -210.000
891.175; -141.550; -502.000; -500.000
891.419;  -84.475; -105.000; -110.000
891.663;  -96.400; -239.000; -112.000
891.907; -173.550; -801.000; -545.000
892.151; -186.050; -920.000; -815.000
892.395; -121.625; -274.000; -387.000
892.638;  -24.875;  408.000;  291.000
892.882; -188.275; -780.000; -867.000
893.126;   18.125;  758.000;  558.000
893.370;  -86.050; -167.000; -168.000
893.614; -159.175; -714.000; -715.000
893.857; -104.125; -183.000; -197.000
894.101; -142.250; -527.000; -631.000
894.345;  -67.800;  300.000;  150.000
894.588;    0.950;  569.000;  380.000
894.832; -106.350; -178.000;  -84.000
895.075;  -90.350;   15.000;  -92.000
895.319; -130.950; -552.000; -420.000
895.563; -117.700; -413.000; -353.000
895.806; -158.350; -628.000; -741.000
896.049;  -71.550; -576.000; -368.000
896.293;   83.225;  527.000;  405.000
896.536;  -92.625; -465.000; -468.000
896.779;  -76.325; -149.000;   -1.000
897.023; -160.350; -751.000; -714.000
897.266;  -40.125;  325.000;  269.000
897.509; -190.000; -900.000; -901.000
897.752;  -53.600;  149.000;  171.000
897.996; -197.450; -972.000; -864.000
898.239;  -52.350;  168.000;  102.000
898.482; -131.575; -431.000; -453.000
898.725;  -44.600;  101.000;   53.000
898.968; -172.425; -609.000; -744.000
899.211; -127.875; -513.000; -361.000
899.454; -125.875; -633.000; -539.000
899.697;  -67.850;   90.000;  -43.000
899.940; -173.650; -761.000; -757.000
900.182; -115.125; -335.000; -405.000
900.425;  -89.275; -150.000; -298.000
900.668;  -18.575;  491.000;  350.000
900.911;  -99.075; -292.000; -345.000
901.154;  -50.975;  141.000;   -3.000
901.396; -126.575; -407.000; -412.000
901.639; -154.100; -430.000; -496.000
901.882; -187.900; -790.000; -809.000
902.124;  -88.400;  -29.000; -143.000
902.367; -130.800; -315.000; -361.000
902.609; -147.775; -476.000; -453.000
902.852;  -98.050; -108.000; -260.000
903.094; -134.125; -458.000; -337.000
903.337;  -55.300;  -26.000;   53.000
903.579; -114.125; -228.000; -441.000
903.821; -162.950; -597.000; -744.000
904.064;  -64.225;   85.000;  127.000
904.306;  -93.850; -126.000; -166.000
904.548; -118.075; -152.000; -366.000
904.790; -105.600; -195.000; -340.000
905.033; -149.550; -625.000; -577.000
905.275; -137.650; -513.000; -524.000
905.517;   38.625;  468.000;  256.000
905.759;  -95.400; -667.000; -761.000
906.001; -110.950; -322.000; -369.000
906.243;  -76.125; -162.000; -224.000
906.485;  100.075; -265.000; -207.000
906.727;   69.875; -499.000; -542.000
906.969;  -37.850;  -30.000; -135.000
907.211;  119.150; -316.000; -382.000
907.453;  248.850; -188.000; -237.000
907.695;    3.675; -158.000; -385.000
907.936;   48.400;  818.000;  706.000
908.178;  -71.625;   92.000; -135.000
908.420;  -82.700; -111.000; -162.000
908.662; -139.200; -633.000; -682.000
908.903;  -96.150; -208.000; -123.000
909.145;  -71.450; -240.000; -305.000
909.386;   -1.000;  315.000;  280.000
909.628;   29.900;  363.000;  397.000
909.870;   -4.000;   29.000;  264.000
910.111;  -98.250; -809.000; -949.000
910.353;    2.325; -123.000; -161.000
910.594;   -0.800; -574.000; -606.000
910.835;   79.150; -265.000; -326.000
911.077;  136.625; -503.000; -604.000
911.318;  279.025; -505.000; -471.000
911.559;  443.325; -577.000; -880.000
911.801; 1371.050; -284.000; -280.000
912.042;11092.800;  -50.000; -159.000
912.283;26476.700;  404.000;  371.000
912.524; 3661.450; -396.000; -457.000
912.765;  454.900; -193.000;   79.000
913.006;  222.050; -307.000; -338.000
913.247;   36.125; -270.000; -290.000
913.488;  -20.650;  -43.000;   30.000
913.729;  -88.950; -373.000; -373.000
913.970;  -78.975;  -96.000; -292.000
914.211;  -87.800; -160.000; -198.000
914.452;  -65.625; -118.000;  -11.000
914.693;    3.275;  510.000;  592.000
914.934;    4.775;  510.000;  440.000
915.175;  -81.625;   53.000;  -95.000
915.415;  -77.925; -137.000;   27.000
915.656;  -79.450;  -28.000;  192.000
915.897; -118.675; -252.000;  -82.000
916.137;  -82.525;   74.000;   -9.000
916.378; -150.425; -573.000; -517.000
916.619;  -86.000; -159.000;  -63.000
916.859;  -28.100;  303.000;  330.000
917.100;  142.900; 1655.000; 1070.000
917.340;   62.450;  930.000;  728.000
917.581;   35.950;  965.000;  789.000
917.821;  -38.275; -171.000;  143.000
918.061;  -14.525; -199.000;  -72.000
918.302;  -71.375; -152.000; -211.000
918.542;  -37.150;  -22.000;    3.000
918.782;   48.975;  369.000;  377.000
919.023;  114.925;  360.000;  427.000
919.263; 1394.575; 8131.000;  202.000
919.503; 1035.275; -137.000;  -54.000
919.743;  591.500;  390.000;  266.000
919.983;  215.425; -134.000;  -26.000
920.223;   70.550;  135.000;   14.000
920.463;  117.525;  631.000;  554.000
920.703;  141.875;   84.000;   39.000
920.943;  164.600; -110.000;   90.000
921.183;  229.125; -414.000; -405.000
921.423;  517.075;  307.000;  546.000
921.663;  756.150; -174.000; -257.000
921.903; 1664.850;  237.000;  173.000
922.143; 9393.750;  372.000;  389.000
922.383;34671.800;  158.000;  115.000
922.622;10634.825; -120.000;  -15.000
922.862; 1149.875;  796.000;  785.000
923.102;  440.750;  -51.000;   33.000
923.341;  182.100;   59.000;   74.000
923.581;   84.550;  450.000;  360.000
923.821;    5.600;  301.000;  398.000
924.060;    0.275;  351.000;  193.000
924.300;  -60.575;  -16.000; -128.000
924.539;  -23.400;  584.000;  473.000
924.779;   16.075;  812.000;  597.000
925.018;  -41.350;  247.000;  353.000
925.257;   -1.775;  595.000;  666.000
925.497;  -45.200;  447.000;  412.000
925.736;  -82.400;  -35.000;  102.000
925.975;   -7.475;  687.000;  669.000
926.214;   23.975;  907.000;  850.000
926.454;   14.225;  706.000;  757.000
926.693;  -56.225;  419.000;  543.000
926.932;   32.825; 1021.000;  825.000
927.171;   64.250; 1107.000; 1044.000
927.410;   54.350; 1144.000;  967.000
927.649;   30.525;  924.000;  742.000
927.888;  -20.450;  590.000;  564.000
928.127;   -7.150;  680.000;  678.000
928.366;   19.275;  842.000;  826.000
928.605;   34.400;  831.000;  737.000
928.844;  253.650; 1451.000; 1393.000
929.083;  613.325;  770.000;  613.000
929.321;  300.700; 1335.000; 1359.000
929.560;   81.900; 1158.000; 1122.000
929.799;  -24.675;  574.000;  475.000
930.038;   85.125; 1025.000; 1394.000
930.276;  -53.050;  334.000;  397.000
930.515;   -3.250;  827.000;  681.000
930.753;  -23.700;  614.000;  589.000
930.992;  -38.475;  664.000;  717.000
931.230;    7.475;  847.000;  847.000
931.469;  156.950; 2162.000;  892.000
931.707;   73.450;  840.000;  751.000
931.946;   56.075; 1278.000; 1344.000
932.184;   70.225; 1437.000; 1175.000
932.423;   29.250; 1265.000;  963.000
932.661;   91.700; 1296.000; 1428.000
932.899;   13.925;  987.000;  821.000
933.137;    5.175;  754.000;  564.000
933.376;  134.175; 1664.000; 1335.000
933.614;  168.575; 1759.000; 1196.000
933.852;   55.725; 1357.000; 1171.000
934.090;  137.625; 1722.000; 1747.000
934.328;  108.675; 1252.000; 1457.000
934.566;   91.675; 1431.000; 1110.000
934.804;  138.375; 1263.000; 1309.000
935.042;  486.075; 1861.000; 1850.000
935.280; 2006.400; 2088.000; 2063.000
935.518; 1741.875; 2113.000; 2007.000
935.756;  371.900; 2481.000; 2316.000
935.994;  157.300; 1808.000; 1751.000
936.231;  332.250; 2890.000; 2950.000
936.469;  186.700; 2367.000; 2378.000
936.707;  164.675; 2220.000; 2167.000
936.945;  225.450; 2825.000; 2882.000
937.182;  208.825; 2679.000; 2741.000
937.420;  294.250; 3602.000; 3031.000
937.657;  407.625; 3365.000; 3478.000
937.895;  349.450; 3331.000; 3488.000
938.133;  321.975; 3540.000; 3528.000
938.370;  329.400; 3896.000; 4191.000
938.607;  397.450; 4488.000; 4205.000
938.845;  560.725; 5587.000; 5549.000
939.082;  465.225; 5387.000; 5177.000
939.320;  539.175; 5799.000; 5728.000
939.557;  654.925; 6549.000; 6491.000
939.794;  720.575; 7285.000; 7097.000
940.031;  916.025; 8421.000; 8368.000
940.269; 1098.525; 9552.000; 9107.000
940.506; 1141.800;10901.000;10507.000

