
Integration time [ms]: 200.000
Averaging Nr. [scans]: 10
Smoothing Nr. [pixels]: 0
Data measured with spectrometer [name]: 2101013U2
Wave   ;Sample   ;Dark     ;Reference
[nm]   ;[counts] ;[counts] ;[counts] 

394.013;  -62.261; -450.257; -315.536
394.305; -146.861; -461.258; -419.536
394.596; -158.573; -676.269; -527.514
394.887; -196.871; -796.268; -654.518
395.178;   48.033;  145.736;   11.476
395.470;  -65.866; -210.263; -356.526
395.761;  140.131;  305.734;  394.479
396.052; -125.987; -545.284; -306.489
396.343; -145.079; -557.276; -454.503
396.634;  -58.383; -200.279; -290.497
396.926;  -99.071; -618.268; -565.517
397.217;  -10.379;   11.725;  -17.504
397.508;  -43.077; -366.273; -154.507
397.799; -175.483; -555.279; -571.497
398.090; -219.383; -973.280; -902.495
398.381;  -14.396;   11.708;  -11.473
398.672; -177.196; -585.292; -742.473
398.963;  -87.582; -348.279; -373.498
399.254;   31.205;   54.709; -209.475
399.545; -245.270;-1017.266; -883.520
399.836;  -76.580; -407.277; -343.501
400.127;  -38.499; -205.295; -209.468
400.418;  -23.077; -423.274; -392.506
400.709;  -70.885; -359.281; -333.493
401.000;  -18.194; -268.291; -309.476
401.290;   57.094;  225.698;  115.545
401.581;   14.811; -166.286; -228.485
401.872; -123.202; -542.298; -486.462
402.163;  -36.100; -313.296; -252.467
402.454;  -24.695; -123.291; -163.475
402.744; -186.901; -844.297; -813.465
403.035;  -49.597; -226.293;  -86.471
403.326;  -67.595; -366.292; -384.474
403.617;   64.997;  204.701;  165.539
403.907; -135.587; -593.283; -679.490
404.198; -147.111; -545.307; -599.446
404.489; -141.086; -618.283; -588.491
404.779; -174.406; -618.302; -660.456
405.070;   -5.208;  -67.304; -174.451
405.360;  -52.297; -259.293; -238.472
405.651;   59.296;  125.699;   98.542
405.942;   66.810;  209.714;  127.516
406.232; -138.288; -432.285; -413.487
406.523;  213.602;  641.706;  758.530
406.813; -166.090; -579.286; -644.484
407.104;   96.604;  261.708;  144.527
407.394; -156.402; -604.299; -591.462
407.685;   80.112;  336.715;  222.513
407.975;  -87.786; -400.283; -382.490
408.265;   10.107; -134.289; -190.478
408.556; -113.695; -472.291; -459.475
408.846;  156.803;  474.706;  429.530
409.137;   -4.392;   -1.288; -216.480
409.427;  -79.588; -193.285; -271.487
409.717; -155.976; -776.273; -692.508
410.007;   25.211;    4.715; -170.486
410.298;  -54.098; -360.295; -342.469
410.588; -114.388; -495.285; -510.486
410.878; -229.991; -792.287; -873.482
411.168;  -92.702; -481.298; -478.463
411.459;  -53.387; -295.283; -242.489
411.749; -138.095; -609.292; -507.474
412.039; -187.192; -755.289; -386.480
412.329;   58.719;   40.722;  132.501
412.619;  -41.089;  -62.286; -148.485
412.909;  185.807;  639.711;  594.521
413.199;  -29.183; -130.280; -251.495
413.490;  144.606;  521.710;  352.523
413.780; -207.083;-1013.279; -913.496
414.070;   38.521;  -46.276;  235.497
414.360; -153.082; -729.278; -666.498
414.650; -195.391; -726.288; -688.482
414.940; -127.483; -538.280; -441.496
415.230;    5.908;   50.712;   74.519
415.520;   42.427;  155.730;   66.486
415.809;  -40.985; -305.281; -125.493
416.099; -124.880; -388.277; -229.501
416.389;  123.722;  435.726;  236.494
416.679;   41.634;   91.738;   85.473
416.969; -111.090; -527.287; -503.483
417.259;  107.717;  341.721;  171.503
417.549;  110.915;  522.718;  318.508
417.838;  -32.271; -205.268; -147.518
418.128;  162.407;  650.710;  492.522
418.418; -137.376; -491.272; -579.509
418.708;   50.422;    9.726;  -48.506
418.997;  -92.678; -474.275; -480.505
419.287; -193.277; -733.273; -790.507
419.577;  -24.387; -160.283; -123.489
419.866; -127.780; -588.277; -498.501
420.156;  -22.573; -242.270;  -55.513
420.446;  -31.566; -112.263;  -26.526
420.735; -118.774; -376.271; -446.512
421.025;  530.618; 1830.722;  315.502
421.314;  -47.674; -203.271; -226.512
421.604;   10.328;   89.732;  233.484
421.893; -150.475; -705.271; -602.511
422.183; -134.166; -487.263; -461.526
422.472;   -1.874;  -36.271; -107.511
422.762;  -86.369; -416.266; -379.521
423.051; -247.279; -916.276; -916.503
423.341; -131.077; -491.273; -439.507
423.630;  -29.468; -121.265;   15.477
423.919;   -3.578;   58.725;   49.495
424.209;   17.534;  -31.263;   56.473
424.498;   26.429;   68.732;  161.483
424.787; -131.970; -535.267; -601.518
425.077;   17.432;   34.735;   29.478
425.366; -201.165; -734.262; -744.528
425.655;  180.423;  639.727;  259.493
425.945;  -47.850; -313.247; -268.554
426.234;   20.837;  117.741;  300.467
426.523;  -61.962;  -86.259; -350.534
426.812;   24.931;  107.734;  159.480
427.101;   -0.872; -127.269; -323.515
427.390;   -8.873;  -55.270;  -86.514
427.680; -115.160; -624.257; -411.538
427.969;  -63.958; -330.255; -301.540
428.258; -124.361; -385.257; -477.536
428.547;   83.825;  449.728;  397.490
428.836; -133.057; -421.253; -398.543
429.125;  -74.762; -199.259;  -72.534
429.414; -105.754; -330.251; -294.548
429.703;  -71.454; -231.251; -213.548
429.992; -232.954; -938.250; -828.549
430.281;  -99.567; -397.264; -331.524
430.570;    2.745;  -21.252;   32.454
430.859;   69.238;  279.741;  352.466
431.148;  202.549;  636.752;  631.446
431.437;   72.645;  391.748;  367.454
431.725; -123.660; -544.257; -481.536
432.014; -243.456; -845.253; -756.545
432.303;  -53.542; -149.239; -105.569
432.592; -103.067; -460.263; -178.525
432.881; -166.451; -601.248; -437.554
433.169;  -70.658; -343.255;  -61.540
433.458;   96.262;  445.765;  540.424
433.747; -120.165; -397.261; -289.529
434.036; -101.145; -275.242; -280.564
434.324; -165.352; -395.249; -379.551
434.613;   34.654;   40.757;  159.437
434.902;   41.557;  333.760;  439.433
435.190;   32.658;   75.761;  295.431
435.479;  -35.048;  -52.245;   83.441
435.767; -106.647; -411.244; -427.561
436.056; -112.445; -340.242; -294.563
436.345; -113.843; -372.240; -223.568
436.633;   53.947;   60.750;  383.450
436.922;   93.157;  208.760;  414.432
437.210;  -29.839; -194.236;    1.426
437.499; -163.538; -583.235; -432.576
437.787; -106.139; -339.236;  -10.574
438.075;    3.059;   56.761;  162.430
438.364;  -21.841;  -44.238;  250.429
438.652;  -76.229; -286.226; -138.592
438.941;   26.367;    3.770;  269.415
439.229; -163.655; -665.252; -466.545
439.517;  -43.137; -160.234;  -85.577
439.806; -169.327; -501.225; -290.595
440.094;   94.064;  377.766;  650.421
440.382; -149.536; -653.233; -302.580
440.670; -118.438; -361.235; -285.576
440.959; -116.025; -347.223; -170.599
441.247;  -57.332; -151.229; -109.587
441.535;  -74.238; -266.235;   31.423
441.823; -192.537; -497.234; -305.578
442.111;   64.769;  173.771;  327.412
442.400; -182.148; -628.245; -335.559
442.688;  -47.037; -111.234; -620.579
442.976; -241.615; -786.213; -450.617
443.264; -134.627; -324.224; -364.597
443.552;  -94.629; -258.226;   51.408
443.840;  162.862;  602.765;  876.423
444.128;   59.464;  265.767;  269.420
444.416; -163.131; -694.228; -312.588
444.704; -119.722; -465.219;  -92.605
444.992;  -42.729;   -0.226;  240.407
445.280; -113.733; -517.230;  -94.585
445.568; -185.815; -694.212; -396.618
445.856;  -44.324; -174.221;  357.398
446.143;  -28.922;  -54.220;   -7.604
446.431;   -2.531;  -25.228;  625.411
446.719;  153.780;  489.783;  675.391
447.007;   79.666;  481.769;  705.416
447.295;  159.274;  597.777;  871.402
447.583; -104.832; -464.229;  -34.587
447.870; -148.624; -434.221; -202.601
448.158;  -45.133; -104.230;  129.415
448.446; -189.922; -800.219; -338.604
448.733;  -30.726;   13.776;  269.403
449.021;    1.885;   60.788;  341.382
449.309;  -40.613; -296.210;  208.379
449.596;   60.480;  128.783;   59.392
449.884; -163.225; -571.222; -325.600
450.172; -198.130; -756.227; -406.590
450.459;  116.683;  645.786;  780.387
450.747; -150.120; -411.218; -147.608
451.034;  145.769;  493.772;  889.411
451.322; -134.417; -413.214; -170.614
451.609;   29.574;  292.777;  508.403
451.897; -156.306; -550.203; -183.634
452.184; -216.226; -622.223; -400.598
452.472;  -11.411;   97.792;  269.375
452.759;  159.478;  512.781;  864.395
453.047; -112.515; -407.212; -125.617
453.334; -174.621; -732.219; -216.606
453.621; -142.616; -438.214; -161.615
453.909;   -4.407;   13.796;  384.368
454.196;  -72.301; -299.199; -123.641
454.483;   23.996;  317.798;  540.364
454.771;  -46.110; -215.208;  196.374
455.058;  -57.710; -316.207;  102.374
455.345;   18.205;   71.807;  344.347
455.632;  -54.109; -128.207;  235.373
455.919;  -31.799;  -82.196;  182.354
456.207; -207.101; -774.198; -450.642
456.494; -131.103; -475.200;  -66.639
456.781; -144.205; -399.202; -198.635
457.068;  -49.109; -253.206;  -29.628
457.355; -168.509; -698.206; -401.629
457.642; -160.108; -552.205; -290.630
457.929; -171.696; -778.194; -417.651
458.216; -177.315; -575.212; -354.617
458.503;  -86.596; -173.193;  -19.652
458.790; -219.810; -864.208; -630.625
459.077;  -65.404;  -77.202;  110.364
459.364; -130.897; -350.195; -210.649
459.651;  -25.809;  -46.206;  220.372
459.938; -219.712; -864.209; -665.623
460.225;   -4.304;  132.799;  276.363
460.512; -245.299; -836.197; -688.645
460.799;  -15.620;  -32.218;  320.392
461.086; -131.302; -370.200; -251.640
461.372; -149.601; -509.198; -279.642
461.659;  -13.999; -165.196;  108.354
461.946; -103.796; -445.193;  -54.651
462.233;  177.897;  842.800;  888.361
462.519; -246.303; -814.201; -464.639
462.806; -201.599; -768.197; -497.645
463.093; -129.393; -445.191;  -66.656
463.380; -237.589; -920.186; -824.664
463.666;  -61.999; -259.197;  -18.646
463.953;  -80.298; -406.195; -243.648
464.239;  -73.398; -173.195;  -77.648
464.526;   83.404;  413.806;  743.350
464.813; -142.892; -565.190; -304.658
465.099;  132.504;  606.807;  607.348
465.386;  198.305;  903.807;  921.348
465.672; -207.099; -694.197; -522.645
465.959; -187.790; -598.188; -520.662
466.245; -141.695; -468.193; -359.652
466.532;  -28.598; -109.195;   63.352
466.818; -100.889; -357.186; -216.664
467.104; -135.284; -488.182; -415.672
467.391; -145.792; -628.189; -459.658
467.677; -103.088; -289.186;    9.335
467.964; -152.591; -682.189; -471.660
468.250;  -96.888; -331.186; -160.665
468.536;   20.308;   90.811;  180.341
468.822; -198.087; -821.184; -574.668
469.109;  110.825;  351.827;  471.311
469.395;  175.906;  729.808;  787.346
469.681;   -3.491;   46.811;  156.341
469.967; -184.791; -699.188; -382.660
470.254;  -75.690; -494.188; -306.662
470.540; -175.799; -601.196; -476.646
470.826; -117.983; -488.181; -397.675
471.112;    9.614;  288.816;  113.331
471.398;  -31.486; -253.183;  -58.670
471.684; -175.879; -626.177; -447.680
471.970; -264.382; -918.180; -981.675
472.256; -164.294; -521.192; -441.654
472.542; -149.373; -499.171; -434.691
472.828; -217.084; -743.182; -607.672
473.114;  -84.268; -380.166; -283.700
473.400; -135.578; -504.175; -293.684
473.686; -135.568; -452.166; -400.701
473.972;  -74.376; -230.174; -131.687
474.258; -232.275; -925.173; -843.689
474.544;  -59.480; -183.178;   -2.679
474.830;   25.823;  -65.175;   45.316
475.116;  -82.892; -123.190; -196.658
475.401; -118.282; -558.180; -467.676
475.687; -223.982; -725.180; -718.676
475.973; -178.384; -673.181; -770.673
476.259;  178.623;  736.825;  764.315
476.544; -146.579; -539.176; -437.682
476.830; -145.074; -398.172; -322.690
477.116;  -90.579; -430.177; -336.682
477.401;  106.718;  346.820;  358.324
477.687;  -91.278; -289.175; -405.684
477.973;   14.917;   21.819;   28.326
478.258; -118.365; -448.163; -348.706
478.544;  -36.387;   21.815;   61.334
478.829; -180.873; -818.171; -738.692
479.115; -200.874; -749.172; -651.690
479.401; -118.776; -444.174; -449.686
479.686;  -58.982; -253.180;  -74.676
479.972; -212.280; -886.178; -776.680
480.257;  -84.268; -258.166;  -65.700
480.542; -138.272; -614.170; -469.693
480.828;  354.122; 1288.824; 1392.317
481.113; -137.778; -464.176; -426.683
481.399; -106.363; -236.161; -202.711
481.684; -158.768; -620.166; -462.700
481.969;  -33.961; -158.159;  -73.713
482.255; -102.671; -439.169; -285.695
482.540; -164.080; -569.178; -441.680
482.825; -116.989; -395.187; -404.663
483.110;  -38.671;  -85.169; -105.696
483.396; -214.559; -840.157; -652.718
483.681;  149.724;  543.826;  730.313
483.966; -202.162; -696.160; -700.712
484.251; -130.876; -404.174; -310.687
484.536; -101.067; -356.165; -378.703
484.822; -112.276; -205.173; -218.687
485.107; -159.754; -599.152; -502.726
485.392;  140.934;  662.836;  541.296
485.677;   29.630;  354.832;  163.302
485.962;   40.941;  160.843;  270.283
486.247;   29.636;  -14.162;   -8.707
486.532; -103.868; -178.166; -325.701
486.817;   76.337;  381.839;  431.291
487.102; -158.156; -453.154; -514.722
487.387; -194.058; -637.156; -652.718
487.672;  -48.266; -154.164;  -38.705
487.957;  -94.662; -394.160; -286.711
488.241;  -77.952; -290.150; -314.729
488.526;  -90.454; -280.152; -148.726
488.811; -260.480; -881.177; -818.680
489.096; -234.356; -666.154; -702.723
489.381;  -31.554;    3.847;  162.275
489.666; -121.063; -428.161; -510.710
489.950;  107.745;  558.846;  627.277
490.235; -166.053; -480.151; -458.728
490.520; -200.063; -756.161; -723.710
490.804; -215.158; -827.156; -736.719
491.089; -133.850; -469.149; -299.732
491.374;  -59.466; -132.164;  -75.704
491.658; -226.949; -817.147; -717.735
491.943; -157.453; -657.152; -609.727
492.227;  -54.657; -178.155;  -38.721
492.512;  -75.059; -294.157; -341.717
492.797; -196.651; -713.149; -716.731
493.081; -189.749; -588.147; -598.735
493.366; -184.163; -751.161; -635.711
493.650;  228.857;  831.859;  917.254
493.935; -173.549; -648.147; -447.734
494.219; -213.244; -778.142; -687.743
494.503; -207.452; -585.150; -487.730
494.788;    4.240;   46.842;   74.285
495.072;   81.648;  184.850;  434.271
495.356; -112.350; -463.148; -343.733
495.641; -207.648; -812.146; -736.736
495.925; -250.558; -976.156; -903.719
496.209; -129.450; -599.149; -451.732
496.494; -188.644; -763.142; -544.744
496.778;  -85.956; -364.154; -360.722
497.062; -213.658; -819.156; -627.719
497.346; -208.362; -869.160; -640.711
497.631;  130.650;  580.852;  560.266
497.915;   -8.547;  -64.145;  175.261
498.199; -108.959; -341.157; -277.718
498.483; -133.354; -562.152; -508.725
498.767;   72.748;  301.850;  300.271
499.051;  -45.551; -126.149; -100.732
499.335; -231.651; -693.149; -739.731
499.619; -131.231; -381.129; -423.767
499.903;  -56.457; -272.155;  -65.721
500.187; -147.955; -588.153; -316.724
500.471; -245.654; -796.152; -595.727
500.755;  -27.263;   62.839;  -96.710
501.039; -103.357; -270.155; -357.721
501.323;   32.358;  -21.141;  264.254
501.607; -121.865; -447.163; -503.706
501.891; -151.458; -607.156; -512.718
502.174; -209.746; -726.144; -585.741
502.458;    9.547;   89.849;  370.273
502.742;  -48.340; -180.138; -191.751
503.026;  -92.149; -412.147; -254.734
503.310; -122.361; -437.159; -375.713
503.593; -134.049; -464.147; -325.735
503.877;  -76.335; -232.133; -156.760
504.161;  -65.455;    2.847;  -50.724
504.444; -217.160; -841.158; -710.716
504.728; -176.566; -487.164; -522.704
505.012;  -11.052; -257.150;  -76.729
505.295;  -92.763; -417.161; -212.711
505.579;  -97.658; -256.156; -496.719
505.862; -171.947; -555.145; -333.738
506.146; -182.661; -681.159; -758.714
506.429;  104.739;  568.841;  461.286
506.713; -204.153; -732.151; -667.728
506.996;  -15.956;   90.846;  295.278
507.280; -187.767; -633.165; -474.703
507.563; -156.757; -469.155; -261.721
507.847; -130.955; -423.153; -112.724
508.130; -170.262; -665.161; -456.711
508.413; -169.069; -758.167; -577.700
508.697;  -16.969; -151.167;   12.300
508.980;  -87.055; -422.153; -312.724
509.263; -145.157; -466.155; -450.720
509.547;  -27.852; -124.150;   82.271
509.830;  -58.862; -172.160;  140.289
510.113;   38.842;  128.844;  298.281
510.396; -161.454; -530.152; -300.725
510.680; -219.047; -818.145; -812.738
510.963;   26.644;  184.846;  180.277
511.246; -141.351; -493.150; -357.730
511.529;  -85.746; -482.145;  -83.739
511.812;  -54.235; -250.134;   10.241
512.095; -197.053; -740.151; -396.728
512.378;  -84.849; -317.147; -245.736
512.661; -201.539; -703.137; -623.753
512.944; -203.744; -750.142; -637.744
513.227;  -52.439; -170.137; -171.752
513.510; -159.846; -479.144; -671.741
513.793; -133.742; -485.140; -435.747
514.076;  -14.129;  -43.127;  -39.771
514.359; -125.850; -294.149; -135.732
514.642; -158.244; -442.142; -567.744
514.925;  149.258;  581.860;  561.253
515.208; -133.336; -498.134; -443.758
515.491;  -70.434; -276.133; -182.761
515.773; -159.045; -410.143; -337.742
516.056;   66.462;  249.864;  409.246
516.339; -218.938; -754.136; -652.755
516.622; -180.152; -518.150; -488.730
516.904;  242.856;  882.857;  975.257
517.187; -214.139; -730.138; -523.752
517.470; -139.844; -568.143; -510.743
517.752; -158.637; -624.136; -470.756
518.035; -202.841; -708.139; -725.749
518.318; -294.038; -799.136; -744.755
518.600; -129.034; -300.132; -325.762
518.883;   54.756;  310.858;   88.256
519.165; -183.440; -585.138; -426.751
519.448;  -30.134;  -61.132;  -19.762
519.730; -169.828; -573.126; -415.773
520.013;  151.665;  588.867;  664.240
520.295;  -39.435;  -94.134;  -15.759
520.578; -113.132; -335.131; -305.764
520.860;  -37.234; -254.132;   56.238
521.143; -231.337; -763.135; -584.756
521.425;  -77.826; -251.125; -279.775
521.707; -168.329; -622.127; -380.771
521.990;  -22.628; -199.127;  167.229
522.272;  -36.342; -116.140;   -4.748
522.554;  -63.045; -237.143; -157.742
522.836;  -63.435;  -24.134;   99.241
523.119; -156.149; -496.148; -189.734
523.401; -144.732; -448.130; -314.766
523.683; -223.639; -865.137; -693.753
523.965;   30.160;  408.862;  260.248
524.247;   -6.824;   54.878;  170.220
524.529; -170.335; -451.134; -367.759
524.812;  -21.331;   -3.130;  191.234
525.094; -249.940; -773.138; -631.751
525.376;  -36.325; -143.124;   78.223
525.658; -153.038; -441.136; -339.754
525.940; -239.733; -805.131; -671.764
526.222;  -87.638; -188.136;  -88.755
526.504;  -68.433; -190.131;   32.237
526.786; -292.635; -960.133; -647.760
527.068;  -74.625; -124.123;  -67.778
527.349; -257.638; -865.137; -774.754
527.631;  -41.234; -137.132;   22.238
527.913; -189.429; -664.127; -450.771
528.195; -241.827; -761.125; -639.774
528.477;  -33.436;  -93.134;  -30.758
528.759; -185.031; -648.130; -522.766
529.040; -152.925; -569.123; -293.778
529.322;  -72.127; -235.125;  -10.774
529.604;  -49.631;  -47.130;   93.233
529.886; -166.528; -546.126; -302.773
530.167;   -2.632;  232.870;  192.235
530.449;  -12.649;    1.853;   63.265
530.731; -176.024; -572.122; -459.779
531.012; -116.821; -513.120; -216.784
531.294;  -67.017; -118.116;  -43.792
531.575;   71.674;  290.875;  538.225
531.857; -148.036; -548.135; -266.757
532.138;  -80.343; -113.141;   40.254
532.420;   34.363;  294.865;  403.244
532.701; -242.335; -722.133; -751.760
532.983;   49.566;  232.867;  182.239
533.264;  -32.528; -243.126;  175.228
533.546; -149.138; -491.136; -508.755
533.827;    2.065;  173.867;   -1.759
534.109; -143.336; -352.135;  -80.757
534.390; -218.933; -725.132; -582.762
534.671;  -82.337; -270.135;  -82.756
534.953; -227.124; -751.123; -611.779
535.234; -124.619; -426.117; -255.789
535.515; -271.821; -891.119; -735.785
535.796; -142.729; -431.128; -193.770
536.078; -288.125;-1050.124; -904.777
536.359;  -69.224;  -22.123;    3.221
536.640; -113.927; -480.125; -197.774
536.921;   22.769;  225.871;  143.232
537.202;  -46.140;  -87.138;  -16.751
537.483;   88.868;  251.869;  377.236
537.764;  -29.232;   17.870;   98.235
538.045; -156.736; -543.134; -371.758
538.326; -153.230; -596.129; -447.768
538.607; -231.428; -686.127; -476.771
538.888;  -29.023;   98.879;    5.218
539.169; -174.223; -704.122; -535.781
539.450;   23.569;  236.871;   16.233
539.731;  -84.922; -361.121; -182.783
540.012;  -24.821;  199.880;  412.216
540.293;  -43.926;   82.876;  158.224
540.574; -249.515; -895.113; -717.796
540.855;   21.478;  435.879;  377.218
541.136;   12.477;   47.878;  139.220
541.416; -109.831; -161.130; -220.766
541.697; -139.033; -274.131; -170.763
541.978;  -87.337; -270.135; -315.757
542.259; -119.428; -211.127; -236.771
542.539; -103.118; -191.116; -186.790
542.820;   70.874;  461.875;  480.225
543.101;  -90.247;  -52.145;  -77.738
543.381; -242.628; -638.127; -591.771
543.662;  -40.329;  159.873; -254.771
543.942; -277.529; -751.127; -830.770
544.223;   -5.323;  193.878;  161.219
544.504; -155.225; -275.124; -182.777
544.784; -181.728; -592.126; -408.773
545.065; -126.817;  104.884; -254.791
545.345;  -16.921;  227.881;   14.215
545.626;  -44.315;  -14.113; -108.796
545.906;  -42.032;   77.869;   98.235
546.186; -109.527;   92.874;  -95.773
546.467;  -71.425;   99.877;  -95.778
546.747;   26.882;  264.884;  327.210
547.027;   -5.425;   91.876;  111.223
547.308; -177.529; -376.127; -530.770
547.588;   34.970;  299.871;  371.232
547.868;  102.168;  458.870;  588.235
548.149;  128.884;  609.885;  593.207
548.429; -102.729; -347.127; -299.771
548.709; -202.022; -645.120; -461.784
548.989;  -10.919;   84.882;   88.213
549.269; -109.134;   10.868;  139.239
549.550;  -18.024;  215.877;  117.222
549.830; -223.713; -758.111; -556.799
550.110; -125.412; -468.110; -320.801
550.390; -115.424; -128.122;  -56.779
550.670; -266.415; -868.114; -783.795
550.950; -179.922; -509.121; -471.782
551.230;  111.377;  549.879;  460.218
551.510; -126.622; -381.121; -326.782
551.790;  -74.311; -173.109; -127.803
552.070;  235.875;  940.877; 1181.223
552.350; -112.520; -492.119; -377.786
552.630;  -33.023;   -2.121;   77.219
552.909;    3.583;  181.884;   73.209
553.189;  -75.633;  -49.132;   33.237
553.469; -202.020; -703.119; -514.786
553.749; -172.828; -469.127; -357.772
554.029;  -39.518;   33.883;  -24.790
554.308;  -76.716; -154.115;  -37.794
554.588; -122.829; -196.128; -204.770
554.868; -123.322; -366.121;  -47.782
555.147;  -68.916; -114.115;  -46.793
555.427; -126.917; -260.116; -250.792
555.707; -120.316; -284.115; -200.793
555.986; -211.312; -719.111; -538.800
556.266;  -46.618;   23.884;   72.210
556.546; -258.522; -888.121; -675.782
556.825; -228.215; -657.114; -556.794
557.105;  -67.629; -125.128;   17.230
557.384;    7.283;  122.884;  187.209
557.664; -228.317; -717.116; -508.792
557.943; -170.122; -557.121; -411.782
558.222; -126.419; -345.118; -344.788
558.502;  -55.816; -116.115;  -76.793
558.781;   35.383;  194.885;  499.208
559.061;  -99.419; -232.118; -227.788
559.340;   15.981;  302.883;  353.211
559.619;  -13.918;   93.884;  148.210
559.899; -158.718; -239.117; -266.789
560.178; -212.816; -778.115; -593.793
560.457; -196.618; -623.117; -562.790
560.736; -158.112; -472.111; -482.800
561.015; -192.530; -500.128; -502.769
561.295;  -25.909;  180.893;  215.193
561.574;  -10.216;  119.885;  116.207
561.853;   27.090;  274.891;  303.197
562.132;  -46.316;  -45.114;  182.206
562.411;   93.977;  396.879;  553.219
562.690; -188.117; -592.115; -458.792
562.969;  117.586;  472.888;  630.203
563.248;  690.477; 2966.878; 2487.219
563.527; -116.112; -290.111; -408.800
563.806; -224.429; -650.127; -521.771
564.085;  -93.007; -297.105; -206.810
564.364; -189.418; -594.117; -405.790
564.643; -135.023; -276.121; -223.781
564.922;   26.589;  221.890;  397.198
565.201; -205.111; -640.109; -700.803
565.479; -121.317; -297.115; -219.792
565.758; -235.429; -810.128; -712.770
566.037;  -79.811; -155.109; -100.803
566.316;  -91.917; -286.116;  -28.791
566.595;  -87.816;  -17.115;  -12.793
566.873;   81.088; -166.111;  -79.801
567.152; -195.214; -490.113; -590.797
567.431;  -53.618; -113.116;    6.210
567.709; -100.409; -344.107; -212.807
567.988; -257.315; -810.114; -769.794
568.266; -159.116; -160.115;  -68.793
568.545; -178.101; -644.100; -514.819
568.824;   57.883;  160.885;  356.208
569.102; -145.415; -351.114; -235.794
569.381; -184.417; -492.116; -407.792
569.659; -217.114; -553.113; -553.796
569.938; -219.723; -743.122; -465.780
570.216;  -97.610; -225.109; -225.804
570.494; -214.815; -632.114; -572.795
570.773;   11.678;  202.879;  114.218
571.051; -159.325; -373.123; -357.778
571.330;  -69.615; -221.113; -174.796
571.608;  -99.199; -181.098; -173.823
571.886; -214.313; -671.111; -581.799
572.164; -239.822; -739.121; -621.782
572.443; -179.906; -562.105; -512.811
572.721; -117.718; -399.117; -289.790
572.999; -103.019; -280.117; -168.788
573.277;   72.393;  379.894;  620.191
573.555;  -33.107;   94.894;   37.190
573.834;  -92.019;  -86.117; -114.788
574.112;  171.192;  880.893;  811.193
574.390;  -51.612; -143.111;  -96.801
574.668;  -55.214;  -91.112;  -61.797
574.946; -107.307; -165.106; -187.810
575.224;  -38.411;   71.891;  -16.803
575.502;  -82.218; -200.116; -204.791
575.780; -226.714; -767.112; -829.798
576.058;  395.788; 1589.889; 1004.200
576.336;  -71.312; -210.110; -129.801
576.614; -171.214; -511.112; -340.798
576.891; -223.316; -711.115; -823.794
577.169;  -93.609; -158.108; -285.805
577.447;   58.892;  169.893;  202.193
577.725;  135.987;  629.888;  854.201
578.003; -110.113;  -71.112; -371.798
578.280;  -74.505; -208.104; -242.812
578.558; -190.416; -450.115; -422.793
578.836; -104.715; -210.114; -145.795
579.114; -226.714; -630.112; -670.797
579.391;  -40.219;   -6.117;  -18.789
579.669; -249.316; -595.114; -704.794
579.947; -127.109; -326.107; -127.806
580.224; -232.509; -692.107; -524.806
580.502;  -50.208;  127.893;   76.193
580.779;  -45.318;  -42.117;   75.210
581.057; -208.210; -584.109; -470.804
581.334; -223.104; -726.102; -695.815
581.612;   71.893;   54.895;  511.190
581.889;  -85.702;  -83.101; -129.818
582.167; -113.100; -298.099; -190.821
582.444; -250.003; -845.102; -814.817
582.721;  127.797;  657.899;  715.183
582.999;  -75.201; -326.100; -167.821
583.276; -235.224; -812.123; -713.779
583.553; -113.403; -364.102; -294.816
583.831; -229.806; -607.104; -631.812
584.108;   44.790;  349.892;  174.195
584.385;  -93.304; -122.102;  -98.815
584.662; -246.912; -651.111; -828.801
584.940;    4.088;  204.889;  204.199
585.217;  -96.914;  -73.113; -303.796
585.494;    2.689;   71.890;  118.198
585.771; -133.110; -250.109; -354.804
586.048;  -84.514; -196.113;  -76.796
586.325; -250.812; -721.110; -773.801
586.602;   26.595;  230.896;  213.188
586.879; -225.501; -499.100; -580.820
587.156;  -78.207; -156.105; -331.810
587.433; -229.403; -701.102; -667.817
587.710;  -19.914;  152.888;  234.202
587.987; -111.806; -264.105; -236.811
588.264;   69.287;  315.888;  387.202
588.541;  -43.205;  -61.104;   26.187
588.818;  -47.210;   72.892;  171.196
589.095;  -90.006; -163.104; -174.812
589.371; -190.110; -459.109; -414.804
589.648; -168.908; -581.107; -437.807
589.925; -164.315; -517.114; -621.795
590.202; -212.514; -741.112; -607.798
590.478; -107.806; -166.105;  -73.811
590.755; -102.209; -241.108; -132.806
591.032; -218.211; -741.110; -699.802
591.308; -247.295; -732.094; -790.831
591.585; -214.111; -573.110; -560.802
591.862; -308.103;-1056.102; -950.817
592.138; -154.909; -475.108; -474.805
592.415; -166.205; -486.104; -495.813
592.691;   89.795;  460.896;  518.188
592.968;  -81.499; -208.098; -123.824
593.244; -218.318; -695.116; -595.790
593.521;  -68.503; -105.102;  -42.817
593.797; -246.324; -810.122; -720.780
594.074; -202.898; -611.096; -588.826
594.350;  176.404;  828.905;  729.172
594.626; -127.612; -303.111; -283.801
594.903; -194.503; -643.101; -645.817
595.179;   48.595;  243.896;  418.187
595.455;  -79.608; -136.107; -150.807
595.731;  -39.205;  -19.103;  -38.814
596.008; -183.213; -464.111; -434.800
596.284;  -91.501; -187.100; -242.820
596.560; -193.594; -501.093; -493.833
596.836;  -83.606; -173.105;  -70.810
597.112; -179.209; -582.108; -437.805
597.388;  -70.998;  -49.097;  -48.826
597.665;   69.186;  437.887;  530.203
597.941; -199.791; -572.089; -658.839
598.217; -103.111; -323.110; -293.802
598.493;  -73.210;   61.891; -204.804
598.769;  -95.402; -175.100;  -50.819
599.045; -198.509; -490.108; -562.806
599.321; -140.601; -193.100; -261.820
599.597; -159.410; -355.109; -476.804
599.872;   72.695;  409.896;  429.187
600.148;  -76.298;  -61.097; -172.826
600.424;    5.792;   91.893;  202.193
600.700;  -79.208; -170.107; -280.807
600.976; -167.298; -442.097; -464.825
601.252; -106.310; -226.109; -272.803
601.527; -254.105; -833.104; -840.813
601.803; -134.006; -453.105; -404.812
602.079;  -73.902; -124.100; -118.819
602.354; -181.793; -620.092; -531.835
602.630; -111.914; -140.113; -482.796
602.906; -254.102; -910.101; -863.818
603.181; -171.820; -627.119; -534.786
603.457;  -39.298;   98.903; -278.826
603.733; -215.322; -605.120; -626.783
604.008;  -72.307; -245.106; -164.810
604.284; -198.603; -636.101; -580.817
604.559;  -54.913;   -3.112;  -42.799
604.835; -100.706; -163.105; -225.810
605.110; -236.300; -732.099; -892.821
605.385;   37.106;  224.907;  267.167
605.661; -217.296; -625.095; -729.829
605.936; -232.709; -664.108; -737.806
606.211;  -43.404;  -17.103; -170.815
606.487; -120.916; -329.114; -376.794
606.762; -228.620; -791.119; -745.786
607.037; -180.306; -501.105; -433.810
607.313; -212.797; -589.096; -574.828
607.588;  -98.807; -375.106; -137.810
607.863;  -18.202;  -28.101; -143.818
608.138;  127.089;  513.890;  516.198
608.413; -200.400; -576.099; -592.822
608.688;  -98.809; -203.108; -267.805
608.964; -137.308; -509.106; -218.809
609.239;  -82.707; -107.105; -212.810
609.514;   42.094;  281.895;  240.188
609.789; -246.905; -187.104; -716.812
610.064; -160.997; -435.096; -609.827
610.339; -268.210; -855.109; -799.804
610.614;  -88.101; -131.100; -315.820
610.889;    3.294;  215.895;  107.188
611.163; -185.406; -407.104; -591.812
611.438; -112.715;   81.886; -167.794
611.713; -168.103; -467.101; -499.817
611.988; -149.902; -144.101; -328.818
612.263; -244.004; -771.102; -717.815
612.538;   25.686;  385.887;  251.204
612.812; -278.401; -832.100; -911.820
613.087; -150.799; -358.098; -338.823
613.362; -198.608; -497.107; -557.807
613.637;   26.896;  261.897;  138.186
613.911;  -90.593; -256.092; -345.835
614.186; -134.208; -249.107; -292.807
614.460; -251.282; -842.081; -758.854
614.735;  -45.488;  -55.087;  -17.843
615.010;  -45.289;   43.912;  -82.841
615.284;   54.191;  360.892;  246.195
615.559; -278.993; -792.092; -955.835
615.833;  -54.500;  -76.099;  -87.822
616.108;  -97.592; -225.090; -390.837
616.382;   40.212;  274.913;  402.156
616.656;  -80.092; -241.090; -232.837
616.931; -232.600; -785.099; -700.822
617.205; -290.505; -973.104; -979.813
617.480;  -41.126;  -91.125;    6.225
617.754;  -98.927; -396.125; -128.774
618.028; -132.430; -369.129; -382.768
618.302;  -40.410;   73.892;  -25.805
618.577; -208.704; -371.103; -518.815
618.851; -173.411; -399.109; -600.803
619.125; -110.535; -335.134; -378.759
619.399;  -67.005; -244.104; -374.813
619.673; -135.817; -330.115; -515.792
619.947; -133.115; -333.114; -448.795
620.222;  -86.112; -198.110; -204.801
620.496;  -55.922;  -47.121;  -96.782
620.770;  -97.223; -187.122;  -93.781
621.044;   70.793;  323.895;  346.190
621.318; -225.222; -653.120; -614.783
621.592; -129.022; -430.121; -409.783
621.866; -221.913; -476.112; -572.799
622.140;  -89.718; -207.116; -356.791
622.413;   22.087;  138.889;  112.200
622.687; -179.103; -746.101; -492.817
622.961;  -64.710; -130.108; -143.805
623.235; -239.012; -633.111; -661.800
623.509; -259.106; -816.105; -848.811
623.783;  -21.209;  -12.107;   48.193
624.056; -116.422; -254.120; -280.783
624.330;    8.986;   63.888;   -3.797
624.604;  -90.518; -271.116; -355.790
624.877;    0.089;  180.890;   26.198
625.151;  -92.416; -249.114; -238.794
625.425;  -96.605; -150.103; -283.814
625.698; -150.321; -367.119; -374.785
625.972; -217.311; -799.110; -765.802
626.245;   87.982;  685.884;  484.210
626.519; -150.821; -426.120; -340.784
626.792;  -87.808; -192.107; -380.807
627.066; -187.624; -485.122; -662.779
627.339; -235.011; -736.110; -663.802
627.613;   65.879;  351.880;  148.216
627.886;   49.389;  187.891; -612.803
628.160;  -75.822;  312.880; -161.783
628.433; -231.826; -695.125; -703.775
628.706; -187.321; -517.120; -615.784
628.979;   14.675;  296.876;  117.223
629.253; -269.820; -785.119; -833.786
629.526; -109.328; -334.126; -253.772
629.799; -173.425; -641.123; -479.778
630.072; -166.730; -497.128; -516.769
630.346; -339.618;-1115.116;-1080.790
630.619; -200.008; -467.107; -545.808
630.892;  136.988;  709.889;  593.200
631.165;  157.895;  790.896;  679.187
631.438; -308.013;-1092.112;-1055.798
631.711;   68.676;  453.877;  257.221
631.984; -155.418; -523.117; -624.789
632.257; -199.119; -636.117; -681.789
632.530;  -83.021; -412.119; -433.785
632.803;   14.984; -109.115;    7.207
633.076; -155.125; -360.123; -422.777
633.349;  -10.530;  173.872;  121.231
633.622; -103.821; -187.119; -240.785
633.895; -272.322; -903.120; -823.783
634.167; -151.128; -496.126; -525.773
634.440;  -33.617;  -19.116; -137.792
634.713;   -6.420;  -22.119; -120.786
634.986;  116.969;  593.871;  453.233
635.258; -178.116; -507.115; -597.793
635.531;  164.481;  742.882; -343.788
635.804; -106.618; -303.117; -318.789
636.077; -262.217; -830.116; -852.791
636.349; -205.616; -586.115; -474.793
636.622;  417.072; 1695.874; 1392.228
636.894; -160.621; -474.120; -909.784
637.167; -253.229; -836.127; -789.771
637.439;  -73.529; -278.128; -213.770
637.712; -116.028; -312.126; -293.772
637.984; -191.017; -635.116; -707.791
638.257;  147.575;  515.877;  488.222
638.529; -243.626; -881.125; -924.776
638.802; -178.130; -508.128; -449.769
639.074; -299.923; -927.122; -952.781
639.346; -297.036; -942.135; -930.757
639.619;  -27.944;  -79.142; -319.744
639.891;  -79.124;  -83.122; -168.779
640.163; -196.524; -689.122; -756.780
640.435;   25.076;  273.878;  103.220
640.708;  -41.423;  -72.122; -132.780
640.980; -140.423; -366.122; -362.781
641.252;  -40.223;  -25.121;  -71.781
641.524;   96.577;  580.879;  573.219
641.796; -262.323;-1094.121; -907.782
642.068;  -93.622; -191.121; -300.782
642.340; -175.422; -486.121; -566.783
642.613;   42.578;  294.880;  323.217
642.885; -237.122; -787.120; -878.783
643.157; -260.121; -810.120; -658.784
643.428;   51.279;  170.880;  218.216
643.700; -139.121; -498.120; -425.784
643.972;  -48.321;  -16.119; -133.785
644.244; -167.021; -474.119; -559.785
644.516; -104.920; -250.119; -114.786
644.788;  157.980;  662.881;  548.214
645.060;  -26.220;  -12.119; -124.786
645.332; -193.320; -525.118; -535.787
645.603;   96.080;  479.882;  342.213
645.875; -154.319; -334.118; -369.787
646.147;  337.581; 1487.882; 1242.212
646.418; -301.319; -931.117; -918.788
646.690; -202.819; -714.117; -715.789
646.962; -117.219; -413.117; -451.789
647.233;   -6.618;   15.883;   11.211
647.505; -187.918; -595.117; -475.790
647.776;   71.982;  328.884;  229.210
648.048; -101.718; -248.116; -418.790
648.320; -209.517; -752.116; -679.791
648.591; -286.817;-1055.116; -958.791
648.862; -142.617; -505.116; -577.792
649.134;   -6.417;  115.885;  198.208
649.405; -177.617; -661.115; -618.792
649.677; -199.316; -475.115; -598.793
649.948;  -93.716; -181.115; -296.793
650.219;  -40.216;  -37.115; -147.793
650.491; -134.516; -431.114; -520.794
650.762; -226.616; -705.114; -731.794
651.033; -132.315; -437.114; -424.795
651.304; -250.115; -743.114; -728.795
651.576; -205.815; -680.114; -645.795
651.847;  -73.815; -250.113; -140.796
652.118;  -25.415;  -32.113; -189.796
652.389; -212.914; -639.113; -722.796
652.660;  -62.414; -147.113;  -89.797
652.931; -272.914; -897.112; -871.797
653.202; -152.414; -382.112; -541.798
653.473; -173.613; -633.112; -533.798
653.744; -163.713; -595.112; -590.798
654.015; -134.013; -356.112; -303.799
654.286; -173.313; -642.111; -663.799
654.557; -195.113; -586.111; -521.799
654.828; -301.212;-1114.111;-1088.800
655.099; -158.412; -404.111; -291.800
655.370; -140.512; -427.111; -543.801
655.641; -221.612; -656.110; -714.801
655.911; -179.412; -618.110; -638.801
656.182;   72.689;  437.890;  387.198
656.453;  225.089;  830.890;  746.198
656.724; -152.611; -466.110; -426.802
656.994; -179.411; -553.109; -568.803
657.265; -255.111; -862.109; -873.803
657.536; -157.310; -500.109; -377.804
657.806; -198.410; -561.109; -593.804
658.077; -265.810; -866.109; -950.804
658.347; -186.010; -523.108; -598.805
658.618; -207.909; -646.108; -694.805
658.888;  -35.409;  -41.108;  112.195
659.159; -165.609; -432.108; -548.806
659.429; -133.509; -292.108; -349.806
659.700; -104.109; -435.107; -390.807
659.970; -138.508; -370.107; -359.807
660.241; -245.808; -754.107; -921.807
660.511;  -75.108; -147.107; -174.808
660.781; -215.708; -793.106; -748.808
661.052; -109.408; -222.106; -381.808
661.322;  -46.107;   21.894;   -9.809
661.592;   55.293;  257.894;  148.191
661.862; -147.507; -369.106; -382.810
662.133; -166.107; -551.105; -502.810
662.403; -219.607; -770.105; -676.810
662.673;  -87.106; -256.105; -213.811
662.943; -175.606; -612.105; -551.811
663.213;  -64.706;  -85.105;  -81.811
663.483; -190.206; -593.104; -568.812
663.753;  -70.305; -194.104; -152.812
664.023;  -19.805;   68.896;  -32.813
664.293; -110.805; -319.104; -126.813
664.563; -181.805; -694.104; -648.813
664.833; -224.305; -743.103; -608.814
665.103; -255.504; -730.103; -793.814
665.373; -268.504; -766.103; -806.814
665.643; -285.204; -863.103; -918.815
665.913; -202.004; -534.103; -714.815
666.182; -231.004; -685.102; -719.816
666.452;  -83.503;  -22.102;  -89.816
666.722; -264.503; -724.102; -784.816
666.992; -287.903; -948.102; -921.817
667.261; -218.703; -824.102; -808.817
667.531;  -46.303;  134.899;   45.183
667.801; -135.602; -440.101; -412.818
668.070;  159.898;  714.899;  697.182
668.340; -236.202; -883.101; -840.819
668.609;  128.898;  588.900;  301.181
668.879; -177.801; -490.100; -558.819
669.149; -151.801; -539.100; -516.820
669.418; -242.601; -698.100; -726.820
669.688; -203.801; -482.100; -666.820
669.957; -173.801; -423.099; -546.821
670.226; -118.100; -268.099; -331.821
670.496; -187.000; -431.099; -635.822
670.765; -140.800; -418.099; -501.822
671.034; -262.200; -872.099; -828.822
671.304;   -9.400;   55.902; -111.823
671.573; -309.399;-1085.098; -957.823
671.842; -114.799; -380.098; -294.823
672.112; -191.199; -692.098; -586.824
672.381;  -87.399; -239.098; -214.824
672.650; -285.599;-1005.097;-1021.825
672.919; -205.198; -631.097; -507.825
673.188; -190.298; -681.097; -878.825
673.457; -349.498;-1101.097;-1143.826
673.726; -192.598; -579.096; -646.826
673.995; -135.897; -533.096; -479.826
674.265; -102.797; -263.096; -333.827
674.534;  -92.797; -183.096; -235.827
674.802; -162.397; -618.096; -703.828
675.071; -245.097; -886.095; -801.828
675.340; -169.396; -464.095; -339.828
675.609;   -0.896;  103.905;   82.171
675.878; -270.696; -949.095; -893.829
676.147;  -41.396;  -26.095;   -8.829
676.416;  -57.896; -210.094; -294.830
676.685;  274.305; 1000.906; -622.830
676.953; -180.595; -603.094; -452.831
677.222; -101.495; -193.094; -273.831
677.491;  -45.695;  -24.094; -127.831
677.759;  -64.295;   11.907;  172.168
678.028;  -86.494; -279.093; -222.832
678.297;  -39.294;   71.907;  197.168
678.565; -271.094; -898.093; -944.833
678.834; -119.294; -311.093; -268.833
679.102; -141.793; -411.092; -391.834
679.371; -281.193; -898.092; -727.834
679.639; -245.893; -797.092; -786.834
679.908; -231.293; -794.092; -724.835
680.176; -272.793; -895.091; -941.835
680.445; -129.492; -346.091; -352.835
680.713;  -14.192;  -58.091;  -23.836
680.982; -174.192; -523.091; -525.836
681.250; -215.292; -578.091; -507.837
681.518; -201.792; -534.090; -751.837
681.787;  -80.491; -204.090; -167.837
682.055; -148.491; -490.090; -422.838
682.323; -272.891; -993.090; -992.838
682.591;  -82.891; -216.090; -538.838
682.859;  -45.491;    9.911;  -35.839
683.128;   32.710;  232.911;  497.161
683.396; -316.490;-1102.089;-1122.840
683.664;  -79.190; -241.089;   21.160
683.932;   58.310;  144.911;  -76.840
684.200; -171.089; -576.088; -320.841
684.468;  -64.689;  -73.088; -124.841
684.736;  -75.889; -214.088; -175.841
685.004; -276.589;-1024.088; -982.842
685.272; -254.189; -880.088; -774.842
685.540; -177.888; -499.087; -557.843
685.808; -191.388; -651.087; -682.843
686.076; -275.888; -894.087; -969.843
686.343; -221.688; -601.087; -815.844
686.611;  -47.788; -195.087; -224.844
686.879; -166.287; -530.086; -553.844
687.147; -177.087; -483.086; -480.845
687.414;  -75.887;  -12.086; -169.845
687.682; -211.987; -658.086; -757.846
687.950;   67.913;  259.915;  263.154
688.217; -221.386; -792.085; -760.846
688.485; -199.286; -632.085; -636.847
688.753;  -70.086;  -11.085; -102.847
689.020; -286.686; -820.085; -851.847
689.288; -242.885; -853.084; -787.848
689.555;  -73.185; -195.084; -148.848
689.823;  -46.885; -241.084; -345.849
690.090; -191.485; -546.084; -651.849
690.358; -302.985; -877.084; -897.849
690.625;    6.516;  120.917;   45.150
690.892; -177.384; -403.083; -369.850
691.160;  -53.984;   72.917;  -35.850
691.427;    4.716;  141.917;  130.149
691.694; -293.284; -855.083; -929.851
691.962; -309.983;-1177.082;-1060.852
692.229;  -23.683;  127.918;   56.148
692.496;  -30.083;  130.918;  -49.852
692.763;  -65.483; -164.082; -201.853
693.031; -212.683; -739.082; -716.853
693.298; -205.182; -509.081; -368.853
693.565;  -52.582; -155.081; -163.854
693.832;  -16.482;   -5.081;   -9.854
694.099; -184.782; -643.081; -642.855
694.366; -299.181; -882.081; -896.855
694.633; -270.281; -920.080; -633.855
694.900; 1279.419; 4367.920; -114.856
695.167;  -66.281; -214.080; -380.856
695.434; -237.181; -646.080; -623.856
695.701;   36.720;  121.921;  -61.857
695.968; -149.680; -365.079; -361.857
696.234; -187.680; -415.079; -646.858
696.501; -230.280; -776.079; -614.858
696.768; -190.180; -554.079; -617.858
697.035; -226.879; -632.078; -667.859
697.302; -184.679; -448.078; -552.859
697.568; -149.779; -458.078; -497.859
697.835; -200.679; -683.078; -624.860
698.102; -188.479; -498.078; -407.860
698.368;   74.722;  384.923;  396.139
698.635; -158.978;  -47.077; -424.861
698.901; -119.078; -240.077; -348.861
699.168; -177.178; -534.077; -456.862
699.435;  -21.177;  -72.077;  -13.862
699.701; -307.877; -868.076; -764.862
699.968; -117.477;  144.924; -441.863
700.234; -249.877; -783.076; -822.863
700.500; -149.277; -448.076; -539.864
700.767;  -17.076;   -1.075;   26.136
701.033; -291.776;-1015.075; -963.864
701.299; -151.376; -450.075; -483.865
701.566;  209.224;  950.925;  763.135
701.832;  -36.076;  -31.075;  -76.865
702.098; -249.975;-1054.074;-1034.866
702.365; -334.675;-1098.074;-1030.866
702.631; -311.975;-1038.074;-1063.867
702.897; -205.875; -765.074; -676.867
703.163;   58.325;  348.926;  254.133
703.429; -112.074; -256.073; -273.868
703.695; -184.274; -796.073; -792.868
703.961;  -78.674; -214.073; -210.868
704.227; -216.974; -630.073; -725.869
704.493;  130.427;  613.927;  510.131
704.759; -167.473; -565.072; -540.870
705.025;  -69.573; -203.072; -194.870
705.291; -162.873; -666.072; -562.870
705.557;  153.727;  719.928;   34.129
705.823; -230.372; -742.072; -694.871
706.089; -138.972; -307.071; -326.871
706.355;  -92.472; -315.071; -244.872
706.620; -259.872; -776.071; -729.872
706.886; -120.572; -309.071; -362.873
707.152; -285.971; -818.070; -973.873
707.418; -387.571;-1153.070;-1186.873
707.683; -180.571; -550.070; -530.874
707.949; -172.271; -547.070; -578.874
708.215;  -96.571; -129.070; -207.874
708.480; -135.970; -520.069; -420.875
708.746;    2.030;   68.931;   28.125
709.011; -192.070; -578.069; -612.876
709.277; -199.370; -538.069; -543.876
709.542; -135.869; -428.069; -387.876
709.808;  -63.069;  -59.068;   89.123
710.073; -180.969; -577.068; -695.877
710.339;  -89.369; -242.068; -228.877
710.604; -276.869; -780.068; -845.878
710.869; -148.868; -277.068; -366.878
711.135; -182.368; -715.067; -628.879
711.400; -220.668; -507.067; -608.879
711.665; -127.468; -404.067; -479.879
711.931; -203.168; -661.067; -677.880
712.196; -262.867; -876.067; -954.880
712.461; -169.167; -402.066; -490.880
712.726; -222.667; -727.066; -771.881
712.991; -248.167; -647.066; -664.881
713.256;  -90.767; -350.066; -332.882
713.521; -164.866; -417.065; -381.882
713.787; -150.566; -454.065; -472.882
714.052; -137.666; -214.065; -400.883
714.317; -315.266;-1045.065; -981.883
714.581; -100.765; -374.065; -268.883
714.846; -239.165; -822.064; -888.884
715.111;   43.135;  261.936;  257.116
715.376;  -94.165;  -86.064; -223.885
715.641; -136.665; -365.064; -367.885
715.906; -127.064;   15.936; -551.885
716.171;   12.236;  221.937;  209.114
716.436;   -1.864;  -78.063; -104.886
716.700; -218.364; -818.063; -692.886
716.965; -237.664; -794.063; -807.887
717.230; -151.063; -339.063; -392.887
717.494;  -34.263;  -40.062; -134.888
717.759; -218.863; -784.062; -640.888
718.024;   25.537;  269.938;  250.112
718.288;  141.237;  685.938;  395.111
718.553; -266.162; -803.062; -977.889
718.817; -256.762; -883.061; -899.889
719.082;  -39.062; -115.061; -125.890
719.346; -269.062;-1000.061; -947.890
719.611;  -85.061; -300.061; -255.891
719.875; -185.161; -568.060; -537.891
720.140; -147.661; -453.060; -603.891
720.404;  -61.061; -136.060; -249.892
720.668; -130.361; -475.060; -411.892
720.933;    3.740;  146.940;  137.108
721.197; -211.060; -667.059; -600.893
721.461; -271.760; -851.059; -826.893
721.725;   -6.860;  -21.059; -250.894
721.990;  -86.460; -284.059; -204.894
722.254;  -32.259;  -26.059; -108.894
722.518; -146.959; -286.058; -442.895
722.782; -174.759; -743.058; -594.895
723.046;  151.941;  614.942;  570.105
723.310;   81.641;  374.942;  210.104
723.574; -191.858; -654.058; -614.896
723.838; -194.058; -576.057; -642.897
724.102;  -80.958; -226.057; -239.897
724.366; -282.158;-1032.057; -978.897
724.630; -193.557; -749.057; -571.898
724.894; -161.957; -722.057; -514.898
725.158;  -36.157;   38.944; -295.898
725.422; -104.357; -394.056; -327.899
725.685; -159.757; -441.056; -349.899
725.949; -199.856; -566.056; -519.900
726.213; -271.656; -732.056; -811.900
726.477; -283.256;-1020.055; -933.900
726.740;  -87.856; -274.055; -104.901
727.004; -132.856; -384.055; -510.901
727.268; -158.655; -442.055; -400.901
727.531; -251.055; -961.055; -775.902
727.795; -224.255; -713.054; -673.902
728.059; -172.755; -552.054; -557.903
728.322; -220.955; -841.054; -669.903
728.586; -183.554; -692.054; -701.903
728.849; -257.254; -695.053; -756.904
729.112; -238.054; -812.053; -912.904
729.376; -273.554; -959.053; -905.904
729.639; -198.253; -536.053; -536.905
729.903; -218.053; -733.053; -699.905
730.166; -139.553; -437.052; -399.906
730.429; -100.153; -317.052; -468.906
730.693; -172.053; -355.052; -894.906
730.956;  142.348;  810.948;  651.093
731.219;  -73.852; -310.052; -103.907
731.482; -252.652;-1003.051; -894.907
731.745; -286.352; -794.051; -935.908
732.009;  -21.352;  -30.051;   50.092
732.272; -210.351; -904.051; -771.909
732.535; -138.251; -300.051; -310.909
732.798; -321.451;-1083.050;-1166.909
733.061; -164.251; -430.050; -456.910
733.324;  -32.251;   31.950; -180.910
733.587;   59.550;  290.950;  365.090
733.850; -199.750; -973.049;-1050.911
734.113;   -9.750;   33.951;   32.089
734.376; -154.750; -328.049; -447.912
734.639;  264.451; 1188.951; 1011.088
734.901;  -96.549; -180.049; -402.912
735.164; -262.649; -883.048; -837.913
735.427;  -56.249; -166.048; -355.913
735.690;  -65.449; -205.048; -234.913
735.952; -287.648; -923.048; -925.914
736.215; -336.148;-1113.048;-1009.914
736.478; -238.848; -771.047; -774.915
736.740;  -38.548;   33.953;  129.085
737.003; -223.148; -658.047; -672.915
737.266;  199.153;  -94.047;   46.084
737.528; -199.947; -682.047; -660.916
737.791; -137.347; -316.046; -327.916
738.053;   84.453;  465.954;  649.083
738.316; -104.947; -162.046; -136.917
738.578; -208.346; -770.046; -736.918
738.841; -133.346; -382.046; -446.918
739.103; -240.046; -875.045; -777.918
739.365;  -44.246;   79.955;  -69.919
739.628; -243.945; -884.045; -805.919
739.890; -200.945; -758.045; -710.919
740.152; -236.945; -692.044; -754.920
740.414; -149.845; -408.044; -359.920
740.677; -185.845; -785.044; -634.921
740.939; -187.344; -587.044; -487.921
741.201; -187.744; -432.044; -572.921
741.463; -200.344; -689.043; -745.922
741.725;  -60.844;  -21.043; -199.922
741.987;    1.456;  220.957;  116.078
742.249; -226.443; -751.043; -859.923
742.511; -233.343; -703.043; -794.923
742.773; -160.843; -546.042; -546.924
743.035;  130.757;  796.958;  533.076
743.297; -308.243; -963.042;-1013.924
743.559;  -69.842; -278.042; -262.925
743.821; -231.542; -735.042; -744.925
744.083;  -96.042;  -44.041; -149.925
744.345; -243.442; -869.041; -892.926
744.607;  -15.441;   75.959;  122.074
744.868; -176.141; -490.041; -554.927
745.130; -293.941; -994.041;-1008.927
745.392;  -11.241;   -1.040;  -44.927
745.653; -144.941; -411.040; -378.928
745.915;  169.060;  896.960;  631.072
746.177;  -89.140;   35.960;  -43.928
746.438; -186.940; -428.040; -543.929
746.700; -285.240; -947.039; -988.929
746.961; -222.340; -659.039; -740.930
747.223;  -91.339; -190.039;  -74.930
747.484; -157.339; -391.039; -471.930
747.746; -109.239;  -23.038; -106.931
748.007; -187.139; -647.038; -689.931
748.269; -120.739; -468.038; -440.931
748.530; -191.138; -852.038; -638.932
748.791; -149.438; -354.038; -420.932
749.053;   32.662;  286.963;  163.067
749.314;  -92.038; -236.037; -169.933
749.575; -268.137; -945.037; -905.933
749.836;  -61.837; -217.037;   86.066
750.098;  -63.037;  -60.037;  -21.934
750.359;   98.663;  414.964;  555.066
750.620;  -37.537; -121.036; -220.935
750.881; -202.736; -585.036; -513.935
751.142; -264.436; -950.036; -938.936
751.403; -220.636; -789.036; -705.936
751.664; -313.236;-1034.035; -999.936
751.925;  -94.336; -175.035; -262.937
752.186;  -42.235; -298.035; -278.937
752.447; -169.735; -590.035; -445.937
752.708; -183.835; -532.035; -648.938
752.969; -195.635; -566.034; -576.938
753.230; -232.535; -777.034; -672.939
753.491; -220.934; -650.034; -631.939
753.751;    8.766;  109.966;   19.061
754.012;   60.366;  258.967;  181.060
754.273;  -72.534; -174.033;  -71.940
754.534; -183.533; -487.033; -580.940
754.794; -274.833; -926.033; -911.941
755.055;  241.067; 1051.967;  881.059
755.316; -169.133; -700.032; -566.942
755.576; -171.733; -606.032; -576.942
755.837; -180.832; -527.032; -695.942
756.097; -160.432; -530.032; -564.943
756.358; -248.732; -725.032; -770.943
756.618; -209.532; -705.031; -641.943
756.879; -107.732; -254.031; -349.944
757.139; -351.531;-1098.031;-1116.944
757.400; -212.931; -538.031; -553.945
757.660; -113.331; -365.031; -401.945
757.920; -125.631; -266.030; -228.945
758.181; -117.731; -468.030; -351.946
758.441; -230.330; -870.030; -809.946
758.701; -123.230; -308.030; -215.946
758.961;  -58.630; -220.030; -278.947
759.222; -164.730; -574.029; -502.947
759.482; -221.629; -683.029; -723.948
759.742; -261.129; -706.029; -547.948
760.002;  -51.629;  -83.029; -143.948
760.262;  -55.129;   50.972;  182.051
760.522; -169.829; -498.028; -574.949
760.782; -217.828; -738.028; -612.949
761.042; -179.828; -618.028; -573.950
761.302;  -42.328;   55.972;  -18.950
761.562;  -41.928; -164.027; -154.951
761.822; -196.128; -710.027; -551.951
762.082; -352.427;-1104.027;-1093.951
762.342; -119.927; -328.027; -403.952
762.601; -183.327; -567.027; -506.952
762.861; -114.227; -281.026; -207.952
763.121; -109.627; -406.026; -411.953
763.381; -167.626; -499.026; -485.953
763.640;  -92.526; -139.026; -307.954
763.900; -109.826; -242.026; -203.954
764.160; -150.426; -458.025; -491.954
764.419; -195.425; -726.025; -782.955
764.679; -237.125; -795.025; -726.955
764.939;  -81.225; -124.025; -210.955
765.198; -199.425; -608.025; -563.956
765.458; -193.925; -710.024; -612.956
765.717; -217.324; -454.024; -590.957
765.976; -154.924; -428.024; -411.957
766.236; -177.324; -475.024; -610.957
766.495;   -5.624;  260.977;   73.042
766.755; -291.724;-1090.023; -987.958
767.014; -191.723; -594.023; -665.958
767.273; -126.723; -373.023; -397.959
767.533; -110.123; -228.023; -307.959
767.792;  -70.123; -151.022; -188.960
768.051; -124.823; -228.022; -276.960
768.310; -144.622; -546.022; -650.960
768.569;  -63.222; -161.022;    4.039
768.828;  -84.522; -285.022; -363.961
769.088; -318.522;-1050.021; -942.961
769.347; -225.121; -755.021; -599.962
769.606; -239.221; -876.021; -857.962
769.865; -307.221;-1016.021;-1033.963
770.124;  -99.721; -411.021; -336.963
770.383; -268.921; -778.020; -910.963
770.641; -159.820; -398.020; -400.964
770.900; -286.820; -953.020; -846.964
771.159; -293.020; -851.020; -951.964
771.418; -283.920; -917.020; -779.965
771.677;  -84.120; -224.019; -293.965
771.936; -241.419; -794.019; -865.966
772.194; -272.719; -465.019; -437.966
772.453; -119.419; -213.019; -391.966
772.712;   59.181;  416.982;  329.033
772.970;  -36.119;   32.982;   63.033
773.229;  -32.218;  -22.018;  102.033
773.488; -243.818; -814.018; -770.968
773.746;   46.082;  296.982;  335.032
774.005;  -12.118;  190.983;  -22.969
774.263;   -7.917;  243.983;  177.031
774.522; -186.717; -422.017; -548.969
774.780; -176.717; -484.017; -417.970
775.039; -192.717; -551.017; -531.970
775.297;  -84.117; -135.016; -351.970
775.555; -198.116; -489.016; -612.971
775.814; -210.816; -618.016; -570.971
776.072; -204.116; -749.016; -740.971
776.330; -189.416; -630.016; -520.972
776.589; -242.116; -703.015; -721.972
776.847; -262.315; -645.015; -624.973
777.105; -300.315;-1016.015;-1032.973
777.363; -154.715; -459.015; -454.973
777.621; -248.815; -660.015; -717.974
777.879;  -52.415;  -42.014;   32.026
778.138; -167.514; -554.014; -717.974
778.396; -186.014; -585.014; -526.975
778.654; -304.614;-1015.014; -970.975
778.912; -128.414; -269.014; -371.976
779.170; -229.813; -880.013; -803.976
779.427; -297.813; -922.013; -897.976
779.685; -275.113; -880.013; -832.977
779.943; -250.113; -654.013; -593.977
780.201; -262.613; -964.012; -883.978
780.459; -236.412; -651.012; -610.978
780.717; -109.412; -440.012; -390.978
780.974; -171.812; -449.012; -490.979
781.232; -149.212; -358.012; -338.979
781.490; -202.512; -551.011; -472.979
781.747; -141.411; -555.011; -476.980
782.005;   53.089;  462.989;  254.020
782.263; -287.311; -542.011;-1004.981
782.520; -149.011; -326.011; -501.981
782.778; -292.111;-1013.010;-1051.981
783.035; -329.210; -962.010; -938.982
783.293;  -96.710; -248.010; -206.982
783.550;  -51.110; -134.010; -198.982
783.808; -199.810; -764.010; -776.983
784.065; -317.209; -745.009; -874.983
784.322;  -35.209;   25.991;  -86.984
784.580; -243.709; -915.009; -771.984
784.837; -154.409; -392.009; -466.984
785.094; -256.809; -783.009; -762.985
785.352; -131.108; -304.008; -404.985
785.609; -318.708; -934.008; -839.985
785.866; -148.208; -345.008; -401.986
786.123; -226.708; -639.008; -583.986
786.380; -196.908; -665.008; -604.987
786.637; -134.607; -225.007; -380.987
786.895; -193.207; -456.007; -543.987
787.152;  -60.307; -135.007; -267.988
787.409;  -50.607; -123.007; -225.988
787.666; -173.107; -299.006; -378.988
787.923; -165.006; -616.006; -695.989
788.179; -170.006; -551.006; -584.989
788.436; -208.806; -585.006; -585.990
788.693;  -64.906;  -92.006;  -87.990
788.950;  -66.505; -125.005; -112.990
789.207; -154.205; -381.005; -372.991
789.464;  -93.005; -161.005; -301.991
789.720;  -20.905;  150.995;  110.009
789.977; -292.705;-1003.005; -671.992
790.234;  -56.304;   44.996;  -66.992
790.490; -265.404; -884.004;-1031.993
790.747;  -48.404;  -85.004;   22.007
791.004; -139.404; -426.004; -348.993
791.260; -158.904; -430.004; -560.994
791.517; -215.203; -843.003; -788.994
791.773; -131.403; -379.003; -342.994
792.030; -232.603; -596.003; -660.995
792.286; -217.603; -686.003; -636.995
792.543;  -66.703;  -74.002; -159.995
792.799; -156.602; -584.002; -382.996
793.055; -361.402;-1179.002;-1210.996
793.312; -278.302; -827.002; -816.997
793.568; -219.102; -746.002; -599.997
793.824; -129.801; -226.001; -284.997
794.081; -159.501; -447.001; -508.998
794.337; -197.901; -664.001; -561.998
794.593; -106.501; -319.001; -271.999
794.849; -260.801; -746.001; -772.999
795.105; -135.100; -270.000; -261.999
795.361; -162.200; -490.000; -457.000
795.617; -285.300; -875.000; -945.000
795.873; -192.700; -360.000; -407.000
796.129; -140.300; -368.000; -306.000
796.385;  -94.300; -124.000; -156.000
796.641;  118.700;  412.000;  550.000
796.897; -217.700; -666.000; -635.000
797.153;  112.400;  453.000;  357.000
797.409; -258.600; -785.000; -868.000
797.665; -248.700; -625.000; -732.000
797.921; -253.400; -775.000; -762.000
798.176; -180.700; -744.000; -747.000
798.432; -249.600; -824.000; -596.000
798.688; -344.400;-1174.000;-1078.000
798.943;  -93.400; -165.000; -147.000
799.199; -275.100;-1005.000; -959.000
799.455;   74.400;  369.000;  316.000
799.710; -231.800; -813.000; -380.000
799.966; -115.400; -162.000; -160.000
800.221; -213.900; -638.000; -721.000
800.477; -231.700; -743.000; -710.000
800.732; -268.000; -773.000; -800.000
800.988;   17.300;  205.000;  -19.000
801.243; -118.900; -454.000; -344.000
801.498; -259.000; -814.000; -739.000
801.754;  -90.500; -289.000; -163.000
802.009; -131.200; -257.000; -335.000
802.264; -308.800; -967.000;-1033.000
802.520;  -55.000;  222.000;   -3.000
802.775; -162.100; -524.000; -359.000
803.030;   29.500;  395.000;  356.000
803.285; -260.000; -840.000; -903.000
803.540; -208.800; -686.000; -699.000
803.795; -193.900; -648.000; -583.000
804.051; -115.100; -279.000; -346.000
804.306;   19.000;  168.000;  128.000
804.561;   42.500;  451.000;  362.000
804.816;  209.100;  714.000;  861.000
805.071; -103.000; -185.000; -280.000
805.325; -155.400; -257.000; -427.000
805.580; -291.900; -841.000; -877.000
805.835; -111.300; -204.000; -297.000
806.090; -254.100; -760.000; -676.000
806.345; -134.200; -344.000; -264.000
806.600; -212.200; -549.000; -632.000
806.854; -187.600; -408.000; -538.000
807.109; -171.000; -493.000; -577.000
807.364; -121.000; -407.000; -328.000
807.618; -150.700; -415.000; -381.000
807.873; -186.000; -470.000; -494.000
808.128; -108.900; -257.000; -518.000
808.382; -127.100; -224.000; -332.000
808.637; -181.100; -440.000; -511.000
808.891;  -65.000; -257.000; -180.000
809.146; -325.500; -902.000; -794.000
809.400; -262.800; -848.000; -923.000
809.654; -230.500; -779.000; -551.000
809.909; -280.800; -841.000; -927.000
810.163; -235.000; -813.000; -651.000
810.418; -282.400; -940.000; -861.000
810.672; -224.600; -685.000; -690.000
810.926; -291.300; -993.000; -973.000
811.180; -165.000; -439.000; -372.000
811.434;   36.900;  240.000;  135.000
811.689; -147.700; -231.000; -365.000
811.943; -317.300; -936.000; -953.000
812.197; -239.300; -893.000; -671.000
812.451; -163.500; -379.000; -514.000
812.705; -279.200; -809.000; -619.000
812.959; -145.000; -263.000; -388.000
813.213; -104.300; -283.000; -209.000
813.467;  107.400;  470.000;  253.000
813.721; -245.900; -764.000; -792.000
813.975; -251.000; -826.000; -877.000
814.229;   16.100;  430.000;  353.000
814.482; -190.300; -517.000; -566.000
814.736; -251.000; -766.000; -744.000
814.990; -273.100; -779.000; -872.000
815.244; -118.300; -228.000; -285.000
815.497; -216.700; -636.000; -601.000
815.751;  -73.400; -141.000;   82.000
816.005; -172.700; -470.000; -586.000
816.258; -150.200; -510.000; -363.000
816.512; -223.700; -693.000; -610.000
816.766;  -40.600;  121.000;  157.000
817.019;   35.100;  148.000;  149.000
817.273; -300.400;-1000.000; -802.000
817.526;  -61.500; -206.000; -173.000
817.779; -326.000;-1049.000; -960.000
818.033; -260.400; -693.000; -807.000
818.286; -234.700; -725.000; -792.000
818.540; -192.300; -403.000; -403.000
818.793; -162.600; -402.000; -489.000
819.046; -166.400; -582.000; -520.000
819.299;  -51.500; -157.000; -166.000
819.553; -208.900; -552.000; -592.000
819.806; -326.300;-1016.000; -838.000
820.059; -106.600; -334.000; -354.000
820.312;   14.600;  152.000;  185.000
820.565;    7.000;  110.000;  -27.000
820.818;  -69.800;  -59.000; -173.000
821.071; -313.300;-1041.000; -957.000
821.324; -225.300; -536.000; -540.000
821.577; -191.000; -457.000; -483.000
821.830; -136.300; -270.000; -172.000
822.083; -233.300; -733.000; -288.000
822.336; -114.500; -261.000; -167.000
822.589; -256.700; -805.000; -688.000
822.842; -286.700; -875.000; -770.000
823.094; -329.900;-1076.000;-1114.000
823.347; -266.300; -925.000; -729.000
823.600;   42.200;  402.000;  187.000
823.853; -129.200; -311.000; -267.000
824.105; -166.900; -331.000; -575.000
824.358; -253.200; -617.000; -716.000
824.611;   22.700;  234.000;   40.000
824.863; -195.400; -612.000; -591.000
825.116;  -36.300;  -33.000;   27.000
825.368; -190.300; -366.000; -372.000
825.621;  -68.300; -186.000; -240.000
825.873; -250.700; -704.000; -737.000
826.126; -241.500; -669.000; -641.000
826.378; -160.200; -389.000; -505.000
826.630; -264.300; -890.000; -898.000
826.883; -267.500; -754.000; -693.000
827.135; -125.600; -279.000; -270.000
827.387; -286.600; -893.000; -839.000
827.639;  -45.800;  -86.000;   32.000
827.892; -233.300; -742.000; -582.000
828.144; -277.400; -848.000; -804.000
828.396;  -37.000;  104.000;  -80.000
828.648; -174.800; -440.000; -333.000
828.900; -272.200; -702.000; -795.000
829.152; -244.700; -684.000; -683.000
829.404; -118.300; -215.000; -267.000
829.656;   32.000;  321.000;  214.000
829.908;   -6.200;  393.000;  229.000
830.160; -306.500;-1064.000;-1047.000
830.412; -178.900; -481.000; -430.000
830.664; -217.300; -557.000; -665.000
830.916; -141.800; -268.000; -206.000
831.167; -327.500;-1073.000; -951.000
831.419; -214.800; -623.000; -566.000
831.671; -231.600; -764.000; -809.000
831.923; -138.700; -311.000; -447.000
832.174; -115.200; -273.000; -331.000
832.426; -228.400; -493.000; -582.000
832.678; -343.600;-1043.000;-1091.000
832.929; -330.300; -947.000; -935.000
833.181; -197.500; -575.000; -677.000
833.432;  -89.100;  -59.000; -186.000
833.684;  -11.000;  112.000;  -27.000
833.935; -215.600; -610.000; -566.000
834.187; -210.300; -829.000; -823.000
834.438;  -65.200;  -58.000;  -25.000
834.689; -102.300; -255.000; -123.000
834.941;  -67.100; -343.000; -244.000
835.192; -225.000; -590.000; -533.000
835.443; -195.900; -419.000; -506.000
835.695;    0.000;  138.000;  -16.000
835.946; -171.100; -608.000; -378.000
836.197; -191.100; -599.000; -622.000
836.448; -197.500; -528.000; -395.000
836.699; -133.000; -253.000; -341.000
836.950;  -24.900;   72.000;    7.000
837.201; -290.800;-1003.000; -987.000
837.452; -148.800; -356.000; -170.000
837.703; -251.400; -791.000; -737.000
837.954; -133.600; -205.000; -365.000
838.205; -304.900;-1029.000;-1008.000
838.456; -106.100; -196.000; -282.000
838.707; -166.300; -423.000; -519.000
838.958; -242.700; -634.000; -647.000
839.209;  -41.900;   18.000;   40.000
839.460; -161.900; -439.000; -201.000
839.710; -114.600; -135.000; -297.000
839.961;  120.800;  730.000;  612.000
840.212; -177.900; -382.000; -497.000
840.462; -165.400; -328.000; -277.000
840.713; -185.600; -571.000; -536.000
840.964;  -99.400;  -62.000; -143.000
841.214; -191.700; -384.000; -624.000
841.465; -125.300; -214.000; -141.000
841.715; -142.800; -417.000; -380.000
841.966; -239.100; -746.000; -685.000
842.216; -141.900; -330.000; -431.000
842.466; -114.400; -169.000; -313.000
842.717; -313.700; -964.000; -952.000
842.967; -213.400; -635.000; -641.000
843.217;  -85.100;   20.000;   28.000
843.468;  -33.400; -104.000; -132.000
843.718; -237.500; -718.000; -726.000
843.968; -252.300; -837.000; -765.000
844.218; -101.700; -315.000; -262.000
844.469; -214.200; -577.000; -561.000
844.719; -202.200; -537.000; -682.000
844.969; -195.800; -550.000; -580.000
845.219; -274.500; -814.000; -862.000
845.469; -157.700; -392.000; -342.000
845.719; -267.800; -792.000; -884.000
845.969;    7.400;  119.000;  174.000
846.219; -248.000; -738.000; -720.000
846.469;   32.900;  464.000;  432.000
846.718; -108.300; -115.000;   31.000
846.968; -262.900; -827.000; -827.000
847.218;  -76.000; -224.000; -371.000
847.468; -234.200; -586.000; -555.000
847.718; -299.000; -827.000; -798.000
847.967; -283.000; -826.000; -915.000
848.217; -162.200; -449.000; -569.000
848.467; -162.300; -405.000; -376.000
848.716; -218.100; -708.000; -725.000
848.966; -141.300; -372.000; -358.000
849.215; -141.700; -428.000; -419.000
849.465; -250.000; -785.000; -615.000
849.714; -365.700;-1132.000;-1150.000
849.964; -210.300; -551.000; -613.000
850.213; -151.500; -393.000; -355.000
850.463;   12.100;  137.000;  340.000
850.712; -186.700; -542.000; -567.000
850.961; -235.300; -739.000; -678.000
851.211; -177.000; -513.000; -504.000
851.460; -213.100; -635.000; -650.000
851.709;  -35.100;  -25.000;   18.000
851.958; -256.500; -912.000; -750.000
852.208; -272.500; -859.000; -879.000
852.457;  -95.900; -181.000;  -13.000
852.706; -252.500; -791.000; -823.000
852.955; -196.900; -507.000; -528.000
853.204; -190.900; -521.000; -461.000
853.453; -169.400; -418.000; -458.000
853.702; -237.400; -660.000; -750.000
853.951; -194.300; -532.000; -520.000
854.200; -217.700; -613.000; -562.000
854.449; -264.900; -695.000; -661.000
854.698; -137.400; -340.000; -279.000
854.946; -122.700; -181.000; -284.000
855.195; -260.000; -843.000; -868.000
855.444; -160.400; -395.000; -420.000
855.693; -165.700; -345.000; -432.000
855.941; -191.000; -387.000; -516.000
856.190;  -98.000; -256.000; -382.000
856.439; -253.600; -652.000; -703.000
856.687;  -59.900;  -99.000;  -72.000
856.936; -181.200; -621.000; -323.000
857.184; -312.200;-1067.000;-1020.000
857.433; -162.100; -423.000; -512.000
857.681; -299.400; -989.000; -953.000
857.930; -144.200; -282.000; -433.000
858.178; -274.800; -856.000; -929.000
858.427; -264.400; -802.000; -781.000
858.675; -177.800; -377.000; -544.000
858.923; -203.100; -527.000; -819.000
859.172; -320.300;-1094.000;-1070.000
859.420; -166.000; -339.000; -239.000
859.668; -218.500; -624.000; -628.000
859.916;   -7.100;  109.000;  115.000
860.164; -220.100; -699.000; -603.000
860.413; -267.000; -878.000; -696.000
860.661; -216.900; -709.000; -577.000
860.909; -140.000; -339.000; -325.000
861.157; -145.200; -277.000; -444.000
861.405; -215.400; -534.000; -670.000
861.653;   63.600;  310.000;  310.000
861.901; -214.300; -543.000; -613.000
862.149; -262.500; -801.000; -824.000
862.396; -140.000; -297.000; -187.000
862.644; -134.000; -368.000; -347.000
862.892;  -21.200;   98.000;  138.000
863.140; -165.800; -549.000; -530.000
863.388; -302.000; -815.000; -759.000
863.635; -190.700; -642.000; -601.000
863.883;   44.800;  231.000;  190.000
864.131; -186.200; -288.000; -357.000
864.378; -221.100; -675.000; -540.000
864.626; -168.500; -347.000; -415.000
864.873; -225.800; -556.000; -505.000
865.121; -257.600; -714.000; -799.000
865.368;  -88.800; -173.000;   75.000
865.616;  -75.900;  -33.000;  -40.000
865.863; -164.900; -462.000; -506.000
866.111; -279.800; -795.000; -824.000
866.358; -158.700; -426.000; -420.000
866.605;  -55.000;  -64.000; -804.000
866.853; -232.700; -621.000; -537.000
867.100; -249.200; -728.000; -775.000
867.347; -228.300; -672.000; -611.000
867.594; -239.300; -740.000; -714.000
867.841;  -26.400;   97.000;   17.000
868.089; -257.900; -746.000; -698.000
868.336; -204.300; -477.000; -420.000
868.583; -229.600; -637.000; -741.000
868.830;  -77.400; -131.000; -170.000
869.077; -283.700; -859.000; -787.000
869.324; -200.600; -502.000; -458.000
869.571; -176.800; -398.000; -430.000
869.818; -180.400; -485.000; -439.000
870.065; -144.500; -439.000; -513.000
870.311; -172.000; -456.000; -542.000
870.558; -122.300; -332.000; -311.000
870.805; -136.700; -320.000; -384.000
871.052; -163.300; -494.000; -369.000
871.298; -102.100; -204.000; -131.000
871.545;  -81.200; -151.000; -185.000
871.792; -106.600; -173.000; -222.000
872.038;  -69.300;   43.000; -126.000
872.285; -197.100; -496.000; -387.000
872.532; -126.300; -357.000; -387.000
872.778;   66.700;  556.000;  403.000
873.025; -121.200; -384.000; -359.000
873.271;   96.600;  501.000;  578.000
873.517;  -65.600; -133.000; -209.000
873.764;  -71.400; -193.000;  -80.000
874.010; -124.000; -143.000; -230.000
874.257;  -27.700;  123.000;   90.000
874.503; -207.000; -579.000; -479.000
874.749; -109.800;   31.000;  275.000
874.995;  -33.800;  -80.000;  -20.000
875.242; -184.100; -540.000; -478.000
875.488; -179.900; -414.000; -439.000
875.734; -121.400; -106.000; -234.000
875.980; -302.100; -872.000;-1032.000
876.226; -124.400; -157.000; -255.000
876.472;   35.500;  343.000;  237.000
876.718;  -46.400;  184.000;  158.000
876.964;    6.900;   56.000;   55.000
877.210; -252.300; -547.000; -677.000
877.456; -193.000; -630.000; -557.000
877.702; -275.300; -821.000; -832.000
877.948; -162.100; -377.000; -497.000
878.193;   41.000;  361.000;  255.000
878.439; -157.500; -487.000; -472.000
878.685; -135.500; -272.000; -343.000
878.931; -197.300; -618.000; -676.000
879.176; -113.200; -201.000; -201.000
879.422; -314.600; -933.000; -820.000
879.668;   36.100;   10.000;   79.000
879.913;  -19.600;   53.000;  137.000
880.159;  -98.200; -112.000;  -17.000
880.404;  -93.100; -152.000; -162.000
880.650;  -27.700;   91.000;  141.000
880.895; -253.500; -670.000; -710.000
881.141; -165.800; -454.000; -428.000
881.386; -211.200; -503.000; -658.000
881.631; -135.100; -311.000; -166.000
881.877;   -7.300;  112.000;  -13.000
882.122; -212.700; -684.000; -600.000
882.367;  -75.500; -136.000; -186.000
882.612;  -91.000;  -80.000; -176.000
882.858; -264.600; -877.000; -823.000
883.103; -162.000; -297.000; -267.000
883.348; -237.600; -759.000; -852.000
883.593; -256.000; -677.000; -602.000
883.838;  -99.600; -311.000;  -24.000
884.083;   10.400;  353.000;  288.000
884.328; -132.100; -564.000; -545.000
884.573; -102.500; -196.000; -143.000
884.818; -199.500; -694.000; -531.000
885.063; -151.400; -348.000; -315.000
885.308; -146.800; -475.000; -398.000
885.553;   43.800;  245.000;  325.000
885.797; -213.600; -545.000; -615.000
886.042;  -39.100;    8.000;   58.000
886.287; -117.500; -253.000; -211.000
886.532;  -15.300;   26.000;  204.000
886.776; -156.700; -407.000; -525.000
887.021; -223.800; -621.000; -574.000
887.265; -225.300; -685.000; -689.000
887.510; -231.700; -557.000; -496.000
887.755; -116.400; -194.000; -164.000
887.999; -239.700; -552.000; -575.000
888.244;   -6.300;  -58.000;  161.000
888.488;   73.500;  371.000;  393.000
888.732; -141.600; -368.000; -520.000
888.977; -220.000; -622.000; -567.000
889.221; -220.800; -683.000; -659.000
889.465; -227.400; -422.000; -566.000
889.710;  -97.500;  -56.000; -299.000
889.954;   70.100;  579.000;  467.000
890.198; -190.500; -584.000; -707.000
890.442; -282.500; -716.000; -712.000
890.687; -260.900; -800.000; -753.000
890.931; -144.300; -273.000; -210.000
891.175; -189.600; -502.000; -500.000
891.419;  -60.900; -105.000; -110.000
891.663;  -98.900; -239.000; -112.000
891.907; -289.900; -801.000; -545.000
892.151; -293.000; -920.000; -815.000
892.395; -172.700; -274.000; -387.000
892.638;    5.800;  408.000;  291.000
892.882; -272.800; -780.000; -867.000
893.126;  103.200;  758.000;  558.000
893.370; -133.400; -167.000; -168.000
893.614; -244.400; -714.000; -715.000
893.857; -137.300; -183.000; -197.000
894.101; -190.700; -527.000; -631.000
894.345;  -47.500;  300.000;  150.000
894.588;   68.900;  569.000;  380.000
894.832;  -93.000; -178.000;  -84.000
895.075;  -52.500;   15.000;  -92.000
895.319; -206.500; -552.000; -420.000
895.563; -163.500; -413.000; -353.000
895.806; -273.000; -628.000; -741.000
896.049; -174.600; -576.000; -368.000
896.293;   54.000;  527.000;  405.000
896.536; -188.300; -465.000; -468.000
896.779; -107.800; -149.000;   -1.000
897.023; -272.600; -751.000; -714.000
897.266;  -16.300;  325.000;  269.000
897.509; -280.100; -900.000; -901.000
897.752;   -3.800;  149.000;  171.000
897.996; -304.900; -972.000; -864.000
898.239;  -20.600;  168.000;  102.000
898.482; -182.300; -431.000; -453.000
898.725;  -93.800;  101.000;   53.000
898.968; -267.000; -609.000; -744.000
899.211; -166.300; -513.000; -361.000
899.454; -222.300; -633.000; -539.000
899.697;  -97.900;   90.000;  -43.000
899.940; -263.600; -761.000; -757.000
900.182; -153.900; -335.000; -405.000
900.425; -124.400; -150.000; -298.000
900.668;   29.800;  491.000;  350.000
900.911; -133.100; -292.000; -345.000
901.154;  -32.700;  141.000;   -3.000
901.396; -242.700; -407.000; -412.000
901.639; -191.300; -430.000; -496.000
901.882; -287.900; -790.000; -809.000
902.124; -112.800;  -29.000; -143.000
902.367; -146.200; -315.000; -361.000
902.609; -227.600; -476.000; -453.000
902.852;  -94.500; -108.000; -260.000
903.094; -197.000; -458.000; -337.000
903.337;  -66.400;  -26.000;   53.000
903.579; -168.100; -228.000; -441.000
903.821; -227.700; -597.000; -744.000
904.064;  -53.500;   85.000;  127.000
904.306;  -95.000; -126.000; -166.000
904.548; -156.200; -152.000; -366.000
904.790; -129.900; -195.000; -340.000
905.033; -220.100; -625.000; -577.000
905.275; -188.500; -513.000; -524.000
905.517;   20.400;  468.000;  256.000
905.759; -283.700; -667.000; -761.000
906.001; -194.600; -322.000; -369.000
906.243; -122.400; -162.000; -224.000
906.485; -138.100; -265.000; -207.000
906.727; -211.700; -499.000; -542.000
906.969; -121.000;  -30.000; -135.000
907.211; -179.000; -316.000; -382.000
907.453; -143.900; -188.000; -237.000
907.695; -120.700; -158.000; -385.000
907.936;   94.300;  818.000;  706.000
908.178;  -77.300;   92.000; -135.000
908.420; -139.000; -111.000; -162.000
908.662; -259.800; -633.000; -682.000
908.903; -137.600; -208.000; -123.000
909.145; -123.500; -240.000; -305.000
909.386;  -11.900;  315.000;  280.000
909.628;   37.300;  363.000;  397.000
909.870;  -47.700;   29.000;  264.000
910.111; -306.400; -809.000; -949.000
910.353; -132.700; -123.000; -161.000
910.594; -232.300; -574.000; -606.000
910.835; -159.700; -265.000; -326.000
911.077; -225.000; -503.000; -604.000
911.318; -219.700; -505.000; -471.000
911.559; -310.400; -577.000; -880.000
911.801; -158.200; -284.000; -280.000
912.042;  -87.300;  -50.000; -159.000
912.283;   16.800;  404.000;  371.000
912.524; -208.700; -396.000; -457.000
912.765; -106.600; -193.000;   79.000
913.006; -173.100; -307.000; -338.000
913.247; -172.700; -270.000; -290.000
913.488;  -71.200;  -43.000;   30.000
913.729; -199.100; -373.000; -373.000
913.970; -127.900;  -96.000; -292.000
914.211; -110.700; -160.000; -198.000
914.452;  -91.700; -118.000;  -11.000
914.693;   38.700;  510.000;  592.000
914.934;   62.900;  510.000;  440.000
915.175;  -48.800;   53.000;  -95.000
915.415; -108.900; -137.000;   27.000
915.656;  -76.400;  -28.000;  192.000
915.897; -150.800; -252.000;  -82.000
916.137;  -85.900;   74.000;   -9.000
916.378; -201.900; -573.000; -517.000
916.619; -114.400; -159.000;  -63.000
916.859;  -10.900;  303.000;  330.000
917.100;  270.200; 1655.000; 1070.000
917.340;  148.200;  930.000;  728.000
917.581;   93.400;  965.000;  789.000
917.821; -162.700; -171.000;  143.000
918.061; -145.100; -199.000;  -72.000
918.302; -106.700; -152.000; -211.000
918.542;  -77.000;  -22.000;    3.000
918.782;   -9.000;  369.000;  377.000
919.023;   29.000;  360.000;  427.000
919.263; 1150.600; 8131.000;  202.000
919.503; -121.900; -137.000;  -54.000
919.743;    1.800;  390.000;  266.000
919.983; -118.600; -134.000;  -26.000
920.223;  -68.800;  135.000;   14.000
920.463;   62.900;  631.000;  554.000
920.703;  -88.000;   84.000;   39.000
920.943; -117.700; -110.000;   90.000
921.183; -198.000; -414.000; -405.000
921.423;   12.400;  307.000;  546.000
921.663; -155.700; -174.000; -257.000
921.903;  -44.800;  237.000;  173.000
922.143;  -20.800;  372.000;  389.000
922.383;  -73.700;  158.000;  115.000
922.622; -106.600; -120.000;  -15.000
922.862;  118.300;  796.000;  785.000
923.102;  -94.700;  -51.000;   33.000
923.341; -138.500;   59.000;   74.000
923.581;    4.300;  450.000;  360.000
923.821;  -20.500;  301.000;  398.000
924.060;   23.900;  351.000;  193.000
924.300; -101.300;  -16.000; -128.000
924.539;   15.800;  584.000;  473.000
924.779;   60.300;  812.000;  597.000
925.018;  -23.000;  247.000;  353.000
925.257;   70.400;  595.000;  666.000
925.497;  -21.900;  447.000;  412.000
925.736; -104.300;  -35.000;  102.000
925.975;   54.800;  687.000;  669.000
926.214;   99.500;  907.000;  850.000
926.454;  110.500;  706.000;  757.000
926.693;  -22.800;  419.000;  543.000
926.932;  182.600; 1021.000;  825.000
927.171;  191.600; 1107.000; 1044.000
927.410;  211.800; 1144.000;  967.000
927.649;  131.800;  924.000;  742.000
927.888;   18.200;  590.000;  564.000
928.127;   50.500;  680.000;  678.000
928.366;  122.000;  842.000;  826.000
928.605;   70.100;  831.000;  737.000
928.844;  224.200; 1451.000; 1393.000
929.083;   37.000;  770.000;  613.000
929.321;  225.200; 1335.000; 1359.000
929.560;  174.000; 1158.000; 1122.000
929.799;  -14.300;  574.000;  475.000
930.038;  191.200; 1025.000; 1394.000
930.276;  -31.100;  334.000;  397.000
930.515;   79.200;  827.000;  681.000
930.753;   28.200;  614.000;  589.000
930.992;    3.300;  664.000;  717.000
931.230;   90.000;  847.000;  847.000
931.469;  406.600; 2162.000;  892.000
931.707;  239.400;  840.000;  751.000
931.946;  183.000; 1278.000; 1344.000
932.184;  205.300; 1437.000; 1175.000
932.423;  112.100; 1265.000;  963.000
932.661;  220.600; 1296.000; 1428.000
932.899;   90.600;  987.000;  821.000
933.137;   21.400;  754.000;  564.000
933.376;  203.700; 1664.000; 1335.000
933.614;  316.800; 1759.000; 1196.000
933.852;  129.100; 1357.000; 1171.000
934.090;  313.100; 1722.000; 1747.000
934.328;  232.000; 1252.000; 1457.000
934.566;  130.300; 1431.000; 1110.000
934.804;  125.400; 1263.000; 1309.000
935.042;  284.500; 1861.000; 1850.000
935.280;  359.400; 2088.000; 2063.000
935.518;  393.500; 2113.000; 2007.000
935.756;  392.900; 2481.000; 2316.000
935.994;  283.400; 1808.000; 1751.000
936.231;  575.600; 2890.000; 2950.000
936.469;  402.800; 2367.000; 2378.000
936.707;  396.400; 2220.000; 2167.000
936.945;  536.100; 2825.000; 2882.000
937.182;  475.800; 2679.000; 2741.000
937.420;  632.700; 3602.000; 3031.000
937.657;  730.100; 3365.000; 3478.000
937.895;  644.200; 3331.000; 3488.000
938.133;  673.100; 3540.000; 3528.000
938.370;  805.300; 3896.000; 4191.000
938.607;  845.300; 4488.000; 4205.000
938.845; 1207.600; 5587.000; 5549.000
939.082; 1006.700; 5387.000; 5177.000
939.320; 1177.200; 5799.000; 5728.000
939.557; 1375.200; 6549.000; 6491.000
939.794; 1517.000; 7285.000; 7097.000
940.031; 1706.900; 8421.000; 8368.000
940.269; 1918.500; 9552.000; 9107.000
940.506; 2248.700;10901.000;10507.000

