
Integration time [ms]: 100.000
Averaging Nr. [scans]: 40
Smoothing Nr. [pixels]: 0
Data measured with spectrometer [name]: 2101013U2
Wave   ;Sample   ;Dark     ;Reference
[nm]   ;[counts] ;[counts] ;[counts] 

394.013;   54.947; -450.257; -315.536
394.305;  213.895; -461.258; -419.536
394.596; 1105.567; -676.269; -527.514
394.887; 2736.608; -796.268; -654.518
395.178; 1042.864;  145.736;   11.476
395.470;   94.975; -210.263; -356.526
395.761;  192.673;  305.734;  394.479
396.052;  287.466; -545.284; -306.489
396.343;  290.911; -557.276; -454.503
396.634;   91.330; -200.279; -290.497
396.926;  111.406; -618.268; -565.517
397.217;   98.566;   11.725;  -17.504
397.508;   46.807; -366.273; -154.507
397.799;   35.005; -555.279; -571.497
398.090;   -5.301; -973.280; -902.495
398.381;   87.491;   11.708;  -11.473
398.672;   -0.032; -585.292; -742.473
398.963;   45.011; -348.279; -373.498
399.254;  113.727;   54.709; -209.475
399.545;  -32.405;-1017.266; -883.520
399.836;   59.625; -407.277; -343.501
400.127;   44.868; -205.295; -209.468
400.418;   52.551; -423.274; -392.506
400.709;   60.861; -359.281; -333.493
401.000;   49.156; -268.291; -309.476
401.290;  110.804;  225.698;  115.545
401.581;   55.249; -166.286; -228.485
401.872;   20.240; -542.298; -486.462
402.163;   56.985; -313.296; -252.467
402.454;   96.727; -123.291; -163.475
402.744;   76.777; -844.297; -813.465
403.035;  441.608; -226.293;  -86.471
403.326;  571.070; -366.292; -384.474
403.617;  369.884;  204.701;  165.539
403.907;  247.222; -593.283; -679.490
404.198; 2406.308; -545.307; -599.446
404.489; 6305.577; -618.283; -588.491
404.779; 2095.358; -618.302; -660.456
405.070;  223.336;  -67.304; -174.451
405.360;  333.635; -259.293; -238.472
405.651;  356.469;  125.699;   98.542
405.942;  187.594;  209.714;  127.516
406.232;  264.584; -432.285; -413.487
406.523;  473.853;  641.706;  758.530
406.813;   93.547; -579.286; -644.484
407.104;  338.815;  261.708;  144.527
407.394;  174.610; -604.299; -591.462
407.685;  145.208;  336.715;  222.513
407.975;   58.426; -400.283; -382.490
408.265;  115.317; -134.289; -190.478
408.556;   68.999; -472.291; -459.475
408.846;  160.603;  474.706;  429.530
409.137;   98.025;   -1.288; -216.480
409.427;   57.359; -193.285; -271.487
409.717;   46.835; -776.273; -692.508
410.007;  142.127;    4.715; -170.486
410.298;   89.070; -360.295; -342.469
410.588;   63.781; -495.285; -510.486
410.878;   29.961; -792.287; -873.482
411.168;  109.792; -481.298; -478.463
411.459;  110.545; -295.283; -242.489
411.749;   50.748; -609.292; -507.474
412.039;   67.198; -755.289; -386.480
412.329;  190.118;   40.722;  132.501
412.619;  184.947;  -62.286; -148.485
412.909;  364.995;  639.711;  594.521
413.199;  337.575; -130.280; -251.495
413.490;  389.960;  521.710;  352.523
413.780;  143.479;-1013.279; -913.496
414.070;  331.337;  -46.276;  235.497
414.360;  373.564; -729.278; -666.498
414.650;  414.357; -726.288; -688.482
414.940;  534.128; -538.280; -441.496
415.230;  920.154;   50.712;   74.519
415.520; 6109.316;  155.730;   66.486
415.809;24010.986; -305.281; -125.493
416.099;18573.803; -388.277; -229.501
416.389; 5184.774;  435.726;  236.494
416.679; 3073.579;   91.738;   85.473
416.969;  532.091; -527.287; -503.483
417.259;  470.280;  341.721;  171.503
417.549;  687.385;  522.718;  318.508
417.838; 1653.583; -205.268; -147.518
418.128; 5528.290;  650.710;  492.522
418.418; 4599.666; -491.272; -579.509
418.708; 3116.624;    9.726;  -48.506
418.997;11685.720; -474.275; -480.505
419.287;12178.806; -733.273; -790.507
419.577;11522.770; -160.283; -123.489
419.866;38165.475; -588.277; -498.501
420.156;38967.062; -242.270;  -55.513
420.446; 7016.071; -112.263;  -26.526
420.735;  885.206; -376.271; -446.512
421.025;  840.214; 1830.722;  315.502
421.314;  662.729; -203.271; -226.512
421.604; 1389.175;   89.732;  233.484
421.893;  824.000; -705.271; -602.511
422.183;  222.721; -487.263; -461.526
422.472;  372.552;  -36.271; -107.511
422.762;  443.526; -416.266; -379.521
423.051;  265.338; -916.276; -916.503
423.341;  315.133; -491.273; -439.507
423.630;  414.757; -121.265;   15.477
423.919;  390.819;   58.725;   49.495
424.209;  370.102;  -31.263;   56.473
424.498;  497.155;   68.732;  161.483
424.787; 1079.036; -535.267; -601.518
425.077; 3326.630;   34.735;   29.478
425.366; 4676.632; -734.262; -744.528
425.655; 9908.658;  639.727;  259.493
425.945;21833.036; -313.247; -268.554
426.234;12092.055;  117.741;  300.467
426.523; 5059.435;  -86.259; -350.534
426.812; 6996.496;  107.734;  159.480
427.101;10240.497; -127.269; -323.515
427.390;12941.416;  -55.270;  -86.514
427.680; 2875.755; -624.257; -411.538
427.969;  479.216; -330.255; -301.540
428.258;  322.696; -385.257; -477.536
428.547;  532.395;  449.728;  397.490
428.836; 1224.657; -421.253; -398.543
429.125; 1775.612; -199.259;  -72.534
429.414;  791.454; -330.251; -294.548
429.703; 3129.504; -231.251; -213.548
429.992; 9421.308; -938.250; -828.549
430.281; 6139.014; -397.264; -331.524
430.570;  571.245;  -21.252;   32.454
430.859;  549.410;  279.741;  352.466
431.148;  433.457;  636.752;  631.446
431.437;  290.644;  391.748;  367.454
431.725;  161.398; -544.257; -481.536
432.014;  122.064; -845.253; -756.545
432.303;  383.483; -149.239; -105.569
432.592;  614.646; -460.263; -178.525
432.881; 1078.308; -601.248; -437.554
433.169; 6208.241; -343.255;  -61.540
433.458;12632.691;  445.765;  540.424
433.747; 5318.338; -397.261; -289.529
434.036;  870.283; -275.242; -280.564
434.324; 2061.520; -395.249; -379.551
434.613; 3681.727;   40.757;  159.437
434.902; 1213.623;  333.760;  439.433
435.190;  541.056;   75.761;  295.431
435.479;  312.534;  -52.245;   83.441
435.767;  111.467; -411.244; -427.561
436.056;  219.704; -340.242; -294.563
436.345;  384.300; -372.240; -223.568
436.633;  388.891;   60.750;  383.450
436.922;  273.177;  208.760;  414.432
437.210;  567.656; -194.236;    1.426
437.499; 1825.114; -583.235; -432.576
437.787; 2005.331; -339.236;  -10.574
438.075;  529.362;   56.761;  162.430
438.364;  703.864;  -44.238;  250.429
438.652;  427.569; -286.226; -138.592
438.941;  135.933;    3.770;  269.415
439.229;   23.517; -665.252; -466.545
439.517;   50.898; -160.234;  -85.577
439.806;    2.460; -501.225; -290.595
440.094;  185.805;  377.766;  650.421
440.382;  171.109; -653.233; -302.580
440.670;  185.839; -361.235; -285.576
440.959;   33.352; -347.223; -170.599
441.247;   68.370; -151.229; -109.587
441.535;   96.321; -266.235;   31.423
441.823;   37.428; -497.234; -305.578
442.111;  179.749;  173.771;  327.412
442.400;  505.283; -628.245; -335.559
442.688; 1355.555; -111.234; -620.579
442.976;  970.565; -786.213; -450.617
443.264;   98.366; -324.224; -364.597
443.552;  101.245; -258.226;   51.408
443.840;  167.270;  602.765;  876.423
444.128;  106.883;  265.767;  269.420
444.416;    8.351; -694.228; -312.588
444.704;   27.107; -465.219;  -92.605
444.992;   85.498;   -0.226;  240.407
445.280;   53.984; -517.230;  -94.585
445.568;   38.893; -694.212; -396.618
445.856;  339.316; -174.221;  357.398
446.143;  774.828;  -54.220;   -7.604
446.431;  621.680;  -25.228;  625.411
446.719;  241.626;  489.783;  675.391
447.007;  182.403;  481.769;  705.416
447.295;  186.574;  597.777;  871.402
447.583;   83.267; -464.229;  -34.587
447.870;  136.563; -434.221; -202.601
448.158;  406.758; -104.230;  129.415
448.446;  314.079; -800.219; -338.604
448.733;  175.743;   13.776;  269.403
449.021;  262.143;   60.788;  341.382
449.309;  183.433; -296.210;  208.379
449.596;  203.722;  128.783;   59.392
449.884;  157.681; -571.222; -325.600
450.172;  158.085; -756.227; -406.590
450.459;  424.073;  645.786;  780.387
450.747; 2404.746; -411.218; -147.608
451.034; 7677.056;  493.772;  889.411
451.322; 6344.201; -413.214; -170.614
451.609;  537.494;  292.777;  508.403
451.897;  595.421; -550.203; -183.634
452.184; 1784.874; -622.223; -400.598
452.472; 1697.554;   97.792;  269.375
452.759;  333.855;  512.781;  864.395
453.047;  103.040; -407.212; -125.617
453.334;   63.912; -732.219; -216.606
453.621;   75.303; -438.214; -161.615
453.909;  133.313;   13.796;  384.368
454.196;   90.458; -299.199; -123.641
454.483;  213.184;  317.798;  540.364
454.771;  126.382; -215.208;  196.374
455.058;   40.985; -316.207;  102.374
455.345;  108.263;   71.807;  344.347
455.632;   81.464; -128.207;  235.373
455.919;   50.530;  -82.196;  182.354
456.207;  -59.363; -774.198; -450.642
456.494;  -20.279; -475.200;  -66.639
456.781;   -4.196; -399.202; -198.635
457.068;   67.895; -253.206;  -29.628
457.355;   -6.929; -698.206; -401.629
457.642;   -2.148; -552.205; -290.630
457.929;    7.954; -778.194; -417.651
458.216;   65.416; -575.212; -354.617
458.503;  245.109; -173.193;  -19.652
458.790;  232.180; -864.208; -630.625
459.077;  277.259;  -77.202;  110.364
459.364;  800.897; -350.195; -210.649
459.651; 1715.293;  -46.206;  220.372
459.938;  783.795; -864.209; -665.623
460.225;  145.587;  132.799;  276.363
460.512;  -46.872; -836.197; -688.645
460.799;  107.219;  -32.218;  320.392
461.086;   66.025; -370.200; -251.640
461.372;   26.363; -509.198; -279.642
461.659;  109.257; -165.196;  108.354
461.946;   56.532; -445.193;  -54.651
462.233;  253.073;  842.800;  888.361
462.519;  347.420; -814.201; -464.639
462.806; 1023.703; -768.197; -497.645
463.093;  900.603; -445.191;  -66.656
463.380;   -8.981; -920.186; -824.664
463.666;   49.680; -259.197;  -18.646
463.953;  102.992; -406.195; -243.648
464.239;  198.192; -173.195;  -77.648
464.526;  383.878;  413.806;  743.350
464.813;  325.640; -565.190; -304.658
465.099;  345.583;  606.807;  607.348
465.386;  331.462;  903.807;  921.348
465.672;   19.053; -694.197; -522.645
465.959;   22.257; -598.188; -520.662
466.245;    6.087; -468.193; -359.652
466.532;   80.540; -109.195;   63.352
466.818;   71.494; -357.186; -216.664
467.104;   -0.841; -488.182; -415.672
467.391;  -21.759; -628.189; -459.658
467.677;   30.522; -289.186;    9.335
467.964;   14.623; -682.189; -471.660
468.250;   61.825; -331.186; -160.665
468.536;   76.243;   90.811;  180.341
468.822;  -36.963; -821.184; -574.668
469.109;  145.864;  351.827;  471.311
469.395;  172.122;  729.808;  787.346
469.681;  193.196;   46.811;  156.341
469.967; 1251.075; -699.188; -382.660
470.254; 2738.458; -494.188; -306.662
470.540; 1728.580; -601.196; -476.646
470.826;  241.920; -488.181; -397.675
471.112;  300.991;  288.816;  113.331
471.398;   89.795; -253.183;  -58.670
471.684;   34.023; -626.177; -447.680
471.970;    1.124; -918.180; -981.675
472.256;   22.246; -521.192; -441.654
472.542;   11.150; -499.171; -434.691
472.828;    9.580; -743.182; -607.672
473.114;   27.644; -380.166; -283.700
473.400;    6.040; -504.175; -293.684
473.686;   29.525; -452.166; -400.701
473.972;   46.454; -230.174; -131.687
474.258;  -36.760; -925.173; -843.689
474.544;  201.140; -183.178;   -2.679
474.830;  323.141;  -65.175;   45.316
475.116;  493.666; -123.190; -196.658
475.401;  657.326; -558.180; -467.676
475.687;  203.775; -725.180; -718.676
475.973;    5.288; -673.181; -770.673
476.259;  246.569;  736.825;  764.315
476.544;  360.331; -539.176; -437.682
476.830;  827.246; -398.172; -322.690
477.116;  721.605; -430.177; -336.682
477.401;  136.326;  346.820;  358.324
477.687;  -18.860; -289.175; -405.684
477.973;   30.991;   21.819;   28.326
478.258;  -13.305; -448.163; -348.706
478.544;   51.605;   21.815;   61.334
478.829;  -66.544; -818.171; -738.692
479.115;  -46.979; -749.172; -651.690
479.401;   -8.525; -444.174; -449.686
479.686;   33.549; -253.180;  -74.676
479.972;  -29.480; -886.178; -776.680
480.257;   34.320; -258.166;  -65.700
480.542;    0.110; -614.170; -469.693
480.828;  227.238; 1288.824; 1392.317
481.113;  -36.064; -464.176; -426.683
481.399;  -18.281; -236.161; -202.711
481.684;  -46.980; -620.166; -462.700
481.969;   14.133; -158.159;  -73.713
482.255;   -8.705; -439.169; -285.695
482.540;   -0.105; -569.178; -441.680
482.825;    3.814; -395.187; -404.663
483.110;  104.349;  -85.169; -105.696
483.396;  186.404; -840.157; -652.718
483.681;  491.154;  543.826;  730.313
483.966;  164.652; -696.160; -700.712
484.251;    8.703; -404.174; -310.687
484.536;    2.405; -356.165; -378.703
484.822;   10.331; -205.173; -218.687
485.107;  -34.333; -599.152; -502.726
485.392;  121.461;  662.836;  541.296
485.677;   80.533;  354.832;  163.302
485.962;  102.002;  160.843;  270.283
486.247;   85.353;  -14.162;   -8.707
486.532;   42.871; -178.166; -325.701
486.817;  151.489;  381.839;  431.291
487.102;  116.850; -453.154; -514.722
487.387;  679.756; -637.156; -652.718
487.672; 1185.791; -154.164;  -38.705
487.957;  740.821; -394.160; -286.711
488.241;  211.534; -290.150; -314.729
488.526;  762.844; -280.152; -148.726
488.811; 1217.922; -881.177; -818.680
489.096;  900.353; -666.154; -702.723
489.381;  486.915;    3.847;  162.275
489.666;  372.994; -428.161; -510.710
489.950;  175.531;  558.846;  627.277
490.235;  -30.171; -480.151; -458.728
490.520;  -39.807; -756.161; -723.710
490.804;  -59.617; -827.156; -736.719
491.089;   -4.450; -469.149; -299.732
491.374;   31.465; -132.164;  -75.704
491.658;   -6.089; -817.147; -717.735
491.943;  154.148; -657.152; -609.727
492.227;  257.821; -178.155;  -38.721
492.512;   47.276; -294.157; -341.717
492.797;  -56.782; -713.149; -716.731
493.081;  -55.786; -588.147; -598.735
493.366;  -41.630; -751.161; -635.711
493.650;  206.792;  831.859;  917.254
493.935;   30.785; -648.147; -447.734
494.219;  -34.146; -778.142; -687.743
494.503;  -46.587; -585.150; -487.730
494.788;   34.043;   46.842;   74.285
495.072;  115.635;  184.850;  434.271
495.356;  185.678; -463.148; -343.733
495.641;  468.895; -812.146; -736.736
495.925;  432.438; -976.156; -903.719
496.209;   45.974; -599.149; -451.732
496.494;  -55.570; -763.142; -544.744
496.778;    4.650; -364.154; -360.722
497.062;  -53.513; -819.156; -627.719
497.346;  -39.652; -869.160; -640.711
497.631;  138.181;  580.852;  560.266
497.915;   59.481;  -64.145;  175.261
498.199;   47.429; -341.157; -277.718
498.483;   26.392; -562.152; -508.725
498.767;  188.861;  301.850;  300.271
499.051;  182.397; -126.149; -100.732
499.335;   34.845; -693.149; -739.731
499.619;  -33.957; -381.129; -423.767
499.903;   20.320; -272.155;  -65.721
500.187;   29.482; -588.153; -316.724
500.471;   29.172; -796.152; -595.727
500.755;  110.743;   62.839;  -96.710
501.039;   15.070; -270.155; -357.721
501.323;   80.668;  -21.141;  264.254
501.607;   13.596; -447.163; -503.706
501.891;    3.831; -607.156; -512.718
502.174;  -29.283; -726.144; -585.741
502.458;   38.576;   89.849;  370.273
502.742;   40.567; -180.138; -191.751
503.026;  113.810; -412.147; -254.734
503.310;  167.357; -437.159; -375.713
503.593;  124.687; -464.147; -325.735
503.877;  119.982; -232.133; -156.760
504.161;  183.860;    2.847;  -50.724
504.444;  128.395; -841.158; -710.716
504.728;  475.764; -487.164; -522.704
505.012;  726.383; -257.150;  -76.729
505.295;  536.044; -417.161; -212.711
505.579;  541.637; -256.156; -496.719
505.862;  737.227; -555.145; -333.738
506.146;  753.109; -681.159; -758.714
506.429;  411.434;  568.841;  461.286
506.713;   63.130; -732.151; -667.728
506.996;  323.125;   90.846;  295.278
507.280;  338.634; -633.165; -474.703
507.563;  234.493; -469.155; -261.721
507.847;   96.508; -423.153; -112.724
508.130;   92.120; -665.161; -456.711
508.413;  126.391; -758.167; -577.700
508.697;  258.616; -151.167;   12.300
508.980;  156.410; -422.153; -312.724
509.263;   -5.485; -466.155; -450.720
509.547;   32.108; -124.150;   82.271
509.830;   40.347; -172.160;  140.289
510.113;   75.512;  128.844;  298.281
510.396;   37.265; -530.152; -300.725
510.680;  155.503; -818.145; -812.738
510.963;  585.704;  184.846;  180.277
511.246;  512.916; -493.150; -357.730
511.529;  255.908; -482.145;  -83.739
511.812;  375.654; -250.134;   10.241
512.095;  263.227; -740.151; -396.728
512.378;   57.491; -317.147; -245.736
512.661;   22.125; -703.137; -623.753
512.944;   47.531; -750.142; -637.744
513.227;   68.222; -170.137; -171.752
513.510;   29.017; -479.144; -671.741
513.793;   24.173; -485.140; -435.747
514.076;  123.388;  -43.127;  -39.771
514.359;  116.250; -294.149; -135.732
514.642;   74.584; -442.142; -567.744
514.925;  748.346;  581.860;  561.253
515.208; 1005.125; -498.134; -443.758
515.491;  666.014; -276.133; -182.761
515.773;  379.721; -410.143; -337.742
516.056; 2076.506;  249.864;  409.246
516.339; 2839.285; -754.136; -652.755
516.622; 1896.613; -518.150; -488.730
516.904; 1227.753;  882.857;  975.257
517.187;  587.871; -730.138; -523.752
517.470;  382.951; -568.143; -510.743
517.752;  442.263; -624.136; -470.756
518.035;  336.033; -708.139; -725.749
518.318;  371.885; -799.136; -744.755
518.600; 2398.968; -300.132; -325.762
518.883; 3350.258;  310.858;   88.256
519.165; 1655.589; -585.138; -426.751
519.448;  393.242;  -61.132;  -19.762
519.730;  195.421; -573.126; -415.773
520.013;  308.010;  588.867;  664.240
520.295;  837.931;  -94.134;  -15.759
520.578; 1851.030; -335.131; -305.764
520.860; 2024.243; -254.132;   56.238
521.143; 1062.640; -763.135; -584.756
521.425;  478.534; -251.125; -279.775
521.707;  684.989; -622.127; -380.771
521.990; 1805.064; -199.127;  167.229
522.272; 2061.374; -116.140;   -4.748
522.554;  924.271; -237.143; -157.742
522.836;  364.679;  -24.134;   99.241
523.119;  226.934; -496.148; -189.734
523.401;  141.012; -448.130; -314.766
523.683;   81.550; -865.137; -693.753
523.965;  290.894;  408.862;  260.248
524.247;  285.880;   54.878;  170.220
524.529;  207.806; -451.134; -367.759
524.812;  354.164;   -3.130;  191.234
525.094;  889.343; -773.138; -631.751
525.376; 1391.468; -143.124;   78.223
525.658;  829.532; -441.136; -339.754
525.940;   26.352; -805.131; -671.764
526.222;   47.636; -188.136;  -88.755
526.504;  122.125; -190.131;   32.237
526.786;  181.333; -960.133; -647.760
527.068;  320.573; -124.123;  -67.778
527.349;  127.729; -865.137; -774.754
527.631;  127.467; -137.132;   22.238
527.913;  141.938; -664.127; -450.771
528.195;  171.777; -761.125; -639.774
528.477;  252.351;  -93.134;  -30.758
528.759;  143.064; -648.130; -522.766
529.040;   66.947; -569.123; -293.778
529.322;   57.904; -235.125;  -10.774
529.604;  144.691;  -47.130;   93.233
529.886;  130.720; -546.126; -302.773
530.167;  130.883;  232.870;  192.235
530.449;   48.740;    1.853;   63.265
530.731;   28.404; -572.122; -459.779
531.012;   70.225; -513.120; -216.784
531.294;   76.539; -118.116;  -43.792
531.575;  142.509;  290.875;  538.225
531.857;   46.245; -548.135; -266.757
532.138;  104.692; -113.141;   40.254
532.420;  181.792;  294.865;  403.244
532.701;  207.510; -722.133; -751.760
532.983;  374.788;  232.867;  182.239
533.264;  113.544; -243.126;  175.228
533.546;  -35.539; -491.136; -508.755
533.827;   50.132;  173.867;   -1.759
534.109;   33.920; -352.135;  -80.757
534.390;   86.721; -725.132; -582.762
534.671;  250.816; -270.135;  -82.756
534.953;  142.600; -751.123; -611.779
535.234;   33.124; -426.117; -255.789
535.515;  -76.242; -891.119; -735.785
535.796;  -19.941; -431.128; -193.770
536.078; -126.208;-1050.124; -904.777
536.359;   -0.050;  -22.123;    3.221
536.640;  -22.822; -480.125; -197.774
536.921;  168.121;  225.871;  143.232
537.202;  358.465;  -87.138;  -16.751
537.483;  458.780;  251.869;  377.236
537.764;  161.108;   17.870;   98.235
538.045;  -54.625; -543.134; -371.758
538.326;  -24.177; -596.129; -447.768
538.607;   16.615; -686.127; -476.771
538.888;  168.766;   98.879;    5.218
539.169;  188.860; -704.122; -535.781
539.450;  332.220;  236.871;   16.233
539.731;  223.770; -361.121; -182.783
540.012;  129.325;  199.880;  412.216
540.293;   88.562;   82.876;  158.224
540.574;    1.909; -895.113; -717.796
540.855;  460.943;  435.879;  377.218
541.136;  556.183;   47.878;  139.220
541.416;  283.140; -161.130; -220.766
541.697;  188.775; -274.131; -170.763
541.978; 1040.619; -270.135; -315.757
542.259; 1328.539; -211.127; -236.771
542.539;  643.457; -191.116; -186.790
542.820;  176.933;  461.875;  480.225
543.101;  126.905;  -52.145;  -77.738
543.381;   35.014; -638.127; -591.771
543.662;  269.537;  159.873; -254.771
543.942;  565.210; -751.127; -830.770
544.223; 1054.959;  193.878;  161.219
544.504;  695.467; -275.124; -182.777
544.784;  577.820; -592.126; -408.773
545.065; 1670.636;  104.884; -254.791
545.345; 1958.083;  227.881;   14.215
545.626; 1278.358;  -14.113; -108.796
545.906;  896.207;   77.869;   98.235
546.186;  374.375;   92.874;  -95.773
546.467;  199.920;   99.877;  -95.778
546.747;  310.082;  264.884;  327.210
547.027;  361.541;   91.876;  111.223
547.308;  335.159; -376.127; -530.770
547.588;  416.199;  299.871;  371.232
547.868;  188.309;  458.870;  588.235
548.149;  197.444;  609.885;  593.207
548.429;  127.938; -347.127; -299.771
548.709;  188.549; -645.120; -461.784
548.989;  486.668;   84.882;   88.213
549.269; 2132.366;   10.868;  139.239
549.550; 4837.549;  215.877;  117.222
549.830; 4345.451; -758.111; -556.799
550.110;  865.109; -468.110; -320.801
550.390;  814.629; -128.122;  -56.779
550.670; 1139.479; -868.114; -783.795
550.950;  810.743; -509.121; -471.782
551.230;  196.739;  549.879;  460.218
551.510;   -7.033; -381.121; -326.782
551.790;   28.492; -173.109; -127.803
552.070;  241.120;  940.877; 1181.223
552.350;  407.137; -492.119; -377.786
552.630;  590.337;   -2.121;   77.219
552.909;  352.812;  181.884;   73.209
553.189;  233.297;  -49.132;   33.237
553.469;  188.462; -703.119; -514.786
553.749;  193.016; -469.127; -357.772
554.029;  163.878;   33.883;  -24.790
554.308;  152.973; -154.115;  -37.794
554.588;   54.433; -196.128; -204.770
554.868;   64.294; -366.121;  -47.782
555.147;  137.820; -114.115;  -46.793
555.427;  602.814; -260.116; -250.792
555.707; 3894.443; -284.115; -200.793
555.986; 4759.155; -719.111; -538.800
556.266; 2501.006;   23.884;   72.210
556.546;  110.667; -888.121; -675.782
556.825;  256.227; -657.114; -556.794
557.105; 1802.656; -125.128;   17.230
557.384; 2124.161;  122.884;  187.209
557.664;  798.538; -717.116; -508.792
557.943;  122.468; -557.121; -411.782
558.222;  183.721; -345.118; -344.788
558.502;  270.121; -116.115;  -76.793
558.781;  494.692;  194.885;  499.208
559.061;  394.470; -232.118; -227.788
559.340;  292.700;  302.883;  353.211
559.619;  707.756;   93.884;  148.210
559.899; 1034.277; -239.117; -266.789
560.178;  940.621; -778.115; -593.793
560.457; 3156.304; -623.117; -562.790
560.736; 4402.631; -472.111; -482.800
561.015; 2932.179; -500.128; -502.769
561.295;  390.186;  180.893;  215.193
561.574;  328.718;  119.885;  116.207
561.853;  494.171;  274.891;  303.197
562.132;  505.698;  -45.114;  182.206
562.411;  439.962;  396.879;  553.219
562.690;  149.867; -592.115; -458.792
562.969;  161.441;  472.888;  630.203
563.248;  466.835; 2966.878; 2487.219
563.527;  286.755; -290.111; -408.800
563.806;  379.363; -650.127; -521.771
564.085;  410.851; -297.105; -206.810
564.364;  241.255; -594.117; -405.790
564.643;  523.738; -276.121; -223.781
564.922; 1892.515;  221.890;  397.198
565.201; 1892.568; -640.109; -700.803
565.479;  821.490; -297.115; -219.792
565.758;  329.131; -810.128; -712.770
566.037;  471.995; -155.109; -100.803
566.316;  225.911; -286.116;  -28.791
566.595;   47.093;  -17.115;  -12.793
566.873;   94.957; -166.111;  -79.801
567.152;  -55.860; -490.113; -590.797
567.431;   15.657; -113.116;    6.210
567.709;   25.837; -344.107; -212.807
567.988;  263.802; -810.114; -769.794
568.266;  541.918; -160.115;  -68.793
568.545;  382.998; -644.100; -514.819
568.824;  597.340;  160.885;  356.208
569.102;  543.101; -351.114; -235.794
569.381;  229.114; -492.116; -407.792
569.659;  -43.164; -553.113; -553.796
569.938;   31.733; -743.122; -465.780
570.216;  103.047; -225.109; -225.804
570.494;  -24.195; -632.114; -572.795
570.773;   30.641;  202.879;  114.218
571.051;   -9.927; -373.123; -357.778
571.330;   59.084; -221.113; -174.796
571.608;   29.291; -181.098; -173.823
571.886;  -72.576; -671.111; -581.799
572.164;  -71.231; -739.121; -621.782
572.443;  -51.420; -562.105; -512.811
572.721;  -28.871; -399.117; -289.790
572.999;  -23.727; -280.117; -168.788
573.277;   69.974;  379.894;  620.191
573.555;  282.426;   94.894;   37.190
573.834; 1370.872;  -86.117; -114.788
574.112; 1557.914;  880.893;  811.193
574.390;  471.531; -143.111;  -96.801
574.668;    6.541;  -91.112;  -61.797
574.946;  -18.024; -165.106; -187.810
575.224;    6.293;   71.891;  -16.803
575.502;  -21.866; -200.116; -204.791
575.780;  -82.333; -767.112; -829.798
576.058;  208.230; 1589.889; 1004.200
576.336;  -26.564; -210.110; -129.801
576.614;  -58.107; -511.112; -340.798
576.891;   47.272; -711.115; -823.794
577.169;  479.905; -158.108; -285.805
577.447;  574.113;  169.893;  202.193
577.725;  271.072;  629.888;  854.201
578.003;   12.595;  -71.112; -371.798
578.280;   90.789; -208.104; -242.812
578.558;   79.421; -450.115; -422.793
578.836;  119.254; -210.114; -145.795
579.114;   54.666; -630.112; -670.797
579.391;   86.174;   -6.117;  -18.789
579.669;  -74.277; -595.114; -704.794
579.947;  164.410; -326.107; -127.806
580.224;  315.885; -692.107; -524.806
580.502;  293.614;  127.893;   76.193
580.779;   17.580;  -42.117;   75.210
581.057;  -76.453; -584.109; -470.804
581.334;  -92.221; -726.102; -695.815
581.612;   33.102;   54.895;  511.190
581.889;  -22.258;  -83.101; -129.818
582.167;  -33.769; -298.099; -190.821
582.444;  -88.413; -845.102; -814.817
582.721;  100.337;  657.899;  715.183
582.999;   52.129; -326.100; -167.821
583.276;  530.377; -812.123; -713.779
583.553;  710.607; -364.102; -294.816
583.831;  230.311; -607.104; -631.812
584.108;   51.753;  349.892;  174.195
584.385;    9.803; -122.102;  -98.815
584.662;  -66.267; -651.111; -828.801
584.940;   30.807;  204.889;  204.199
585.217;   -7.014;  -73.113; -303.796
585.494;   30.516;   71.890;  118.198
585.771;  190.698; -250.109; -354.804
586.048;  495.611; -196.113;  -76.796
586.325;  315.835; -721.110; -773.801
586.602;   89.114;  230.896;  213.188
586.879;  -25.500; -499.100; -580.820
587.156;   49.203; -156.105; -331.810
587.433;  -41.140; -701.102; -667.817
587.710;   64.143;  152.888;  234.202
587.987;  288.633; -264.105; -236.811
588.264;  784.695;  315.888;  387.202
588.541; 1364.067;  -61.104;   26.187
588.818; 2679.050;   72.892;  171.196
589.095; 2285.512; -163.104; -174.812
589.371;  374.421; -459.109; -414.804
589.648;   28.914; -581.107; -437.807
589.925;   25.880; -517.114; -621.795
590.202;    5.943; -741.112; -607.798
590.478;   75.835; -166.105;  -73.811
590.755;  265.856; -241.108; -132.806
591.032; 2475.162; -741.110; -699.802
591.308; 3429.031; -732.094; -790.831
591.585; 1775.812; -573.110; -560.802
591.862;  139.861;-1056.102; -950.817
592.138;   62.279; -475.108; -474.805
592.415;  131.040; -486.104; -495.813
592.691; 1459.463;  460.896;  518.188
592.968; 1850.743; -208.098; -123.824
593.244;  894.307; -695.116; -595.790
593.521;   75.261; -105.102;  -42.817
593.797;  -19.720; -810.122; -720.780
594.074;  341.256; -611.096; -588.826
594.350;  643.392;  828.905;  729.172
594.626;  301.558; -303.111; -283.801
594.903;  100.962; -643.101; -645.817
595.179;  182.219;  243.896;  418.187
595.455;   -2.785; -136.107; -150.807
595.731;    4.171;  -19.103;  -38.814
596.008;  -35.273; -464.111; -434.800
596.284;   33.002; -187.100; -242.820
596.560;   51.287; -501.093; -493.833
596.836;  202.030; -173.105;  -70.810
597.112;  344.055; -582.108; -437.805
597.388;  283.478;  -49.097;  -48.826
597.665;   89.888;  437.887;  530.203
597.941;  -73.333; -572.089; -658.839
598.217;   10.315; -323.110; -293.802
598.493;  267.200;   61.891; -204.804
598.769;  510.697; -175.100;  -50.819
599.045;  285.758; -490.108; -562.806
599.321;   43.751; -193.100; -261.820
599.597;  134.149; -355.109; -476.804
599.872;  469.542;  409.896;  429.187
600.148;  361.005;  -61.097; -172.826
600.424;  295.487;   91.893;  202.193
600.700;  239.915; -170.107; -280.807
600.976;  115.349; -442.097; -464.825
601.252;  242.271; -226.109; -272.803
601.527;  220.218; -833.104; -840.813
601.803;  157.435; -453.105; -404.812
602.079;  171.497; -124.100; -118.819
602.354;  559.097; -620.092; -531.835
602.630;  827.536; -140.113; -482.796
602.906; 2335.992; -910.101; -863.818
603.181; 6679.387; -627.119; -534.786
603.457; 5710.703;   98.903; -278.826
603.733;  850.820; -605.120; -626.783
604.008;  973.101; -245.106; -164.810
604.284; 3050.313; -636.101; -580.817
604.559; 2646.572;   -3.112;  -42.799
604.835;  496.804; -163.105; -225.810
605.110;  401.882; -732.099; -892.821
605.385;  700.315;  224.907;  267.167
605.661;  652.219; -625.095; -729.829
605.936; 1160.358; -664.108; -737.806
606.211;  993.152;  -17.103; -170.815
606.487;  215.825; -329.114; -376.794
606.762;   12.537; -791.119; -745.786
607.037;  -16.270; -501.105; -433.810
607.313;  -51.062; -589.096; -574.828
607.588;  -13.199; -375.106; -137.810
607.863;   41.492;  -28.101; -143.818
608.138;  185.089;  513.890;  516.198
608.413;   23.086; -576.099; -592.822
608.688;   50.579; -203.108; -267.805
608.964;  191.045; -509.106; -218.809
609.239;  256.552; -107.105; -212.810
609.514;  246.585;  281.895;  240.188
609.789;  649.389; -187.104; -716.812
610.064;  887.136; -435.096; -609.827
610.339;  875.596; -855.109; -799.804
610.614; 1160.277; -131.100; -315.820
610.889;  666.535;  215.895;  107.188
611.163;   33.411; -407.104; -591.812
611.438;   84.426;   81.886; -167.794
611.713;   24.213; -467.101; -499.817
611.988;   53.766; -144.101; -328.818
612.263;  -22.246; -771.102; -717.815
612.538;  213.435;  385.887;  251.204
612.812;  177.478; -832.100; -911.820
613.087;  136.241; -358.098; -338.823
613.362;  -50.160; -497.107; -557.807
613.637;   51.048;  261.897;  138.186
613.911;   -7.852; -256.092; -345.835
614.186;  115.288; -249.107; -292.807
614.460;  675.991; -842.081; -758.854
614.735;  768.540;  -55.087;  -17.843
615.010;  156.330;   43.912;  -82.841
615.284;  260.929;  360.892;  246.195
615.559;  370.547; -792.092; -955.835
615.833;  296.859;  -76.099;  -87.822
616.108;   -5.867; -225.090; -390.837
616.382;  154.641;  274.913;  402.156
616.656;  166.434; -241.090; -232.837
616.931;  504.309; -785.099; -700.822
617.205; 1073.243; -973.104; -979.813
617.480;  980.481;  -91.125;    6.225
617.754;  155.879; -396.125; -128.774
618.028;   14.700; -369.129; -382.768
618.302;   61.152;   73.892;  -25.805
618.577;  -54.125; -371.103; -518.815
618.851;  -68.982; -399.109; -600.803
619.125;  -45.169; -335.134; -378.759
619.399;  -30.081; -244.104; -374.813
619.673;  -52.460; -330.115; -515.792
619.947;  -40.471; -333.114; -448.795
620.222;  -17.966; -198.110; -204.801
620.496;   -5.282;  -47.121;  -96.782
620.770;   15.835; -187.122;  -93.781
621.044;  200.528;  323.895;  346.190
621.318;  721.571; -653.120; -614.783
621.592;  665.669; -430.121; -409.783
621.866;  376.048; -476.112; -572.799
622.140;   33.159; -207.116; -356.791
622.413;   46.627;  138.889;  112.200
622.687;  -40.661; -746.101; -492.817
622.961;   -1.198; -130.108; -143.805
623.235;  -60.747; -633.111; -661.800
623.509; -106.866; -816.105; -848.811
623.783;    7.186;  -12.107;   48.193
624.056;  -25.828; -254.120; -280.783
624.330;   44.816;   63.888;   -3.797
624.604;   56.980; -271.116; -355.790
624.877;   71.513;  180.890;   26.198
625.151;   34.149; -249.114; -238.794
625.425;  -38.830; -150.103; -283.814
625.698;  -55.169; -367.119; -374.785
625.972;  -91.010; -799.110; -765.802
626.245;   65.857;  685.884;  484.210
626.519;  -38.099; -426.120; -340.784
626.792;  -35.260; -192.107; -380.807
627.066;  -85.097; -485.122; -662.779
627.339; -112.314; -736.110; -663.802
627.613;   40.100;  351.880;  148.216
627.886;   62.967;  187.891; -612.803
628.160;  -26.929;  312.880; -161.783
628.433;  -94.316; -695.125; -703.775
628.706;  -76.074; -517.120; -615.784
628.979;   38.391;  296.876;  117.223
629.253;  -93.189; -785.119; -833.786
629.526;  371.869; -334.126; -253.772
629.799;  331.473; -641.123; -479.778
630.072;  167.976; -497.128; -516.769
630.346;  -65.043;-1115.116;-1080.790
630.619;  447.791; -467.107; -545.808
630.892;  613.303;  709.889;  593.200
631.165;  321.993;  790.896;  679.187
631.438;  -78.080;-1092.112;-1055.798
631.711;   51.126;  453.877;  257.221
631.984;  -70.448; -523.117; -624.789
632.257;  -63.326; -636.117; -681.789
632.530;  -52.693; -412.119; -433.785
632.803;   21.872; -109.115;    7.207
633.076;  -59.355; -360.123; -422.777
633.349;    5.280;  173.872;  121.231
633.622;  -53.945; -187.119; -240.785
633.895; -113.153; -903.120; -823.783
634.167;  -72.704; -496.126; -525.773
634.440;  -25.337;  -19.116; -137.792
634.713;  -20.265;  -22.119; -120.786
634.986;   91.820;  593.871;  453.233
635.258;  -64.405; -507.115; -597.793
635.531;   85.320;  742.882; -343.788
635.804;  -29.324; -303.117; -318.789
636.077;  -83.265; -830.116; -852.791
636.349;   -4.981; -586.115; -474.793
636.622;  383.118; 1695.874; 1392.228
636.894;  231.401; -474.120; -909.784
637.167;  158.412; -836.127; -789.771
637.439;   27.083; -278.128; -213.770
637.712;  -53.930; -312.126; -293.772
637.984;  -87.015; -635.116; -707.791
638.257;  375.720;  515.877;  488.222
638.529;  551.635; -881.125; -924.776
638.802;  244.426; -508.128; -449.769
639.074; -110.116; -927.122; -952.781
639.346; -134.328; -942.135; -930.757
639.619;    5.007;  -79.142; -319.744
639.891;  -13.097;  -83.122; -168.779
640.163;  -80.895; -689.122; -756.780
640.435;   26.607;  273.878;  103.220
640.708;    0.133;  -72.122; -132.780
640.980;  -34.765; -366.122; -362.781
641.252;  185.087;  -25.121;  -71.781
641.524; 1774.364;  580.879;  573.219
641.796; 1772.166;-1094.121; -907.782
642.068;  316.242; -191.121; -300.782
642.340;  -62.306; -486.121; -566.783
642.613;   28.671;  294.880;  323.217
642.885; -107.127; -787.120; -878.783
643.157;  -49.400; -810.120; -658.784
643.428;   49.552;  170.880;  218.216
643.700;  -71.172; -498.120; -425.784
643.972;  -38.045;  -16.119; -133.785
644.244;  -87.143; -474.119; -559.785
644.516;  -52.916; -250.119; -114.786
644.788;   66.311;  662.881;  548.214
645.060;  -27.512;  -12.119; -124.786
645.332;  -98.811; -525.118; -535.787
645.603;   31.691;  479.882;  342.213
645.875;  -79.907; -334.118; -369.787
646.147;  161.770; 1487.882; 1242.212
646.418;  -62.903; -931.117; -918.788
646.690;  134.273; -714.117; -715.789
646.962;   27.050; -413.117; -451.789
647.233;   -2.373;   15.883;   11.211
647.505; -108.346; -595.117; -475.790
647.776;   16.031;  328.884;  229.210
648.048;  -13.817; -248.116; -418.790
648.320;  -73.466; -752.116; -679.791
648.591; -158.764;-1055.116; -958.791
648.862;  -98.312; -505.116; -577.792
649.134;   26.390;  115.885;  198.208
649.405;  -40.408; -661.115; -618.792
649.677;  -66.657; -475.115; -598.793
649.948;  -16.080; -181.115; -296.793
650.219;   -5.453;  -37.115; -147.793
650.491;  -86.426; -431.114; -520.794
650.762; -133.299; -705.114; -731.794
651.033;  -93.547; -437.114; -424.795
651.304;  -89.396; -743.114; -728.795
651.576;  -59.844; -680.114; -645.795
651.847;  -41.042; -250.113; -140.796
652.118;  -17.090;  -32.113; -189.796
652.389; -105.088; -639.113; -722.796
652.660;  -43.087; -147.113;  -89.797
652.931; -143.210; -897.112; -871.797
653.202;  -88.833; -382.112; -541.798
653.473;  -70.606; -633.112; -533.798
653.744;  145.521; -595.112; -590.798
654.015;  128.023; -356.112; -303.799
654.286;  -75.376; -642.111; -663.799
654.557;  -58.924; -586.111; -521.799
654.828; -165.697;-1114.111;-1088.800
655.099;  -80.820; -404.111; -291.800
655.370; -104.543; -427.111; -543.801
655.641; -132.717; -656.110; -714.801
655.911; -108.365; -618.110; -638.801
656.182;   42.787;  437.890;  387.198
656.453;   94.589;  830.890;  746.198
656.724;  -77.184; -466.110; -426.802
656.994;  -77.582; -553.109; -568.803
657.265; -112.281; -862.109; -873.803
657.536;  -86.529; -500.109; -377.804
657.806; -106.502; -561.109; -593.804
658.077; -126.275; -866.109; -950.804
658.347;  -98.998; -523.108; -598.805
658.618; -111.621; -646.108; -694.805
658.888;  -22.670;  -41.108;  112.195
659.159;  -73.118; -432.108; -548.806
659.429;  -17.766; -292.108; -349.806
659.700;    4.761; -435.107; -390.807
659.970;  -23.387; -370.107; -359.807
660.241;   12.664; -754.107; -921.807
660.511;  509.066; -147.107; -174.808
660.781;   89.868; -793.106; -748.808
661.052;  -43.830; -222.106; -381.808
661.322;  -16.378;   21.894;   -9.809
661.592;   11.999;  257.894;  148.191
661.862;  -87.150; -369.106; -382.810
662.133;  -98.748; -551.105; -502.810
662.403; -122.746; -770.105; -676.810
662.673;  -56.544; -256.105; -213.811
662.943; -108.217; -612.105; -551.811
663.213;  -19.841;  -85.105;  -81.811
663.483;  -82.189; -593.104; -568.812
663.753;  -40.387; -194.104; -152.812
664.023;  -20.285;   68.896;  -32.813
664.293;  -64.183; -319.104; -126.813
664.563; -120.906; -694.104; -648.813
664.833; -125.205; -743.103; -608.814
665.103; -133.003; -730.103; -793.814
665.373; -124.651; -766.103; -806.814
665.643;  -94.949; -863.103; -918.815
665.913;   35.678; -534.103; -714.815
666.182;  130.404; -685.102; -719.816
666.452;  268.406;  -22.102;  -89.816
666.722;  -20.967; -724.102; -784.816
666.992; -138.990; -948.102; -921.817
667.261; -105.863; -824.102; -808.817
667.531;  199.889;  134.899;   45.183
667.801;  541.915; -440.101; -412.818
668.070;  237.192;  714.899;  697.182
668.340; -106.156; -883.101; -840.819
668.609;   94.671;  588.900;  301.181
668.879;  -80.077; -490.100; -558.819
669.149;  -75.576; -539.100; -516.820
669.418; -108.699; -698.100; -726.820
669.688;  -29.147; -482.100; -666.820
669.957;   59.955; -423.099; -546.821
670.226;  -29.368; -268.099; -331.821
670.496;  -93.016; -431.099; -635.822
670.765;  -81.240; -418.099; -501.822
671.034; -143.363; -872.099; -828.822
671.304;   -6.461;   55.902; -111.823
671.573; -154.484;-1085.098; -957.823
671.842;   68.118; -380.098; -294.823
672.112;   27.870; -692.098; -586.824
672.381;   -3.454; -239.098; -214.824
672.650; -125.427;-1005.097;-1021.825
672.919; -108.000; -631.097; -507.825
673.188;  -92.698; -681.097; -878.825
673.457; -156.346;-1101.097;-1143.826
673.726;  -72.520; -579.096; -646.826
673.995;  -40.643; -533.096; -479.826
674.265;  -14.916; -263.096; -333.827
674.534;    6.811; -183.096; -235.827
674.802;    0.863; -618.096; -703.828
675.071;  981.790; -886.095; -801.828
675.340; 3921.566; -464.095; -339.828
675.609; 1292.393;  103.905;   82.171
675.878;   75.470; -949.095; -893.829
676.147;   30.147;  -26.095;   -8.829
676.416;   83.574; -210.094; -294.830
676.685;  732.325; 1000.906; -622.830
676.953;  108.552; -603.094; -452.831
677.222;  -34.271; -193.094; -273.831
677.491;  -33.144;  -24.094; -127.831
677.759;   -1.592;   11.907;  172.168
678.028;   -9.065; -279.093; -222.832
678.297;   -6.689;   71.907;  197.168
678.565; -143.237; -898.093; -944.833
678.834;  -57.985; -311.093; -268.833
679.102;  -68.083; -411.092; -391.834
679.371; -139.131; -898.092; -727.834
679.639; -154.155; -797.092; -786.834
679.908; -128.403; -794.092; -724.835
680.176; -148.401; -895.091; -941.835
680.445;  -78.624; -346.091; -352.835
680.713;  -14.322;  -58.091;  -23.836
680.982; -102.245; -523.091; -525.836
681.250; -119.419; -578.091; -507.837
681.518;  -93.917; -534.090; -751.837
681.787;  -28.340; -204.090; -167.837
682.055;  -69.513; -490.090; -422.838
682.323; -159.936; -993.090; -992.838
682.591;   26.866; -216.090; -538.838
682.859;   81.192;    9.911;  -35.839
683.128;   27.169;  232.911;  497.161
683.396; -154.529;-1102.089;-1122.840
683.664;  -31.877; -241.089;   21.160
683.932;    1.200;  144.911;  -76.840
684.200;  -83.774; -576.088; -320.841
684.468;  -30.897;  -73.088; -124.841
684.736;  -35.795; -214.088; -175.841
685.004; -128.793;-1024.088; -982.842
685.272;  -43.666; -880.088; -774.842
685.540;  -71.614; -499.087; -557.843
685.808;  -88.838; -651.087; -682.843
686.076; -102.211; -894.087; -969.843
686.343;  -64.234; -601.087; -815.844
686.611;   49.393; -195.087; -224.844
686.879;  441.595; -530.086; -553.844
687.147; 3286.621; -483.086; -480.845
687.414;  950.148;  -12.086; -169.845
687.682;   11.575; -658.086; -757.846
687.950;  301.452;  259.915;  263.154
688.217;    5.654; -792.085; -760.846
688.485;   -9.294; -632.085; -636.847
688.753;  526.282;  -11.085; -102.847
689.020;  164.259; -820.085; -851.847
689.288; -104.014; -853.084; -787.848
689.555;  -28.812; -195.084; -148.848
689.823;  -44.935; -241.084; -345.849
690.090;  -96.434; -546.084; -651.849
690.358; -135.482; -877.084; -897.849
690.625;   14.070;  120.917;   45.150
690.892;  -72.978; -403.083; -369.850
691.160;  -22.601;   72.917;  -35.850
691.427;   -4.124;  141.917;  130.149
691.694; -148.223; -855.083; -929.851
691.962; -132.296;-1177.082;-1060.852
692.229;   22.856;  127.918;   56.148
692.496;   78.283;  130.918;  -49.852
692.763;   16.085; -164.082; -201.853
693.031;  -75.289; -739.082; -716.853
693.298;  -50.912; -509.081; -368.853
693.565;  312.140; -155.081; -163.854
693.832; 1272.117;   -5.081;   -9.854
694.099;  159.569; -643.081; -642.855
694.366;  -64.879; -882.081; -896.855
694.633;  -44.803; -920.080; -633.855
694.900;  744.499; 4367.920; -114.856
695.167;  415.951; -214.080; -380.856
695.434;  102.653; -646.080; -623.856
695.701;  192.980;  121.921;  -61.857
695.968;  470.532; -365.079; -361.857
696.234;  999.158; -415.079; -646.858
696.501;10308.310; -776.079; -614.858
696.768; 5222.237; -554.079; -617.858
697.035;  319.039; -632.078; -667.859
697.302;   33.891; -448.078; -552.859
697.568;    6.917; -458.078; -497.859
697.835;  -26.206; -683.078; -624.860
698.102;  -31.654; -498.078; -407.860
698.368;   72.448;  384.923;  396.139
698.635;  -41.050;  -47.077; -424.861
698.901;  -29.198; -240.077; -348.861
699.168;   84.178; -534.077; -456.862
699.435;   66.405;  -72.077;  -13.862
699.701; -117.068; -868.076; -764.862
699.968;   12.984;  144.924; -441.863
700.234;  -96.639; -783.076; -822.863
700.500;  -56.363; -448.076; -539.864
700.767;    7.464;   -1.075;   26.136
701.033; -118.259;-1015.075; -963.864
701.299;  -54.557; -450.075; -483.865
701.566;   92.495;  950.925;  763.135
701.832;   35.772;  -31.075;  -76.865
702.098; -101.277;-1054.074;-1034.866
702.365;  -97.175;-1098.074;-1030.866
702.631;  -37.673;-1038.074;-1063.867
702.897; 1340.529; -765.074; -676.867
703.163; 2238.756;  348.926;  254.133
703.429;  165.782; -256.073; -273.868
703.695;  -36.166; -796.073; -792.868
703.961;   21.011; -214.073; -210.868
704.227;  -57.537; -630.073; -725.869
704.493;  108.415;  613.927;  510.131
704.759;  -28.208; -565.072; -540.870
705.025;   30.043; -203.072; -194.870
705.291;    0.045; -666.072; -562.870
705.557;  185.447;  719.928;   34.129
705.823;   21.899; -742.072; -694.871
706.089;  144.726; -307.071; -326.871
706.355;  340.153; -315.071; -244.872
706.620; 5466.254; -776.071; -729.872
706.886; 7687.631; -309.071; -362.873
707.152;  723.933; -818.070; -973.873
707.418;  -24.215;-1153.070;-1186.873
707.683;   -6.288; -550.070; -530.874
707.949;  -46.662; -547.070; -578.874
708.215;   -3.335; -129.070; -207.874
708.480;  -19.333; -520.069; -420.875
708.746;   87.044;   68.931;   28.125
709.011;  -63.454; -578.069; -612.876
709.277;  -76.452; -538.069; -543.876
709.542;  -62.176; -428.069; -387.876
709.808;   -4.699;  -59.068;   89.123
710.073;  -78.047; -577.068; -695.877
710.339;  -30.970; -242.068; -228.877
710.604;   64.607; -780.068; -845.878
710.869;  329.733; -277.068; -366.878
711.135;  -81.490; -715.067; -628.879
711.400;  -86.188; -507.067; -608.879
711.665;  -73.861; -404.067; -479.879
711.931;  -99.759; -661.067; -677.880
712.196; -111.607; -876.067; -954.880
712.461;  103.119; -402.066; -490.880
712.726;  133.446; -727.066; -771.881
712.991;  -98.252; -647.066; -664.881
713.256;  -50.475; -350.066; -332.882
713.521;  -60.798; -417.065; -381.882
713.787;  -62.197; -454.065; -472.882
714.052;  -32.245; -214.065; -400.883
714.317;  -91.393;-1045.065; -981.883
714.581; 1013.484; -374.065; -268.883
714.846; 1378.086; -822.064; -888.884
715.111;  121.913;  261.936;  257.116
715.376;  -21.261;  -86.064; -223.885
715.641;  -21.109; -365.064; -367.885
715.906;  290.618;   15.936; -551.885
716.171;  135.595;  221.937;  209.114
716.436;    8.622;  -78.063; -104.886
716.700; -107.427; -818.063; -692.886
716.965; -127.450; -794.063; -807.887
717.230;  -78.148; -339.063; -392.887
717.494;  -30.521;  -40.062; -134.888
717.759;  -88.569; -784.062; -640.888
718.024;   11.758;  269.938;  250.112
718.288;   70.984;  685.938;  395.111
718.553; -151.214; -803.062; -977.889
718.817; -143.887; -883.061; -899.889
719.082;  -25.260; -115.061; -125.890
719.346; -126.483;-1000.061; -947.890
719.611;  -61.356; -300.061; -255.891
719.875; -106.155; -568.060; -537.891
720.140;  -68.503; -453.060; -603.891
720.404;   23.749; -136.060; -249.892
720.668;  838.526; -475.060; -411.892
720.933;  323.678;  146.940;  137.108
721.197; -104.896; -667.059; -600.893
721.461; -138.419; -851.059; -826.893
721.725;  -16.992;  -21.059; -250.894
721.990;  -62.765; -284.059; -204.894
722.254;  -52.713;  -26.059; -108.894
722.518;  -70.761; -286.058; -442.895
722.782;  -96.135; -743.058; -594.895
723.046;  125.917;  614.942;  570.105
723.310;   19.969;  374.942;  210.104
723.574;  -96.079; -654.058; -614.896
723.838; -105.527; -576.057; -642.897
724.102;  -39.501; -226.057; -239.897
724.366; -139.574;-1032.057; -978.897
724.630; -100.247; -749.057; -571.898
724.894;  -87.120; -722.057; -514.898
725.158;  -18.818;   38.944; -295.898
725.422;  -58.341; -394.056; -327.899
725.685;  -75.090; -441.056; -349.899
725.949;  -94.538; -566.056; -519.900
726.213;  -67.486; -732.056; -811.900
726.477;  179.066;-1020.055; -933.900
726.740;  133.393; -274.055; -104.901
727.004;  328.844; -384.055; -510.901
727.268; 3267.371; -442.055; -400.901
727.531;  899.023; -961.055; -775.902
727.795;  -40.300; -713.054; -673.902
728.059;  -52.298; -552.054; -557.903
728.322;  -85.096; -841.054; -669.903
728.586;   22.580; -692.054; -701.903
728.849;  -83.243; -695.053; -756.904
729.112; -120.266; -812.053; -912.904
729.376; -127.164; -959.053; -905.904
729.639;  -80.887; -536.053; -536.905
729.903;  -99.886; -733.053; -699.905
730.166;  -50.934; -437.052; -399.906
730.429;  -35.332; -317.052; -468.906
730.693;  -58.955; -355.052; -894.906
730.956;  199.297;  810.948;  651.093
731.219;  675.324; -310.052; -103.907
731.482;  116.025;-1003.051; -894.907
731.745;   94.752; -794.051; -935.908
732.009;    8.804;  -30.051;   50.092
732.272;  -89.169; -904.051; -771.909
732.535;  -44.517; -300.051; -310.909
732.798; -160.040;-1083.050;-1166.909
733.061;  -50.439; -430.050; -456.910
733.324;    3.763;   31.950; -180.910
733.587;   66.765;  290.950;  365.090
733.850;  -72.083; -973.049;-1050.911
734.113;   25.544;   33.951;   32.089
734.376;   23.020; -328.049; -447.912
734.639;  221.172; 1188.951; 1011.088
734.901;   64.474; -180.049; -402.912
735.164;  501.826; -883.048; -837.913
735.427; 1314.203; -166.048; -355.913
735.690;  118.655; -205.048; -234.913
735.952;  -34.919; -923.048; -925.914
736.215;  -25.267;-1113.048;-1009.914
736.478;   50.985; -771.047; -774.915
736.740;  207.512;   33.953;  129.085
737.003;  673.564; -658.047; -672.915
737.266; 4015.315;  -94.047;   46.084
737.528;  433.767; -682.047; -660.916
737.791;  331.019; -316.046; -327.916
738.053;  784.371;  465.954;  649.083
738.316;10805.323; -162.046; -136.917
738.578; 7627.625; -770.046; -736.918
738.841;  450.576; -382.046; -446.918
739.103;  171.903; -875.045; -777.918
739.365;  530.555;   79.955;  -69.919
739.628;   -8.968; -884.045; -805.919
739.890;  -39.666; -758.045; -710.919
740.152;  -50.865; -692.044; -754.920
740.414;  -16.038; -408.044; -359.920
740.677;  -45.186; -785.044; -634.921
740.939;  -42.484; -587.044; -487.921
741.201;  259.018; -432.044; -572.921
741.463;   37.545; -689.043; -745.922
741.725;    2.496;  -21.043; -199.922
741.987;   46.698;  220.957;  116.078
742.249;  -15.525; -751.043; -859.923
742.511;  200.052; -703.043; -794.923
742.773;    8.879; -546.042; -546.924
743.035;  133.306;  796.958;  533.076
743.297;  -39.543; -963.042;-1013.924
743.559;  745.134; -278.042; -262.925
743.821;   44.061; -735.042; -744.925
744.083;   17.488;  -44.041; -149.925
744.345;  -92.585; -869.041; -892.926
744.607;   31.291;   75.959;  122.074
744.868;  -56.407; -490.041; -554.927
745.130; -111.780; -994.041;-1008.927
745.392;   32.572;   -1.040;  -44.927
745.653;   -1.876; -411.040; -378.928
745.915;  156.701;  896.960;  631.072
746.177;   51.777;   35.960;  -43.928
746.438;  -14.396; -428.040; -543.929
746.700;  -39.669; -947.039; -988.929
746.961;    0.783; -659.039; -740.930
747.223;  130.735; -190.039;  -74.930
747.484;   96.961; -391.039; -471.930
747.746;  142.288;  -23.038; -106.931
748.007;  109.415; -647.038; -689.931
748.269;  287.917; -468.038; -440.931
748.530;  486.369; -852.038; -638.932
748.791;  265.946; -354.038; -420.932
749.053;  438.997;  286.963;  163.067
749.314;  459.124; -236.037; -169.933
749.575;  510.801; -945.037; -905.933
749.836;  838.053; -217.037;   86.066
750.098; 2472.630;  -60.037;  -21.934
750.359;36614.206;  414.964;  555.066
750.620; 9272.708; -121.036; -220.935
750.881; 1057.535; -585.036; -513.935
751.142; 1341.387; -950.036; -938.936
751.403;16652.764; -789.036; -705.936
751.664; 7359.841;-1034.035; -999.936
751.925;  491.892; -175.035; -262.937
752.186;  270.694; -298.035; -278.937
752.447;  131.771; -590.035; -445.937
752.708;   39.923; -532.035; -648.938
752.969;   11.625; -566.034; -576.938
753.230;  -13.349; -777.034; -672.939
753.491;   -5.497; -650.034; -631.939
753.751;   67.255;  109.966;   19.061
754.012;   82.207;  258.967;  181.060
754.273;   61.459; -174.033;  -71.940
754.534;   -2.164; -487.033; -580.940
754.794;  -97.788; -926.033; -911.941
755.055;  144.864; 1051.967;  881.059
755.316;  -43.759; -700.032; -566.942
755.576;  -18.382; -606.032; -576.942
755.837;  -43.655; -527.032; -695.942
756.097;  -33.278; -530.032; -564.943
756.358;  -76.002; -725.032; -770.943
756.618;  -56.825; -705.031; -641.943
756.879;   -9.823; -254.031; -349.944
757.139; -128.571;-1098.031;-1116.944
757.400;  -48.544; -538.031; -553.945
757.660;  -24.768; -365.031; -401.945
757.920;   15.884; -266.030; -228.945
758.181;  -20.039; -468.030; -351.946
758.441;  -92.362; -870.030; -809.946
758.701;  -35.035; -308.030; -215.946
758.961;  -23.508; -220.030; -278.947
759.222;  -47.032; -574.029; -502.947
759.482;  -77.455; -683.029; -723.948
759.742;  -91.503; -706.029; -547.948
760.002;   12.024;  -83.029; -143.948
760.262;   28.326;   50.972;  182.051
760.522;  -42.073; -498.028; -574.949
760.782;  -57.196; -738.028; -612.949
761.042;  -31.219; -618.028; -573.950
761.302;   53.958;   55.972;  -18.950
761.562;   68.560; -164.027; -154.951
761.822;   83.987; -710.027; -551.951
762.082;  -47.837;-1104.027;-1093.951
762.342;   62.390; -328.027; -403.952
762.601;   77.692; -567.027; -506.952
762.861;  354.744; -281.026; -207.952
763.121;  396.371; -406.026; -411.953
763.381; 7399.422; -499.026; -485.953
763.640; 8187.899; -139.026; -307.954
763.900;  361.776; -242.026; -203.954
764.160;   84.103; -458.025; -491.954
764.419;  -17.045; -726.025; -782.955
764.679;  -74.568; -795.025; -726.955
764.939;  -18.292; -124.025; -210.955
765.198;  -71.065; -608.025; -563.956
765.458;  -85.063; -710.024; -612.956
765.717;  -87.186; -454.024; -590.957
765.976;  -59.534; -428.024; -411.957
766.236;  -76.107; -475.024; -610.957
766.495;   19.919;  260.977;   73.042
766.755; -102.679;-1090.023; -987.958
767.014;   -2.927; -594.023; -665.958
767.273;  -62.625; -373.023; -397.959
767.533;  -36.898; -228.023; -307.959
767.792;  -24.422; -151.022; -188.960
768.051;  -53.170; -228.022; -276.960
768.310;  -85.718; -546.022; -650.960
768.569;   -0.816; -161.022;    4.039
768.828;  -41.939; -285.022; -363.961
769.088; -115.712;-1050.021; -942.961
769.347;  -79.561; -755.021; -599.962
769.606;  -96.134; -876.021; -857.962
769.865; -124.982;-1016.021;-1033.963
770.124;   -3.180; -411.021; -336.963
770.383;  -57.253; -778.020; -910.963
770.641;    0.923; -398.020; -400.964
770.900;  -66.125; -953.020; -846.964
771.159;  -59.723; -851.020; -951.964
771.418;  -16.346; -917.020; -779.965
771.677;  132.956; -224.019; -293.965
771.936;  130.558; -794.019; -865.966
772.194; 2174.184; -465.019; -437.966
772.453;10872.161; -213.019; -391.966
772.712;  771.613;  416.982;  329.033
772.970;  108.065;   32.982;   63.033
773.229;   71.167;  -22.018;  102.033
773.488;  -96.182; -814.018; -770.968
773.746;   59.645;  296.982;  335.032
774.005;    5.097;  190.983;  -22.969
774.263;   11.099;  243.983;  177.031
774.522;  -49.149; -422.017; -548.969
774.780;  -90.197; -484.017; -417.970
775.039;  -96.021; -551.017; -531.970
775.297;  -20.144; -135.016; -351.970
775.555; -104.342; -489.016; -612.971
775.814; -139.715; -618.016; -570.971
776.072; -131.388; -749.016; -740.971
776.330; -111.187; -630.016; -520.972
776.589; -123.210; -703.015; -721.972
776.847; -119.308; -645.015; -624.973
777.105; -177.781;-1016.015;-1032.973
777.363;  -78.304; -459.015; -454.973
777.621; -130.827; -660.015; -717.974
777.879;  -18.401;  -42.014;   32.026
778.138;  -89.499; -554.014; -717.974
778.396; -106.972; -585.014; -526.975
778.654; -156.920;-1015.014; -970.975
778.912;  -68.118; -269.014; -371.976
779.170; -139.941; -880.013; -803.976
779.427; -145.490; -922.013; -897.976
779.685; -151.813; -880.013; -832.977
779.943;  -94.986; -654.013; -593.977
780.201; -161.184; -964.012; -883.978
780.459; -104.207; -651.012; -610.978
780.717;  -81.456; -440.012; -390.978
780.974; -100.254; -449.012; -490.979
781.232;  -77.377; -358.012; -338.979
781.490;  -86.350; -551.011; -472.979
781.747;  -96.623; -555.011; -476.980
782.005;   26.454;  462.989;  254.020
782.263; -167.520; -542.011;-1004.981
782.520;  -80.068; -326.011; -501.981
782.778; -173.116;-1013.010;-1051.981
783.035; -166.939; -962.010; -938.982
783.293;  -65.587; -248.010; -206.982
783.550;  -58.061; -134.010; -198.982
783.808; -130.359; -764.010; -776.983
784.065; -143.132; -745.009; -874.983
784.322;  -40.880;   25.991;  -86.984
784.580; -135.103; -915.009; -771.984
784.837;  -95.426; -392.009; -466.984
785.094; -127.600; -783.009; -762.985
785.352;  -82.248; -304.008; -404.985
785.609; -114.171; -934.008; -839.985
785.866;  -93.444; -345.008; -401.986
786.123;  -65.767; -639.008; -583.986
786.380;  -94.166; -665.008; -604.987
786.637;  -47.489; -225.007; -380.987
786.895;  -20.912; -456.007; -543.987
787.152;  -42.010; -135.007; -267.988
787.409;  -43.958; -123.007; -225.988
787.666;  -84.581; -299.006; -378.988
787.923; -114.555; -616.006; -695.989
788.179;  -93.653; -551.006; -584.989
788.436; -115.551; -585.006; -585.990
788.693;  -46.524;  -92.006;  -87.990
788.950;  128.353; -125.005; -112.990
789.207;  217.004; -381.005; -372.991
789.464;  -52.094; -161.005; -301.991
789.720;  -15.042;  150.995;  110.009
789.977; -169.640;-1003.005; -671.992
790.234;  -34.988;   44.996;  -66.992
790.490; -158.461; -884.004;-1031.993
790.747;  -33.410;  -85.004;   22.007
791.004;  -31.458; -426.004; -348.993
791.260;  -77.631; -430.004; -560.994
791.517; -103.754; -843.003; -788.994
791.773;  -36.402; -379.003; -342.994
792.030; -106.450; -596.003; -660.995
792.286; -109.574; -686.003; -636.995
792.543;  -11.647;  -74.002; -159.995
792.799;  -72.520; -584.002; -382.996
793.055; -172.618;-1179.002;-1210.996
793.312;  -94.391; -827.002; -816.997
793.568;  -65.490; -746.002; -599.997
793.824;    6.187; -226.001; -284.997
794.081;   11.689; -447.001; -508.998
794.337;   51.866; -664.001; -561.998
794.593; 1306.168; -319.001; -271.999
794.849; 6531.695; -746.001; -772.999
795.105;  330.596; -270.000; -261.999
795.361;   10.748; -490.000; -457.000
795.617;  -65.975; -875.000; -945.000
795.873;  -54.400; -360.000; -407.000
796.129;  -49.450; -368.000; -306.000
796.385;  -37.225; -124.000; -156.000
796.641;   69.550;  412.000;  550.000
796.897;  -85.425; -666.000; -635.000
797.153;   67.425;  453.000;  357.000
797.409;  -94.600; -785.000; -868.000
797.665;  -78.000; -625.000; -732.000
797.921;  -81.425; -775.000; -762.000
798.176;  -76.525; -744.000; -747.000
798.432;  -35.925; -824.000; -596.000
798.688;  -81.925;-1174.000;-1078.000
798.943;   68.800; -165.000; -147.000
799.199;   -0.500;-1005.000; -959.000
799.455;  239.200;  369.000;  316.000
799.710;  131.400; -813.000; -380.000
799.966;  304.100; -162.000; -160.000
800.221;  470.000; -638.000; -721.000
800.477;10358.900; -743.000; -710.000
800.732; 9272.800; -773.000; -800.000
800.988;  640.075;  205.000;  -19.000
801.243; 1740.600; -454.000; -344.000
801.498; 7671.500; -814.000; -739.000
801.754;  432.975; -289.000; -163.000
802.009;   69.450; -257.000; -335.000
802.264;  -48.325; -967.000;-1033.000
802.520;   28.925;  222.000;   -3.000
802.775;  -56.075; -524.000; -359.000
803.030;   45.950;  395.000;  356.000
803.285; -119.200; -840.000; -903.000
803.540;  -64.850; -686.000; -699.000
803.795;  -39.750; -648.000; -583.000
804.051;  -44.425; -279.000; -346.000
804.306;   26.975;  168.000;  128.000
804.561;  140.125;  451.000;  362.000
804.816;  135.550;  714.000;  861.000
805.071;    7.425; -185.000; -280.000
805.325;  204.425; -257.000; -427.000
805.580;  -99.950; -841.000; -877.000
805.835;  -23.425; -204.000; -297.000
806.090;  -81.800; -760.000; -676.000
806.345;  -21.475; -344.000; -264.000
806.600;  -34.675; -549.000; -632.000
806.854;  -22.675; -408.000; -538.000
807.109;  -20.800; -493.000; -577.000
807.364;    3.125; -407.000; -328.000
807.618;    4.500; -415.000; -381.000
807.873;   52.050; -470.000; -494.000
808.128;   82.500; -257.000; -518.000
808.382;   98.600; -224.000; -332.000
808.637;   69.425; -440.000; -511.000
808.891;  174.800; -257.000; -180.000
809.146;   93.525; -902.000; -794.000
809.400;  254.775; -848.000; -923.000
809.654;  311.775; -779.000; -551.000
809.909;  480.900; -841.000; -927.000
810.163; 6586.925; -813.000; -651.000
810.418;17189.700; -940.000; -861.000
810.672; 1027.650; -685.000; -690.000
810.926;  702.475; -993.000; -973.000
811.180; 1400.400; -439.000; -372.000
811.434;31593.075;  240.000;  135.000
811.689;12915.825; -231.000; -365.000
811.943;  649.100; -936.000; -953.000
812.197;  309.400; -893.000; -671.000
812.451;  116.250; -379.000; -514.000
812.705;  -24.825; -809.000; -619.000
812.959;   -4.325; -263.000; -388.000
813.213;    5.075; -283.000; -209.000
813.467;   60.125;  470.000;  253.000
813.721;  -96.475; -764.000; -792.000
813.975; -117.375; -826.000; -877.000
814.229;   47.375;  430.000;  353.000
814.482;  -66.975; -517.000; -566.000
814.736; -122.325; -766.000; -744.000
814.990; -129.125; -779.000; -872.000
815.244;  -44.875; -228.000; -285.000
815.497;  -80.550; -636.000; -601.000
815.751;  -23.200; -141.000;   82.000
816.005; -101.200; -470.000; -586.000
816.258;  -76.900; -510.000; -363.000
816.512; -101.525; -693.000; -610.000
816.766;   -6.550;  121.000;  157.000
817.019;   27.200;  148.000;  149.000
817.273; -114.400;-1000.000; -802.000
817.526;  -49.525; -206.000; -173.000
817.779;  -32.875;-1049.000; -960.000
818.033;  -74.100; -693.000; -807.000
818.286; -124.275; -725.000; -792.000
818.540;  -89.250; -403.000; -403.000
818.793;  -78.575; -402.000; -489.000
819.046; -108.275; -582.000; -520.000
819.299;  -46.450; -157.000; -166.000
819.553; -107.475; -552.000; -592.000
819.806; -167.200;-1016.000; -838.000
820.059;  -70.125; -334.000; -354.000
820.312;   13.350;  152.000;  185.000
820.565;  -28.425;  110.000;  -27.000
820.818;  -53.700;  -59.000; -173.000
821.071; -152.650;-1041.000; -957.000
821.324; -107.075; -536.000; -540.000
821.577; -104.000; -457.000; -483.000
821.830;  -64.400; -270.000; -172.000
822.083; -119.900; -733.000; -288.000
822.336;  -69.900; -261.000; -167.000
822.589; -142.025; -805.000; -688.000
822.842; -151.425; -875.000; -770.000
823.094; -188.700;-1076.000;-1114.000
823.347; -126.025; -925.000; -729.000
823.600;   12.875;  402.000;  187.000
823.853;  -67.150; -311.000; -267.000
824.105;  -67.500; -331.000; -575.000
824.358; -111.575; -617.000; -716.000
824.611;   37.425;  234.000;   40.000
824.863;  -46.100; -612.000; -591.000
825.116;   44.025;  -33.000;   27.000
825.368;   67.975; -366.000; -372.000
825.621;  154.850; -186.000; -240.000
825.873;   93.725; -704.000; -737.000
826.126;  568.900; -669.000; -641.000
826.378;11559.525; -389.000; -505.000
826.630; 2863.025; -890.000; -898.000
826.883;   40.750; -754.000; -693.000
827.135;   53.275; -279.000; -270.000
827.387; -110.150; -893.000; -839.000
827.639;  -31.550;  -86.000;   32.000
827.892; -128.050; -742.000; -582.000
828.144; -148.250; -848.000; -804.000
828.396;  -35.725;  104.000;  -80.000
828.648; -102.825; -440.000; -333.000
828.900; -143.200; -702.000; -795.000
829.152; -117.625; -684.000; -683.000
829.404;  -59.500; -215.000; -267.000
829.656;  -49.700;  321.000;  214.000
829.908;  -16.150;  393.000;  229.000
830.160; -173.000;-1064.000;-1047.000
830.412;  -91.100; -481.000; -430.000
830.664; -120.125; -557.000; -665.000
830.916;  -81.100; -268.000; -206.000
831.167; -180.275;-1073.000; -951.000
831.419;  -96.450; -623.000; -566.000
831.671; -149.150; -764.000; -809.000
831.923;  -83.675; -311.000; -447.000
832.174;  -75.375; -273.000; -331.000
832.426; -121.200; -493.000; -582.000
832.678; -181.375;-1043.000;-1091.000
832.929; -165.125; -947.000; -935.000
833.181;  -68.575; -575.000; -677.000
833.432;  -51.225;  -59.000; -186.000
833.684;  -17.425;  112.000;  -27.000
833.935; -117.475; -610.000; -566.000
834.187; -126.750; -829.000; -823.000
834.438;  -45.550;  -58.000;  -25.000
834.689;  -65.575; -255.000; -123.000
834.941;  -63.075; -343.000; -244.000
835.192;  -88.975; -590.000; -533.000
835.443; -103.925; -419.000; -506.000
835.695;  -18.275;  138.000;  -16.000
835.946;  -98.350; -608.000; -378.000
836.197; -112.050; -599.000; -622.000
836.448;  -98.800; -528.000; -395.000
836.699;  -58.100; -253.000; -341.000
836.950;  -12.575;   72.000;    7.000
837.201; -154.625;-1003.000; -987.000
837.452;  -58.000; -356.000; -170.000
837.703; -115.450; -791.000; -737.000
837.954;  -42.300; -205.000; -365.000
838.205;  -73.225;-1029.000;-1008.000
838.456;  159.100; -196.000; -282.000
838.707;   -3.100; -423.000; -519.000
838.958;    5.700; -634.000; -647.000
839.209;  258.925;   18.000;   40.000
839.460;  118.100; -439.000; -201.000
839.710;  166.850; -135.000; -297.000
839.961;  407.775;  730.000;  612.000
840.212;  339.375; -382.000; -497.000
840.462; 1136.875; -328.000; -277.000
840.713;17857.450; -571.000; -536.000
840.964; 7303.100;  -62.000; -143.000
841.214;  503.575; -384.000; -624.000
841.465;  562.975; -214.000; -141.000
841.715;  498.200; -417.000; -380.000
841.966;  643.125; -746.000; -685.000
842.216; 9008.675; -330.000; -431.000
842.466;34680.275; -169.000; -313.000
842.717; 1937.350; -964.000; -952.000
842.967;  323.500; -635.000; -641.000
843.217;  264.750;   20.000;   28.000
843.468;   70.875; -104.000; -132.000
843.718;  -51.700; -718.000; -726.000
843.968;  -85.450; -837.000; -765.000
844.218;   19.575; -315.000; -262.000
844.469;  -57.575; -577.000; -561.000
844.719; -122.200; -537.000; -682.000
844.969;  -92.750; -550.000; -580.000
845.219; -153.325; -814.000; -862.000
845.469;  -88.550; -392.000; -342.000
845.719; -146.300; -792.000; -884.000
845.969;  -12.375;  119.000;  174.000
846.219; -119.250; -738.000; -720.000
846.469;    9.725;  464.000;  432.000
846.718;  -50.825; -115.000;   31.000
846.968; -146.175; -827.000; -827.000
847.218;  -59.275; -224.000; -371.000
847.468;   -2.100; -586.000; -555.000
847.718; -137.425; -827.000; -798.000
847.967; -145.925; -826.000; -915.000
848.217;  -91.350; -449.000; -569.000
848.467;  -59.575; -405.000; -376.000
848.716; -114.500; -708.000; -725.000
848.966;    4.775; -372.000; -358.000
849.215;  -69.725; -428.000; -419.000
849.465;  -99.850; -785.000; -615.000
849.714; -163.175;-1132.000;-1150.000
849.964;  -72.175; -551.000; -613.000
850.213;  -15.975; -393.000; -355.000
850.463;   70.175;  137.000;  340.000
850.712;   -0.025; -542.000; -567.000
850.961;   24.000; -739.000; -678.000
851.211;  101.075; -513.000; -504.000
851.460;  157.200; -635.000; -650.000
851.709;  554.125;  -25.000;   18.000
851.958;10277.725; -912.000; -750.000
852.208;12746.775; -859.000; -879.000
852.457;  471.425; -181.000;  -13.000
852.706;   63.425; -791.000; -823.000
852.955;   13.425; -507.000; -528.000
853.204;  -66.725; -521.000; -461.000
853.453;  -77.900; -418.000; -458.000
853.702; -141.775; -660.000; -750.000
853.951; -108.550; -532.000; -520.000
854.200; -117.850; -613.000; -562.000
854.449; -136.075; -695.000; -661.000
854.698;  -85.975; -340.000; -279.000
854.946;  -70.200; -181.000; -284.000
855.195; -151.125; -843.000; -868.000
855.444; -104.650; -395.000; -420.000
855.693; -119.100; -345.000; -432.000
855.941; -110.950; -387.000; -516.000
856.190;  -69.425; -256.000; -382.000
856.439; -127.425; -652.000; -703.000
856.687;  -70.575;  -99.000;  -72.000
856.936; -130.025; -621.000; -323.000
857.184; -183.600;-1067.000;-1020.000
857.433;  -95.600; -423.000; -512.000
857.681; -176.250; -989.000; -953.000
857.930;  -80.950; -282.000; -433.000
858.178; -174.375; -856.000; -929.000
858.427; -158.800; -802.000; -781.000
858.675; -126.675; -377.000; -544.000
858.923; -124.025; -527.000; -819.000
859.172; -170.925;-1094.000;-1070.000
859.420;  -87.425; -339.000; -239.000
859.668; -133.275; -624.000; -628.000
859.916;  -32.700;  109.000;  115.000
860.164; -118.050; -699.000; -603.000
860.413;  293.750; -878.000; -696.000
860.661;  200.725; -709.000; -577.000
860.909;  -84.975; -339.000; -325.000
861.157;  -87.775; -277.000; -444.000
861.405; -129.775; -534.000; -670.000
861.653;   15.800;  310.000;  310.000
861.901;  168.425; -543.000; -613.000
862.149;   -4.400; -801.000; -824.000
862.396;  -80.850; -297.000; -187.000
862.644; -106.850; -368.000; -347.000
862.892;  -39.575;   98.000;  138.000
863.140; -123.050; -549.000; -530.000
863.388; -157.350; -815.000; -759.000
863.635; -129.150; -642.000; -601.000
863.883;  -18.800;  231.000;  190.000
864.131; -100.700; -288.000; -357.000
864.378; -147.500; -675.000; -540.000
864.626; -100.300; -347.000; -415.000
864.873; -133.650; -556.000; -505.000
865.121; -162.375; -714.000; -799.000
865.368;  -52.675; -173.000;   75.000
865.616;  -49.750;  -33.000;  -40.000
865.863;  -76.625; -462.000; -506.000
866.111; -112.150; -795.000; -824.000
866.358;   27.475; -426.000; -420.000
866.605; 2191.700;  -64.000; -804.000
866.853; 2289.800; -621.000; -537.000
867.100;  -42.600; -728.000; -775.000
867.347; -105.150; -672.000; -611.000
867.594;  -92.500; -740.000; -714.000
867.841;   66.450;   97.000;   17.000
868.089; -155.450; -746.000; -698.000
868.336; -116.225; -477.000; -420.000
868.583; -149.175; -637.000; -741.000
868.830;  -52.550; -131.000; -170.000
869.077; -178.400; -859.000; -787.000
869.324; -124.500; -502.000; -458.000
869.571; -133.975; -398.000; -430.000
869.818; -120.200; -485.000; -439.000
870.065; -108.075; -439.000; -513.000
870.311; -125.150; -456.000; -542.000
870.558; -104.900; -332.000; -311.000
870.805;  -88.325; -320.000; -384.000
871.052; -114.325; -494.000; -369.000
871.298;  -67.500; -204.000; -131.000
871.545;  -77.050; -151.000; -185.000
871.792;  -96.925; -173.000; -222.000
872.038;  -68.100;   43.000; -126.000
872.285; -133.600; -496.000; -387.000
872.532;  -99.500; -357.000; -387.000
872.778;    3.400;  556.000;  403.000
873.025;  -93.075; -384.000; -359.000
873.271;   13.450;  501.000;  578.000
873.517;  -34.525; -133.000; -209.000
873.764;  -37.375; -193.000;  -80.000
874.010;  -77.850; -143.000; -230.000
874.257;  -50.050;  123.000;   90.000
874.503; -133.500; -579.000; -479.000
874.749;  -76.925;   31.000;  275.000
874.995;  -83.700;  -80.000;  -20.000
875.242; -127.900; -540.000; -478.000
875.488; -116.550; -414.000; -439.000
875.734;  -67.475; -106.000; -234.000
875.980;  173.675; -872.000;-1032.000
876.226;  355.950; -157.000; -255.000
876.472;  -15.650;  343.000;  237.000
876.718;  -35.600;  184.000;  158.000
876.964;  -47.350;   56.000;   55.000
877.210; -151.150; -547.000; -677.000
877.456; -144.975; -630.000; -557.000
877.702; -187.100; -821.000; -832.000
877.948; -105.850; -377.000; -497.000
878.193;   13.750;  361.000;  255.000
878.439; -100.300; -487.000; -472.000
878.685;  -94.050; -272.000; -343.000
878.931; -133.450; -618.000; -676.000
879.176;  -80.750; -201.000; -201.000
879.422; -175.075; -933.000; -820.000
879.668;   61.825;   10.000;   79.000
879.913;  145.900;   53.000;  137.000
880.159;  -62.025; -112.000;  -17.000
880.404;  -55.875; -152.000; -162.000
880.650;  -37.650;   91.000;  141.000
880.895; -162.250; -670.000; -710.000
881.141; -120.925; -454.000; -428.000
881.386; -150.100; -503.000; -658.000
881.631;  -90.000; -311.000; -166.000
881.877;  -43.100;  112.000;  -13.000
882.122; -140.725; -684.000; -600.000
882.367;  -98.425; -136.000; -186.000
882.612;  -66.650;  -80.000; -176.000
882.858; -176.550; -877.000; -823.000
883.103;  -99.400; -297.000; -267.000
883.348; -162.475; -759.000; -852.000
883.593; -147.325; -677.000; -602.000
883.838;  -58.975; -311.000;  -24.000
884.083;    6.150;  353.000;  288.000
884.328;  -91.375; -564.000; -545.000
884.573;  -68.700; -196.000; -143.000
884.818;  182.700; -694.000; -531.000
885.063;  151.475; -348.000; -315.000
885.308; -107.175; -475.000; -398.000
885.553;  -22.350;  245.000;  325.000
885.797; -137.325; -545.000; -615.000
886.042;  -63.500;    8.000;   58.000
886.287;  -94.050; -253.000; -211.000
886.532;  -46.500;   26.000;  204.000
886.776; -111.525; -407.000; -525.000
887.021; -148.800; -621.000; -574.000
887.265; -162.700; -685.000; -689.000
887.510; -147.175; -557.000; -496.000
887.755;  -97.600; -194.000; -164.000
887.999; -140.350; -552.000; -575.000
888.244;  -63.000;  -58.000;  161.000
888.488;    4.175;  371.000;  393.000
888.732; -134.200; -368.000; -520.000
888.977; -134.275; -622.000; -567.000
889.221; -167.100; -683.000; -659.000
889.465; -133.475; -422.000; -566.000
889.710;  -81.725;  -56.000; -299.000
889.954;  -10.275;  579.000;  467.000
890.198; -147.475; -584.000; -707.000
890.442; -159.950; -716.000; -712.000
890.687; -171.900; -800.000; -753.000
890.931;  -90.550; -273.000; -210.000
891.175; -140.825; -502.000; -500.000
891.419;  -87.725; -105.000; -110.000
891.663;  -86.225; -239.000; -112.000
891.907; -172.925; -801.000; -545.000
892.151; -171.500; -920.000; -815.000
892.395; -106.200; -274.000; -387.000
892.638;  -27.825;  408.000;  291.000
892.882; -178.650; -780.000; -867.000
893.126;    3.725;  758.000;  558.000
893.370;  -94.750; -167.000; -168.000
893.614; -146.600; -714.000; -715.000
893.857; -110.475; -183.000; -197.000
894.101; -145.875; -527.000; -631.000
894.345;  -63.575;  300.000;  150.000
894.588;    5.400;  569.000;  380.000
894.832; -100.825; -178.000;  -84.000
895.075;  -89.125;   15.000;  -92.000
895.319; -136.575; -552.000; -420.000
895.563; -129.275; -413.000; -353.000
895.806; -154.725; -628.000; -741.000
896.049;  -74.150; -576.000; -368.000
896.293;   86.525;  527.000;  405.000
896.536;  -73.200; -465.000; -468.000
896.779;  -74.375; -149.000;   -1.000
897.023; -136.050; -751.000; -714.000
897.266;  -33.850;  325.000;  269.000
897.509; -187.250; -900.000; -901.000
897.752;  -55.525;  149.000;  171.000
897.996; -195.075; -972.000; -864.000
898.239;  -55.250;  168.000;  102.000
898.482; -122.750; -431.000; -453.000
898.725;  -30.775;  101.000;   53.000
898.968; -160.225; -609.000; -744.000
899.211; -109.600; -513.000; -361.000
899.454; -133.050; -633.000; -539.000
899.697;  -64.525;   90.000;  -43.000
899.940; -173.950; -761.000; -757.000
900.182; -111.450; -335.000; -405.000
900.425;  -94.825; -150.000; -298.000
900.668;  -22.775;  491.000;  350.000
900.911;  -91.775; -292.000; -345.000
901.154;  -60.500;  141.000;   -3.000
901.396; -151.450; -407.000; -412.000
901.639; -135.400; -430.000; -496.000
901.882; -192.350; -790.000; -809.000
902.124;  -76.875;  -29.000; -143.000
902.367; -132.000; -315.000; -361.000
902.609; -147.050; -476.000; -453.000
902.852;  -88.350; -108.000; -260.000
903.094; -134.475; -458.000; -337.000
903.337;  -58.000;  -26.000;   53.000
903.579; -126.450; -228.000; -441.000
903.821; -155.650; -597.000; -744.000
904.064;  -68.400;   85.000;  127.000
904.306;  -86.500; -126.000; -166.000
904.548; -124.450; -152.000; -366.000
904.790; -101.350; -195.000; -340.000
905.033; -136.700; -625.000; -577.000
905.275; -144.525; -513.000; -524.000
905.517;   24.100;  468.000;  256.000
905.759;  -72.875; -667.000; -761.000
906.001; -104.375; -322.000; -369.000
906.243;  -71.500; -162.000; -224.000
906.485;  127.075; -265.000; -207.000
906.727;  107.950; -499.000; -542.000
906.969;  -49.975;  -30.000; -135.000
907.211;  109.625; -316.000; -382.000
907.453;  265.275; -188.000; -237.000
907.695;   -8.525; -158.000; -385.000
907.936;   38.600;  818.000;  706.000
908.178;  -50.000;   92.000; -135.000
908.420;  -72.925; -111.000; -162.000
908.662; -153.175; -633.000; -682.000
908.903;  -93.350; -208.000; -123.000
909.145;  -60.350; -240.000; -305.000
909.386;    5.800;  315.000;  280.000
909.628;   22.925;  363.000;  397.000
909.870;   -8.000;   29.000;  264.000
910.111;  -97.575; -809.000; -949.000
910.353;   14.200; -123.000; -161.000
910.594;   -0.450; -574.000; -606.000
910.835;   80.750; -265.000; -326.000
911.077;  153.850; -503.000; -604.000
911.318;  286.400; -505.000; -471.000
911.559;  437.625; -577.000; -880.000
911.801; 1322.550; -284.000; -280.000
912.042;10358.250;  -50.000; -159.000
912.283;26979.825;  404.000;  371.000
912.524; 4156.275; -396.000; -457.000
912.765;  498.125; -193.000;   79.000
913.006;  236.675; -307.000; -338.000
913.247;   44.325; -270.000; -290.000
913.488;  -22.200;  -43.000;   30.000
913.729;  -91.150; -373.000; -373.000
913.970;  -71.850;  -96.000; -292.000
914.211;  -58.650; -160.000; -198.000
914.452;  -68.350; -118.000;  -11.000
914.693;    9.225;  510.000;  592.000
914.934;    4.250;  510.000;  440.000
915.175;  -77.050;   53.000;  -95.000
915.415;  -73.000; -137.000;   27.000
915.656;  -72.275;  -28.000;  192.000
915.897;  -89.375; -252.000;  -82.000
916.137;  -68.625;   74.000;   -9.000
916.378; -142.275; -573.000; -517.000
916.619; -102.450; -159.000;  -63.000
916.859;  -28.050;  303.000;  330.000
917.100;  145.100; 1655.000; 1070.000
917.340;   41.925;  930.000;  728.000
917.581;   33.850;  965.000;  789.000
917.821;  -24.600; -171.000;  143.000
918.061;    1.075; -199.000;  -72.000
918.302;  -57.425; -152.000; -211.000
918.542;  -38.050;  -22.000;    3.000
918.782;   34.300;  369.000;  377.000
919.023;  118.125;  360.000;  427.000
919.263; 1759.900; 8131.000;  202.000
919.503; 1105.750; -137.000;  -54.000
919.743;  627.375;  390.000;  266.000
919.983;  255.875; -134.000;  -26.000
920.223;   68.825;  135.000;   14.000
920.463;  143.150;  631.000;  554.000
920.703;  131.950;   84.000;   39.000
920.943;  157.075; -110.000;   90.000
921.183;  209.700; -414.000; -405.000
921.423;  485.775;  307.000;  546.000
921.663;  725.825; -174.000; -257.000
921.903; 1540.875;  237.000;  173.000
922.143; 8682.550;  372.000;  389.000
922.383;33342.425;  158.000;  115.000
922.622;11377.100; -120.000;  -15.000
922.862; 1204.750;  796.000;  785.000
923.102;  443.925;  -51.000;   33.000
923.341;  177.500;   59.000;   74.000
923.581;   71.350;  450.000;  360.000
923.821;   20.800;  301.000;  398.000
924.060;   -3.950;  351.000;  193.000
924.300;  -72.200;  -16.000; -128.000
924.539;  -21.725;  584.000;  473.000
924.779;    6.300;  812.000;  597.000
925.018;  -56.825;  247.000;  353.000
925.257;  -11.125;  595.000;  666.000
925.497;  -50.100;  447.000;  412.000
925.736;  -83.775;  -35.000;  102.000
925.975;    0.350;  687.000;  669.000
926.214;   28.500;  907.000;  850.000
926.454;   23.775;  706.000;  757.000
926.693;  -33.275;  419.000;  543.000
926.932;   21.475; 1021.000;  825.000
927.171;   59.775; 1107.000; 1044.000
927.410;   47.150; 1144.000;  967.000
927.649;   25.450;  924.000;  742.000
927.888;  -13.400;  590.000;  564.000
928.127;   -9.800;  680.000;  678.000
928.366;   24.675;  842.000;  826.000
928.605;   39.200;  831.000;  737.000
928.844;  216.125; 1451.000; 1393.000
929.083;  590.525;  770.000;  613.000
929.321;  319.175; 1335.000; 1359.000
929.560;   85.800; 1158.000; 1122.000
929.799;  -22.650;  574.000;  475.000
930.038;   76.050; 1025.000; 1394.000
930.276;  -50.100;  334.000;  397.000
930.515;   -5.200;  827.000;  681.000
930.753;  -21.625;  614.000;  589.000
930.992;  -30.300;  664.000;  717.000
931.230;   -7.000;  847.000;  847.000
931.469;  165.250; 2162.000;  892.000
931.707;   47.525;  840.000;  751.000
931.946;   49.875; 1278.000; 1344.000
932.184;   55.700; 1437.000; 1175.000
932.423;   47.850; 1265.000;  963.000
932.661;   83.900; 1296.000; 1428.000
932.899;   18.275;  987.000;  821.000
933.137;   15.800;  754.000;  564.000
933.376;  135.000; 1664.000; 1335.000
933.614;  140.550; 1759.000; 1196.000
933.852;   57.000; 1357.000; 1171.000
934.090;  121.050; 1722.000; 1747.000
934.328;  106.800; 1252.000; 1457.000
934.566;   89.250; 1431.000; 1110.000
934.804;  120.225; 1263.000; 1309.000
935.042;  448.050; 1861.000; 1850.000
935.280; 1767.775; 2088.000; 2063.000
935.518; 1650.125; 2113.000; 2007.000
935.756;  364.500; 2481.000; 2316.000
935.994;  157.500; 1808.000; 1751.000
936.231;  335.300; 2890.000; 2950.000
936.469;  200.475; 2367.000; 2378.000
936.707;  153.875; 2220.000; 2167.000
936.945;  219.900; 2825.000; 2882.000
937.182;  213.875; 2679.000; 2741.000
937.420;  299.875; 3602.000; 3031.000
937.657;  404.475; 3365.000; 3478.000
937.895;  351.900; 3331.000; 3488.000
938.133;  317.225; 3540.000; 3528.000
938.370;  333.575; 3896.000; 4191.000
938.607;  383.300; 4488.000; 4205.000
938.845;  560.550; 5587.000; 5549.000
939.082;  485.800; 5387.000; 5177.000
939.320;  537.125; 5799.000; 5728.000
939.557;  639.450; 6549.000; 6491.000
939.794;  717.575; 7285.000; 7097.000
940.031;  915.075; 8421.000; 8368.000
940.269; 1104.275; 9552.000; 9107.000
940.506; 1135.925;10901.000;10507.000

