
Integration time [ms]: 100.000
Averaging Nr. [scans]: 40
Smoothing Nr. [pixels]: 0
Data measured with spectrometer [name]: 2101013U2
Wave   ;Sample   ;Dark     ;Reference
[nm]   ;[counts] ;[counts] ;[counts] 

394.013;   62.662; -450.257; -315.536
394.305;  251.260; -461.258; -419.536
394.596; 1118.155; -676.269; -527.514
394.887; 2652.147; -796.268; -654.518
395.178; 1035.728;  145.736;   11.476
395.470;   83.014; -210.263; -356.526
395.761;  224.712;  305.734;  394.479
396.052;  379.853; -545.284; -306.489
396.343;  380.299; -557.276; -454.503
396.634;  115.442; -200.279; -290.497
396.926;  156.019; -618.268; -565.517
397.217;  139.878;   11.725;  -17.504
397.508;   65.619; -366.273; -154.507
397.799;   57.867; -555.279; -571.497
398.090;    4.486; -973.280; -902.495
398.381;  141.852;   11.708;  -11.473
398.672;    3.453; -585.292; -742.473
398.963;   64.373; -348.279; -373.498
399.254;  122.412;   54.709; -209.475
399.545;  -33.091;-1017.266; -883.520
399.836;   89.013; -407.277; -343.501
400.127;   50.453; -205.295; -209.468
400.418;   82.814; -423.274; -392.506
400.709;   78.373; -359.281; -333.493
401.000;   60.891; -268.291; -309.476
401.290;  115.988;  225.698;  115.545
401.581;   66.585; -166.286; -228.485
401.872;   22.049; -542.298; -486.462
402.163;   60.420; -313.296; -252.467
402.454;  115.463; -123.291; -163.475
402.744;   90.961; -844.297; -813.465
403.035;  484.893; -226.293;  -86.471
403.326;  650.431; -366.292; -384.474
403.617;  417.819;  204.701;  165.539
403.907;  260.509; -593.283; -679.490
404.198; 2400.217; -545.307; -599.446
404.489; 6229.139; -618.283; -588.491
404.779; 2093.567; -618.302; -660.456
405.070;  244.995;  -67.304; -174.451
405.360;  334.670; -259.293; -238.472
405.651;  361.778;  125.699;   98.542
405.942;  185.781;  209.714;  127.516
406.232;  307.445; -432.285; -413.487
406.523;  537.613;  641.706;  758.530
406.813;  129.633; -579.286; -644.484
407.104;  401.851;  261.708;  144.527
407.394;  223.345; -604.299; -591.462
407.685;  151.394;  336.715;  222.513
407.975;   90.887; -400.283; -382.490
408.265;  114.952; -134.289; -190.478
408.556;   81.685; -472.291; -459.475
408.846;  157.313;  474.706;  429.530
409.137;   99.686;   -1.288; -216.480
409.427;   45.770; -193.285; -271.487
409.717;   49.298; -776.273; -692.508
410.007;  148.088;    4.715; -170.486
410.298;   90.055; -360.295; -342.469
410.588;   73.392; -495.285; -510.486
410.878;   49.122; -792.287; -873.482
411.168;  135.727; -481.298; -478.463
411.459;  137.782; -295.283; -242.489
411.749;   66.733; -609.292; -507.474
412.039;   78.284; -755.289; -386.480
412.329;  217.755;   40.722;  132.501
412.619;  217.258;  -62.286; -148.485
412.909;  374.055;  639.711;  594.521
413.199;  360.162; -130.280; -251.495
413.490;  419.596;  521.710;  352.523
413.780;  153.391;-1013.279; -913.496
414.070;  345.650;  -46.276;  235.497
414.360;  414.327; -729.278; -666.498
414.650;  435.968; -726.288; -688.482
414.940;  561.565; -538.280; -441.496
415.230;  923.665;   50.712;   74.519
415.520; 6101.329;  155.730;   66.486
415.809;24024.473; -305.281; -125.493
416.099;18290.140; -388.277; -229.501
416.389; 5031.437;  435.726;  236.494
416.679; 2935.643;   91.738;   85.473
416.969;  525.452; -527.287; -503.483
417.259;  488.167;  341.721;  171.503
417.549;  703.147;  522.718;  318.508
417.838; 1614.646; -205.268; -147.518
418.128; 5370.676;  650.710;  492.522
418.418; 4447.904; -491.272; -579.509
418.708; 3046.887;    9.726;  -48.506
418.997;11402.582; -474.275; -480.505
419.287;11730.494; -733.273; -790.507
419.577;11001.706; -160.283; -123.489
419.866;36828.663; -588.277; -498.501
420.156;38072.200; -242.270;  -55.513
420.446; 6777.310; -112.263;  -26.526
420.735;  914.219; -376.271; -446.512
421.025;  842.776; 1830.722;  315.502
421.314;  752.742; -203.271; -226.512
421.604; 1623.339;   89.732;  233.484
421.893;  951.438; -705.271; -602.511
422.183;  238.585; -487.263; -461.526
422.472;  408.365;  -36.271; -107.511
422.762;  475.990; -416.266; -379.521
423.051;  275.300; -916.276; -916.503
423.341;  325.021; -491.273; -439.507
423.630;  432.671; -121.265;   15.477
423.919;  408.232;   58.725;   49.495
424.209;  395.091;  -31.263;   56.473
424.498;  516.419;   68.732;  161.483
424.787; 1096.950; -535.267; -601.518
425.077; 3350.544;   34.735;   29.478
425.366; 4901.697; -734.262; -744.528
425.655; 9697.121;  639.727;  259.493
425.945;20626.853; -313.247; -268.554
426.234;11311.295;  117.741;  300.467
426.523; 5029.325;  -86.259; -350.534
426.812; 6838.460;  107.734;  159.480
427.101;10110.260; -127.269; -323.515
427.390;12734.704;  -55.270;  -86.514
427.680; 3047.770; -624.257; -411.538
427.969;  511.231; -330.255; -301.540
428.258;  344.511; -385.257; -477.536
428.547;  556.208;  449.728;  397.490
428.836; 1385.997; -421.253; -398.543
429.125; 2019.302; -199.259;  -72.534
429.414;  842.495; -330.251; -294.548
429.703; 3103.495; -231.251; -213.548
429.992; 9278.899; -938.250; -828.549
430.281; 5998.478; -397.264; -331.524
430.570;  623.036;  -21.252;   32.454
430.859;  628.424;  279.741;  352.466
431.148;  468.498;  636.752;  631.446
431.437;  304.485;  391.748;  367.454
431.725;  170.138; -544.257; -481.536
432.014;  124.430; -845.253; -756.545
432.303;  412.375; -149.239; -105.569
432.592;  668.985; -460.263; -178.525
432.881; 1093.224; -601.248; -437.554
433.169; 6031.707; -343.255;  -61.540
433.458;12279.259;  445.765;  540.424
433.747; 5121.052; -397.261; -289.529
434.036;  962.626; -275.242; -280.564
434.324; 2111.337; -395.249; -379.551
434.613; 3593.794;   40.757;  159.437
434.902; 1205.290;  333.760;  439.433
435.190;  665.324;   75.761;  295.431
435.479;  380.376;  -52.245;   83.441
435.767;  123.334; -411.244; -427.561
436.056;  229.421; -340.242; -294.563
436.345;  395.242; -372.240; -223.568
436.633;  402.982;   60.750;  383.450
436.922;  303.070;  208.760;  414.432
437.210;  709.099; -194.236;    1.426
437.499; 2294.232; -583.235; -432.576
437.787; 2481.999; -339.236;  -10.574
438.075;  625.530;   56.761;  162.430
438.364;  847.757;  -44.238;  250.429
438.652;  515.263; -286.226; -138.592
438.941;  140.952;    3.770;  269.415
439.229;   22.808; -665.252; -466.545
439.517;   41.541; -160.234;  -85.577
439.806;    0.829; -501.225; -290.595
440.094;  192.024;  377.766;  650.421
440.382;  236.328; -653.233; -302.580
440.670;  245.807; -361.235; -285.576
440.959;   48.647; -347.223; -170.599
441.247;   79.513; -151.229; -109.587
441.535;  121.414; -266.235;   31.423
441.823;   51.071; -497.234; -305.578
442.111;  192.343;  173.771;  327.412
442.400;  582.400; -628.245; -335.559
442.688; 1622.298; -111.234; -620.579
442.976; 1187.111; -786.213; -450.617
443.264;  132.786; -324.224; -364.597
443.552;  122.864; -258.226;   51.408
443.840;  182.988;  602.765;  876.423
444.128;  101.977;  265.767;  269.420
444.416;   10.870; -694.228; -312.588
444.704;   43.052; -465.219;  -92.605
444.992;   80.317;   -0.226;  240.407
445.280;   53.803; -517.230;  -94.585
445.568;   55.039; -694.212; -396.618
445.856;  390.036; -174.221;  357.398
446.143;  868.873;  -54.220;   -7.604
446.431;  727.674;  -25.228;  625.411
446.719;  256.346;  489.783;  675.391
447.007;  187.322;  481.769;  705.416
447.295;  194.394;  597.777;  871.402
447.583;   94.611; -464.229;  -34.587
447.870;  183.433; -434.221; -202.601
448.158;  441.426; -104.230;  129.415
448.446;  363.124; -800.219; -338.604
448.733;  190.537;   13.776;  269.403
449.021;  279.839;   60.788;  341.382
449.309;  187.454; -296.210;  208.379
449.596;  227.868;  128.783;   59.392
449.884;  157.676; -571.222; -325.600
450.172;  168.854; -756.227; -406.590
450.459;  435.969;  645.786;  780.387
450.747; 2287.291; -411.218; -147.608
451.034; 7361.650;  493.772;  889.411
451.322; 5971.822; -413.214; -170.614
451.609;  508.564;  292.777;  508.403
451.897;  595.368; -550.203; -183.634
452.184; 1771.394; -622.223; -400.598
452.472; 1672.726;   97.792;  269.375
452.759;  359.875;  512.781;  864.395
453.047;  137.837; -407.212; -125.617
453.334;   85.808; -732.219; -216.606
453.621;  108.424; -438.214; -161.615
453.909;  122.010;   13.796;  384.368
454.196;  121.156; -299.199; -123.641
454.483;  206.756;  317.798;  540.364
454.771;  145.279; -215.208;  196.374
455.058;   41.632; -316.207;  102.374
455.345;  104.837;   71.807;  344.347
455.632;   76.361; -128.207;  235.373
455.919;   51.579;  -82.196;  182.354
456.207;  -48.789; -774.198; -450.642
456.494;    4.168; -475.200;  -66.639
456.781;   18.227; -399.202; -198.635
457.068;   73.892; -253.206;  -29.628
457.355;    8.618; -698.206; -401.629
457.642;    8.224; -552.205; -290.630
457.929;   13.703; -778.194; -417.651
458.216;   68.512; -575.212; -354.617
458.503;  215.433; -173.193;  -19.652
458.790;  222.327; -864.208; -630.625
459.077;  260.957;  -77.202;  110.364
459.364;  781.621; -350.195; -210.649
459.651; 1650.040;  -46.206;  220.372
459.938;  780.942; -864.209; -665.623
460.225;  154.210;  132.799;  276.363
460.512;  -43.374; -836.197; -688.645
460.799;  103.490;  -32.218;  320.392
461.086;   75.223; -370.200; -251.640
461.372;   50.836; -509.198; -279.642
461.659;  126.055; -165.196;  108.354
461.946;   60.356; -445.193;  -54.651
462.233;  252.421;  842.800;  888.361
462.519;  347.343; -814.201; -464.639
462.806; 1017.851; -768.197; -497.645
463.093;  854.152; -445.191;  -66.656
463.380;   -8.156; -920.186; -824.664
463.666;   54.003; -259.197;  -18.646
463.953;  104.440; -406.195; -243.648
464.239;  182.665; -173.195;  -77.648
464.526;  415.876;  413.806;  743.350
464.813;  365.664; -565.190; -304.658
465.099;  380.482;  606.807;  607.348
465.386;  335.736;  903.807;  921.348
465.672;   45.852; -694.197; -522.645
465.959;   32.832; -598.188; -520.662
466.245;   22.286; -468.193; -359.652
466.532;  116.513; -109.195;   63.352
466.818;   97.594; -357.186; -216.664
467.104;   11.459; -488.182; -415.672
467.391;  -27.784; -628.189; -459.658
467.677;   34.072; -289.186;    9.335
467.964;   14.547; -682.189; -471.660
468.250;   67.625; -331.186; -160.665
468.536;   89.517;   90.811;  180.341
468.822;  -27.213; -821.184; -574.668
469.109;  149.541;  351.827;  471.311
469.395;  210.496;  729.808;  787.346
469.681;  197.895;   46.811;  156.341
469.967; 1224.575; -699.188; -382.660
470.254; 2671.708; -494.188; -306.662
470.540; 1670.654; -601.196; -476.646
470.826;  257.546; -488.181; -397.675
471.112;  294.741;  288.816;  113.331
471.398;   99.020; -253.183;  -58.670
471.684;   39.174; -626.177; -447.680
471.970;   11.649; -918.180; -981.675
472.256;   38.495; -521.192; -441.654
472.542;   33.127; -499.171; -434.691
472.828;   23.580; -743.182; -607.672
473.114;   34.121; -380.166; -283.700
473.400;   30.616; -504.175; -293.684
473.686;   48.278; -452.166; -400.701
473.972;   60.531; -230.174; -131.687
474.258;  -25.784; -925.173; -843.689
474.544;  178.391; -183.178;   -2.679
474.830;  298.268;  -65.175;   45.316
475.116;  455.865; -123.190; -196.658
475.401;  626.502; -558.180; -467.676
475.687;  205.901; -725.180; -718.676
475.973;   20.188; -673.181; -770.673
476.259;  240.070;  736.825;  764.315
476.544;  367.707; -539.176; -437.682
476.830;  764.998; -398.172; -322.690
477.116;  672.581; -430.177; -336.682
477.401;  136.801;  346.820;  358.324
477.687;   -4.509; -289.175; -405.684
477.973;   36.992;   21.819;   28.326
478.258;   -4.727; -448.163; -348.706
478.544;   46.255;   21.815;   61.334
478.829;  -42.767; -818.171; -738.692
479.115;  -33.577; -749.172; -651.690
479.401;   -7.999; -444.174; -449.686
479.686;   31.175; -253.180;  -74.676
479.972;  -31.179; -886.178; -776.680
480.257;   34.548; -258.166;  -65.700
480.542;   13.112; -614.170; -469.693
480.828;  228.464; 1288.824; 1392.317
481.113;  -21.613; -464.176; -426.683
481.399;    0.072; -236.161; -202.711
481.684;  -51.653; -620.166; -462.700
481.969;   18.611; -158.159;  -73.713
482.255;   -3.753; -439.169; -285.695
482.540;    8.896; -569.178; -441.680
482.825;   15.364; -395.187; -404.663
483.110;   91.376;  -85.169; -105.696
483.396;  194.833; -840.157; -652.718
483.681;  458.131;  543.826;  730.313
483.966;  146.355; -696.160; -700.712
484.251;    5.855; -404.174; -310.687
484.536;   10.108; -356.165; -378.703
484.822;    8.008; -205.173; -218.687
485.107;  -31.854; -599.152; -502.726
485.392;  115.864;  662.836;  541.296
485.677;   78.161;  354.832;  163.302
485.962;  116.130;  160.843;  270.283
486.247;   97.806;  -14.162;   -8.707
486.532;   37.949; -178.166; -325.701
486.817;  172.517;  381.839;  431.291
487.102;  123.254; -453.154; -514.722
487.387;  636.985; -637.156; -652.718
487.672; 1110.619; -154.164;  -38.705
487.957;  690.724; -394.160; -286.711
488.241;  200.738; -290.150; -314.729
488.526;  684.148; -280.152; -148.726
488.811; 1140.773; -881.177; -818.680
489.096;  858.482; -666.154; -702.723
489.381;  478.919;    3.847;  162.275
489.666;  349.072; -428.161; -510.710
489.950;  167.735;  558.846;  627.277
490.235;  -17.192; -480.151; -458.728
490.520;  -43.304; -756.161; -723.710
490.804;  -40.188; -827.156; -736.719
491.089;   -0.596; -469.149; -299.732
491.374;   38.843; -132.164;  -75.704
491.658;  -11.659; -817.147; -717.735
491.943;  189.602; -657.152; -609.727
492.227;  284.400; -178.155;  -38.721
492.512;   58.430; -294.157; -341.717
492.797;  -57.152; -713.149; -716.731
493.081;  -41.581; -588.147; -598.735
493.366;  -34.252; -751.161; -635.711
493.650;  216.348;  831.859;  917.254
493.935;   43.465; -648.147; -447.734
494.219;  -32.740; -778.142; -687.743
494.503;  -35.732; -585.150; -487.730
494.788;   47.571;   46.842;   74.285
495.072;   98.565;  184.850;  434.271
495.356;  170.058; -463.148; -343.733
495.641;  470.525; -812.146; -736.736
495.925;  456.817; -976.156; -903.719
496.209;   33.579; -599.149; -451.732
496.494;  -31.790; -763.142; -544.744
496.778;   15.304; -364.154; -360.722
497.062;  -38.934; -819.156; -627.719
497.346;  -40.049; -869.160; -640.711
497.631;  151.511;  580.852;  560.266
497.915;   62.611;  -64.145;  175.261
498.199;   57.083; -341.157; -277.718
498.483;   47.571; -562.152; -508.725
498.767;  185.741;  301.850;  300.271
499.051;  177.401; -126.149; -100.732
499.335;   27.075; -693.149; -739.731
499.619;  -43.900; -381.129; -423.767
499.903;   44.049; -272.155;  -65.721
500.187;   24.737; -588.153; -316.724
500.471;   20.601; -796.152; -595.727
500.755;  114.221;   62.839;  -96.710
501.039;   38.424; -270.155; -357.721
501.323;   92.774;  -21.141;  264.254
501.607;   49.824; -447.163; -503.706
501.891;   16.609; -607.156; -512.718
502.174;   -6.878; -726.144; -585.741
502.458;   80.280;   89.849;  370.273
502.742;   31.474; -180.138; -191.751
503.026;   86.515; -412.147; -254.734
503.310;  175.935; -437.159; -375.713
503.593;  109.492; -464.147; -325.735
503.877;  128.164; -232.133; -156.760
504.161;  189.989;    2.847;  -50.724
504.444;  160.199; -841.158; -710.716
504.728;  426.642; -487.164; -522.704
505.012;  675.038; -257.150;  -76.729
505.295;  521.772; -417.161; -212.711
505.579;  518.091; -256.156; -496.719
505.862;  698.582; -555.145; -333.738
506.146;  700.487; -681.159; -758.714
506.429;  375.838;  568.841;  461.286
506.713;   64.460; -732.151; -667.728
506.996;  312.754;   90.846;  295.278
507.280;  348.387; -633.165; -474.703
507.563;  226.097; -469.155; -261.721
507.847;   98.262; -423.153; -112.724
508.130;   87.423; -665.161; -456.711
508.413;  105.793; -758.167; -577.700
508.697;  233.168; -151.167;   12.300
508.980;  153.639; -422.153; -312.724
509.263;   -9.906; -466.155; -450.720
509.547;   41.337; -124.150;   82.271
509.830;   43.525; -172.160;  140.289
510.113;   84.741;  128.844;  298.281
510.396;   30.745; -530.152; -300.725
510.680;  200.609; -818.145; -812.738
510.963;  714.733;  184.846;  180.277
511.246;  657.595; -493.150; -357.730
511.529;  268.214; -482.145;  -83.739
511.812;  361.536; -250.134;   10.241
512.095;  255.107; -740.151; -396.728
512.378;   83.796; -317.147; -245.736
512.661;   28.406; -703.137; -623.753
512.944;   27.512; -750.142; -637.744
513.227;   61.003; -170.137; -171.752
513.510;   42.172; -479.144; -671.741
513.793;   36.279; -485.140; -435.747
514.076;  135.421;  -43.127;  -39.771
514.359;  117.280; -294.149; -135.732
514.642;   91.190; -442.142; -567.744
514.925;  706.327;  581.860;  561.253
515.208;  951.307; -498.134; -443.758
515.491;  603.621; -276.133; -182.761
515.773;  365.001; -410.143; -337.742
516.056; 1954.588;  249.864;  409.246
516.339; 2712.242; -754.136; -652.755
516.622; 1973.193; -518.150; -488.730
516.904; 1429.283;  882.857;  975.257
517.187;  661.302; -730.138; -523.752
517.470;  414.807; -568.143; -510.743
517.752;  436.545; -624.136; -470.756
518.035;  333.839; -708.139; -725.749
518.318;  338.417; -799.136; -744.755
518.600; 2235.425; -300.132; -325.762
518.883; 3125.189;  310.858;   88.256
519.165; 1514.495; -585.138; -426.751
519.448;  401.599;  -61.132;  -19.762
519.730;  212.504; -573.126; -415.773
520.013;  312.867;  588.867;  664.240
520.295;  986.038;  -94.134;  -15.759
520.578; 2169.788; -335.131; -305.764
520.860; 2422.500; -254.132;   56.238
521.143; 1235.372; -763.135; -584.756
521.425;  499.642; -251.125; -279.775
521.707;  661.921; -622.127; -380.771
521.990; 1696.822; -199.127;  167.229
522.272; 1935.855; -116.140;   -4.748
522.554;  921.877; -237.143; -157.742
522.836;  397.810;  -24.134;   99.241
523.119;  238.189; -496.148; -189.734
523.401;  162.270; -448.130; -314.766
523.683;  100.232; -865.137; -693.753
523.965;  271.875;  408.862;  260.248
524.247;  274.913;   54.878;  170.220
524.529;  186.862; -451.134; -367.759
524.812;  329.946;   -3.130;  191.234
525.094;  809.149; -773.138; -631.751
525.376; 1289.951; -143.124;   78.223
525.658;  752.064; -441.136; -339.754
525.940;   28.609; -805.131; -671.764
526.222;   47.568; -188.136;  -88.755
526.504;  148.032; -190.131;   32.237
526.786;  222.740; -960.133; -647.760
527.068;  357.481; -124.123;  -67.778
527.349;  169.035; -865.137; -774.754
527.631;  142.574; -137.132;   22.238
527.913;  136.496; -664.127; -450.771
528.195;  154.510; -761.125; -639.774
528.477;  232.657;  -93.134;  -30.758
528.759;  138.896; -648.130; -522.766
529.040;   40.105; -569.123; -293.778
529.322;   56.587; -235.125;  -10.774
529.604;  158.524;  -47.130;   93.233
529.886;  158.278; -546.126; -302.773
530.167;  132.140;  232.870;  192.235
530.449;   47.620;    1.853;   63.265
530.731;   17.512; -572.122; -459.779
531.012;   53.783; -513.120; -216.784
531.294;   60.998; -118.116;  -43.792
531.575;  154.042;  290.875;  538.225
531.857;   42.577; -548.135; -266.757
532.138;  105.198; -113.141;   40.254
532.420;  192.673;  294.865;  403.244
532.701;  264.542; -722.133; -751.760
532.983;  376.820;  232.867;  182.239
533.264;  134.226; -243.126;  175.228
533.546;  -25.158; -491.136; -508.755
533.827;   63.339;  173.867;   -1.759
534.109;   50.702; -352.135;  -80.757
534.390;  117.553; -725.132; -582.762
534.671;  270.548; -270.135;  -82.756
534.953;  159.583; -751.123; -611.779
535.234;   28.283; -426.117; -255.789
535.515;  -76.808; -891.119; -735.785
535.796;  -27.808; -431.128; -193.770
536.078; -104.799;-1050.124; -904.777
536.359;   -9.841;  -22.123;    3.221
536.640;   -5.364; -480.125; -197.774
536.921;  156.004;  225.871;  143.232
537.202;  380.171;  -87.138;  -16.751
537.483;  426.187;  251.869;  377.236
537.764;  180.340;   17.870;   98.235
538.045;  -39.119; -543.134; -371.758
538.326;  -18.269; -596.129; -447.768
538.607;   13.697; -686.127; -476.771
538.888;  165.374;   98.879;    5.218
539.169;  188.169; -704.122; -535.781
539.450;  337.928;  236.871;   16.233
539.731;  217.753; -361.121; -182.783
540.012;  138.258;  199.880;  412.216
540.293;   90.195;   82.876;  158.224
540.574;   30.869; -895.113; -717.796
540.855;  462.552;  435.879;  377.218
541.136;  536.091;   47.878;  139.220
541.416;  265.747; -161.130; -220.766
541.697;  185.033; -274.131; -170.763
541.978;  962.150; -270.135; -315.757
542.259; 1232.147; -211.127; -236.771
542.539;  588.067; -191.116; -186.790
542.820;  194.966;  461.875;  480.225
543.101;  118.510;  -52.145;  -77.738
543.381;   48.972; -638.127; -591.771
543.662;  258.069;  159.873; -254.771
543.942;  577.118; -751.127; -830.770
544.223;  993.793;  193.878;  161.219
544.504;  649.675; -275.124; -182.777
544.784;  555.753; -592.126; -408.773
545.065; 1592.595;  104.884; -254.791
545.345; 1845.917;  227.881;   14.215
545.626; 1222.293;  -14.113; -108.796
545.906;  826.965;   77.869;   98.235
546.186;  353.458;   92.874;  -95.773
546.467;  165.628;   99.877;  -95.778
546.747;  330.566;  264.884;  327.210
547.027;  346.149;   91.876;  111.223
547.308;  312.642; -376.127; -530.770
547.588;  377.281;  299.871;  371.232
547.868;  186.216;  458.870;  588.235
548.149;  187.903;  609.885;  593.207
548.429;  125.295; -347.127; -299.771
548.709;  182.383; -645.120; -461.784
548.989;  464.127;   84.882;   88.213
549.269; 1985.948;   10.868;  139.239
549.550; 4554.507;  215.877;  117.222
549.830; 4063.886; -758.111; -556.799
550.110;  793.869; -468.110; -320.801
550.390;  779.988; -128.122;  -56.779
550.670; 1094.614; -868.114; -783.795
550.950;  779.601; -509.121; -471.782
551.230;  191.423;  549.879;  460.218
551.510;    1.175; -381.121; -326.782
551.790;   46.602; -173.109; -127.803
552.070;  221.103;  940.877; 1181.223
552.350;  376.696; -492.119; -377.786
552.630;  545.945;   -2.121;   77.219
552.909;  320.096;  181.884;   73.209
553.189;  198.254;  -49.132;   33.237
553.469;  187.696; -703.119; -514.786
553.749;  165.549; -469.127; -357.772
554.029;  164.987;   33.883;  -24.790
554.308;  123.382; -154.115;  -37.794
554.588;   40.016; -196.128; -204.770
554.868;   54.952; -366.121;  -47.782
555.147;  141.629; -114.115;  -46.793
555.427;  543.973; -260.116; -250.792
555.707; 3663.677; -284.115; -200.793
555.986; 4444.315; -719.111; -538.800
556.266; 2294.690;   23.884;   72.210
556.546;  106.600; -888.121; -675.782
556.825;  232.237; -657.114; -556.794
557.105; 1671.138; -125.128;   17.230
557.384; 1984.795;  122.884;  187.209
557.664;  739.998; -717.116; -508.792
557.943;  100.876; -557.121; -411.782
558.222;  167.255; -345.118; -344.788
558.502;  280.431; -116.115;  -76.793
558.781;  476.726;  194.885;  499.208
559.061;  402.829; -232.118; -227.788
559.340;  267.084;  302.883;  353.211
559.619;  645.390;   93.884;  148.210
559.899;  944.161; -239.117; -266.789
560.178;  869.630; -778.115; -593.793
560.457; 2951.763; -623.117; -562.790
560.736; 4156.741; -472.111; -482.800
561.015; 2708.511; -500.128; -502.769
561.295;  385.947;  180.893;  215.193
561.574;  335.728;  119.885;  116.207
561.853;  482.756;  274.891;  303.197
562.132;  466.883;  -45.114;  182.206
562.411;  424.596;  396.879;  553.219
562.690;  122.651; -592.115; -458.792
562.969;  146.850;  472.888;  630.203
563.248;  477.118; 2966.878; 2487.219
563.527;  264.665; -290.111; -408.800
563.806;  367.045; -650.127; -521.771
564.085;  388.537; -297.105; -206.810
564.364;  217.389; -594.117; -405.790
564.643;  480.946; -276.121; -223.781
564.922; 1748.775;  221.890;  397.198
565.201; 1766.054; -640.109; -700.803
565.479;  764.550; -297.115; -219.792
565.758;  303.839; -810.128; -712.770
566.037;  439.455; -155.109; -100.803
566.316;  216.945; -286.116;  -28.791
566.595;   38.552;  -17.115;  -12.793
566.873;  106.942; -166.111;  -79.801
567.152;  -64.000; -490.113; -590.797
567.431;   14.866; -113.116;    6.210
567.709;    2.922; -344.107; -212.807
567.988;  246.811; -810.114; -769.794
568.266;  492.277; -160.115;  -68.793
568.545;  363.085; -644.100; -514.819
568.824;  551.974;  160.885;  356.208
569.102;  491.386; -351.114; -235.794
569.381;  209.298; -492.116; -407.792
569.659;  -42.029; -553.113; -553.796
569.938;   25.142; -743.122; -465.780
570.216;  104.407; -225.109; -225.804
570.494;  -32.486; -632.114; -572.795
570.773;   37.925;  202.879;  114.218
571.051;    5.531; -373.123; -357.778
571.330;   62.194; -221.113; -174.796
571.608;   39.378; -181.098; -173.823
571.886;  -59.166; -671.111; -581.799
572.164;  -74.923; -739.121; -621.782
572.443;  -42.784; -562.105; -512.811
572.721;  -40.837; -399.117; -289.790
572.999;  -10.443; -280.117; -168.788
573.277;   82.684;  379.894;  620.191
573.555;  263.136;   94.894;   37.190
573.834; 1240.756;  -86.117; -114.788
574.112; 1455.724;  880.893;  811.193
574.390;  418.666; -143.111;  -96.801
574.668;   17.151;  -91.112;  -61.797
574.946;   -6.463; -165.106; -187.810
575.224;   14.728;   71.891;  -16.803
575.502;  -23.932; -200.116; -204.791
575.780;  -83.223; -767.112; -829.798
576.058;  231.940; 1589.889; 1004.200
576.336;  -10.329; -210.110; -129.801
576.614;  -51.098; -511.112; -340.798
576.891;   51.257; -711.115; -823.794
577.169;  437.290; -158.108; -285.805
577.447;  528.274;  169.893;  202.193
577.725;  272.507;  629.888;  854.201
578.003;   16.755;  -71.112; -371.798
578.280;   86.725; -208.104; -242.812
578.558;   81.781; -450.115; -422.793
578.836;  126.914; -210.114; -145.795
579.114;   53.400; -630.112; -670.797
579.391;   67.433;   -6.117;  -18.789
579.669;  -66.942; -595.114; -704.794
579.947;  152.746; -326.107; -127.806
580.224;  296.045; -692.107; -524.806
580.502;  293.775;  127.893;   76.193
580.779;   37.014;  -42.117;   75.210
581.057;  -76.167; -584.109; -470.804
581.334;  -97.660; -726.102; -695.815
581.612;   24.762;   54.895;  511.190
581.889;  -24.497;  -83.101; -129.818
582.167;  -38.307; -298.099; -190.821
582.444;  -81.952; -845.102; -814.817
582.721;   91.674;  657.899;  715.183
582.999;   41.865; -326.100; -167.821
583.276;  493.210; -812.123; -713.779
583.553;  662.118; -364.102; -294.816
583.831;  199.697; -607.104; -631.812
584.108;   63.938;  349.892;  174.195
584.385;  -10.036; -122.102;  -98.815
584.662;  -52.782; -651.111; -828.801
584.940;   40.942;  204.889;  204.199
585.217;   -8.904;  -73.113; -303.796
585.494;   41.301;   71.890;  118.198
585.771;  193.583; -250.109; -354.804
586.048;  489.595; -196.113;  -76.796
586.325;  296.895; -721.110; -773.801
586.602;   86.875;  230.896;  213.188
586.879;  -13.888; -499.100; -580.820
587.156;   50.263; -156.105; -331.810
587.433;  -28.929; -701.102; -667.817
587.710;   72.353;  152.888;  234.202
587.987;  287.219; -264.105; -236.811
588.264;  763.479;  315.888;  387.202
588.541; 1264.278;  -61.104;   26.187
588.818; 2544.661;   72.892;  171.196
589.095; 2200.248; -163.104; -174.812
589.371;  348.681; -459.109; -414.804
589.648;   21.599; -581.107; -437.807
589.925;   31.215; -517.114; -621.795
590.202;   19.302; -741.112; -607.798
590.478;   89.170; -166.105;  -73.811
590.755;  241.617; -241.108; -132.806
591.032; 2280.447; -741.110; -699.802
591.308; 3216.093; -732.094; -790.831
591.585; 1655.997; -573.110; -560.802
591.862;  123.072;-1056.102; -950.817
592.138;   48.739; -475.108; -474.805
592.415;  132.426; -486.104; -495.813
592.691; 1395.974;  460.896;  518.188
592.968; 1792.130; -208.098; -123.824
593.244;  846.591; -695.116; -595.790
593.521;   69.723; -105.102;  -42.817
593.797;  -29.686; -810.122; -720.780
594.074;  313.842; -611.096; -588.826
594.350;  627.104;  828.905;  729.172
594.626;  289.068; -303.111; -283.801
594.903;  109.323; -643.101; -645.817
595.179;  197.280;  243.896;  418.187
595.455;   14.901; -136.107; -150.807
595.731;    4.956;  -19.103;  -38.814
596.008;  -28.888; -464.111; -434.800
596.284;   34.214; -187.100; -242.820
596.560;   50.675; -501.093; -493.833
596.836;  194.415; -173.105;  -70.810
597.112;  313.165; -582.108; -437.805
597.388;  267.315;  -49.097;  -48.826
597.665;  107.198;  437.887;  530.203
597.941;  -51.696; -572.089; -658.839
598.217;    6.700; -323.110; -293.802
598.493;  238.960;   61.891; -204.804
598.769;  491.033; -175.100;  -50.819
599.045;  303.493; -490.108; -562.806
599.321;   42.938; -193.100; -261.820
599.597;  122.609; -355.109; -476.804
599.872;  438.228;  409.896;  429.187
600.148;  349.167;  -61.097; -172.826
600.424;  262.573;   91.893;  202.193
600.700;  223.100; -170.107; -280.807
600.976;   99.261; -442.097; -464.825
601.252;  235.581; -226.109; -272.803
601.527;  192.879; -833.104; -840.813
601.803;  139.821; -453.105; -404.812
602.079;  169.058; -124.100; -118.819
602.354;  513.935; -620.092; -531.835
602.630;  777.221; -140.113; -482.796
602.906; 2105.953; -910.101; -863.818
603.181; 6341.971; -627.119; -534.786
603.457; 5330.714;   98.903; -278.826
603.733;  744.079; -605.120; -626.783
604.008;  887.037; -245.106; -164.810
604.284; 2890.700; -636.101; -580.817
604.559; 2503.132;   -3.112;  -42.799
604.835;  448.140; -163.105; -225.810
605.110;  391.193; -732.099; -892.821
605.385;  668.827;  224.907;  267.167
605.661;  572.956; -625.095; -729.829
605.936; 1053.793; -664.108; -737.806
606.211;  908.738;  -17.103; -170.815
606.487;  186.685; -329.114; -376.794
606.762;   10.446; -791.119; -745.786
607.037;  -22.835; -501.105; -433.810
607.313;  -41.625; -589.096; -574.828
607.588;  -19.038; -375.106; -137.810
607.863;   51.028;  -28.101; -143.818
608.138;  166.874;  513.890;  516.198
608.413;   37.672; -576.099; -592.822
608.688;   26.465; -203.108; -267.805
608.964;  189.056; -509.106; -218.809
609.239;  219.038; -107.105; -212.810
609.514;  238.271;  281.895;  240.188
609.789;  618.075; -187.104; -716.812
610.064;  811.348; -435.096; -609.827
610.339;  812.056; -855.109; -799.804
610.614; 1088.788; -131.100; -315.820
610.889;  602.321;  215.895;  107.188
611.163;   31.097; -407.104; -591.812
611.438;   82.411;   81.886; -167.794
611.713;    1.775; -467.101; -499.817
611.988;   48.827; -144.101; -328.818
612.263;  -22.710; -771.102; -717.815
612.538;  189.045;  385.887;  251.204
612.812;  165.015; -832.100; -911.820
613.087;  125.127; -358.098; -338.823
613.362;  -48.975; -497.107; -557.807
613.637;   42.134;  261.897;  138.186
613.911;   -2.890; -256.092; -345.835
614.186;  105.224; -249.107; -292.807
614.460;  626.080; -842.081; -758.854
614.735;  727.978;  -55.087;  -17.843
615.010;  153.868;   43.912;  -82.841
615.284;  229.264;  360.892;  246.195
615.559;  352.559; -792.092; -955.835
615.833;  273.870;  -76.099;  -87.822
616.108;   -3.329; -225.090; -390.837
616.382;  125.955;  274.913;  402.156
616.656;  149.071; -241.090; -232.837
616.931;  476.071; -785.099; -700.822
617.205; 1006.329; -973.104; -979.813
617.480;  920.840;  -91.125;    6.225
617.754;  154.762; -396.125; -128.774
618.028;   19.607; -369.129; -382.768
618.302;   58.563;   73.892;  -25.805
618.577;  -42.739; -371.103; -518.815
618.851;  -54.547; -399.109; -600.803
619.125;  -55.538; -335.134; -378.759
619.399;  -30.846; -244.104; -374.813
619.673;  -44.526; -330.115; -515.792
619.947;  -40.936; -333.114; -448.795
620.222;   -7.681; -198.110; -204.801
620.496;   -0.823;  -47.121;  -96.782
620.770;   11.643; -187.122;  -93.781
621.044;  198.038;  323.895;  346.190
621.318;  684.355; -653.120; -614.783
621.592;  626.253; -430.121; -409.783
621.866;  307.508; -476.112; -572.799
622.140;   31.418; -207.116; -356.791
622.413;   40.212;  138.889;  112.200
622.687;  -35.825; -746.101; -492.817
622.961;   -3.937; -130.108; -143.805
623.235;  -58.412; -633.111; -661.800
623.509;  -94.605; -816.105; -848.811
623.783;    8.321;  -12.107;   48.193
624.056;  -20.069; -254.120; -280.783
624.330;   43.676;   63.888;   -3.797
624.604;   32.964; -271.116; -355.790
624.877;   72.348;  180.890;   26.198
625.151;   28.359; -249.114; -238.794
625.425;  -34.869; -150.103; -283.814
625.698;  -58.635; -367.119; -374.785
625.972;  -92.000; -799.110; -765.802
626.245;   56.141;  685.884;  484.210
626.519;  -48.565; -426.120; -340.784
626.792;  -41.250; -192.107; -380.807
627.066;  -82.314; -485.122; -662.779
627.339;  -95.304; -736.110; -663.802
627.613;   45.783;  351.880;  148.216
627.886;   35.702;  187.891; -612.803
628.160;   -4.346;  312.880; -161.783
628.433;  -93.383; -695.125; -703.775
628.706;  -76.440; -517.120; -615.784
628.979;   21.624;  296.876;  117.223
629.253;  -75.430; -785.119; -833.786
629.526;  333.227; -334.126; -253.772
629.799;  302.056; -641.123; -479.778
630.072;  142.784; -497.128; -516.769
630.346;  -59.834;-1115.116;-1080.790
630.619;  415.926; -467.107; -545.808
630.892;  596.438;  709.889;  593.200
631.165;  326.329;  790.896;  679.187
631.438;  -87.395;-1092.112;-1055.798
631.711;   55.359;  453.877;  257.221
631.984;  -57.338; -523.117; -624.789
632.257;  -77.067; -636.117; -681.789
632.530;  -49.185; -412.119; -433.785
632.803;   14.907; -109.115;    7.207
633.076;  -56.497; -360.123; -422.777
633.349;  -12.462;  173.872;  121.231
633.622;  -51.411; -187.119; -240.785
633.895; -123.969; -903.120; -823.783
634.167;  -68.271; -496.126; -525.773
634.440;   -8.902;  -19.116; -137.792
634.713;   -5.856;  -22.119; -120.786
634.986;   72.053;  593.871;  453.233
635.258;  -69.070; -507.115; -597.793
635.531;   83.229;  742.882; -343.788
635.804;  -28.665; -303.117; -318.789
636.077;  -91.131; -830.116; -852.791
636.349;   -8.472; -586.115; -474.793
636.622;  376.501; 1695.874; 1392.228
636.894;  215.185; -474.120; -909.784
637.167;  133.170; -836.127; -789.771
637.439;   38.991; -278.128; -213.770
637.712;  -52.747; -312.126; -293.772
637.984;  -73.230; -635.116; -707.791
638.257;  364.778;  515.877;  488.222
638.529;  562.218; -881.125; -924.776
638.802;  230.684; -508.128; -449.769
639.074; -111.607; -927.122; -952.781
639.346; -121.396; -942.135; -930.757
639.619;    7.013;  -79.142; -319.744
639.891;   -2.539;  -83.122; -168.779
640.163;  -81.162; -689.122; -756.780
640.435;   28.140;  273.878;  103.220
640.708;   21.917;  -72.122; -132.780
640.980;  -14.731; -366.122; -362.781
641.252;  170.646;  -25.121;  -71.781
641.524; 1718.647;  580.879;  573.219
641.796; 1764.499;-1094.121; -907.782
642.068;  318.826; -191.121; -300.782
642.340;  -50.547; -486.121; -566.783
642.613;   36.380;  294.880;  323.217
642.885;  -95.018; -787.120; -878.783
643.157;  -57.467; -810.120; -658.784
643.428;   64.635;  170.880;  218.216
643.700;  -61.238; -498.120; -425.784
643.972;  -29.111;  -16.119; -133.785
644.244;  -94.909; -474.119; -559.785
644.516;  -44.357; -250.119; -114.786
644.788;   60.320;  662.881;  548.214
645.060;  -15.954;  -12.119; -124.786
645.332; -108.377; -525.118; -535.787
645.603;   25.750;  479.882;  342.213
645.875;  -69.273; -334.118; -369.787
646.147;  163.479; 1487.882; 1242.212
646.418;  -72.294; -931.117; -918.788
646.690;  117.557; -714.117; -715.789
646.962;   26.934; -413.117; -451.789
647.233;  -14.189;   15.883;   11.211
647.505;  -94.612; -595.117; -475.790
647.776;   32.640;  328.884;  229.210
648.048;  -11.408; -248.116; -418.790
648.320;  -67.481; -752.116; -679.791
648.591; -157.305;-1055.116; -958.791
648.862;  -86.628; -505.116; -577.792
649.134;   -5.701;  115.885;  198.208
649.405;  -43.924; -661.115; -618.792
649.677;  -62.247; -475.115; -598.793
649.948;    9.180; -181.115; -296.793
650.219;  -16.018;  -37.115; -147.793
650.491;  -56.442; -431.114; -520.794
650.762; -125.390; -705.114; -731.794
651.033;  -72.713; -437.114; -424.795
651.304;  -95.886; -743.114; -728.795
651.576;  -59.084; -680.114; -645.795
651.847;  -36.282; -250.113; -140.796
652.118;  -30.306;  -32.113; -189.796
652.389; -104.654; -639.113; -722.796
652.660;  -26.877; -147.113;  -89.797
652.931; -146.200; -897.112; -871.797
653.202;  -82.048; -382.112; -541.798
653.473;  -81.571; -633.112; -533.798
653.744;  145.606; -595.112; -590.798
654.015;  127.332; -356.112; -303.799
654.286;  -63.466; -642.111; -663.799
654.557;  -54.089; -586.111; -521.799
654.828; -147.962;-1114.111;-1088.800
655.099;  -91.660; -404.111; -291.800
655.370;  -85.708; -427.111; -543.801
655.641; -113.057; -656.110; -714.801
655.911;  -98.105; -618.110; -638.801
656.182;   40.322;  437.890;  387.198
656.453;   94.524;  830.890;  746.198
656.724;  -62.699; -466.110; -426.802
656.994;  -82.822; -553.109; -568.803
657.265; -110.020; -862.109; -873.803
657.536;  -83.319; -500.109; -377.804
657.806; -110.142; -561.109; -593.804
658.077; -127.590; -866.109; -950.804
658.347;  -86.038; -523.108; -598.805
658.618; -106.911; -646.108; -694.805
658.888;  -29.959;  -41.108;  112.195
659.159;  -67.107; -432.108; -548.806
659.429;  -15.706; -292.108; -349.806
659.700;   15.646; -435.107; -390.807
659.970;  -19.227; -370.107; -359.807
660.241;   16.800; -754.107; -921.807
660.511;  467.302; -147.107; -174.808
660.781;   72.754; -793.106; -748.808
661.052;  -54.245; -222.106; -381.808
661.322;  -13.418;   21.894;   -9.809
661.592;   12.909;  257.894;  148.191
661.862;  -73.039; -369.106; -382.810
662.133;  -97.262; -551.105; -502.810
662.403; -117.960; -770.105; -676.810
662.673;  -58.783; -256.105; -213.811
662.943;  -95.732; -612.105; -551.811
663.213;   -8.030;  -85.105;  -81.811
663.483;  -83.953; -593.104; -568.812
663.753;  -57.501; -194.104; -152.812
664.023;   -0.899;   68.896;  -32.813
664.293;  -66.097; -319.104; -126.813
664.563; -100.446; -694.104; -648.813
664.833; -121.794; -743.103; -608.814
665.103; -112.142; -730.103; -793.814
665.373; -121.965; -766.103; -806.814
665.643;  -96.763; -863.103; -918.815
665.913;   24.814; -534.103; -714.815
666.182;  146.791; -685.102; -719.816
666.452;  262.342;  -22.102;  -89.816
666.722;  -16.131; -724.102; -784.816
666.992; -135.654; -948.102; -921.817
667.261;  -95.127; -824.102; -808.817
667.531;  199.500;  134.899;   45.183
667.801;  563.002; -440.101; -412.818
668.070;  234.004;  714.899;  697.182
668.340;  -98.220; -883.101; -840.819
668.609;   80.457;  588.900;  301.181
668.879;  -71.166; -490.100; -558.819
669.149;  -79.614; -539.100; -516.820
669.418;  -92.112; -698.100; -726.820
669.688;  -30.510; -482.100; -666.820
669.957;   66.241; -423.099; -546.821
670.226;  -40.432; -268.099; -331.821
670.496;  -92.930; -431.099; -635.822
670.765;  -85.278; -418.099; -501.822
671.034; -128.726; -872.099; -828.822
671.304;  -17.799;   55.902; -111.823
671.573; -145.747;-1085.098; -957.823
671.842;   55.179; -380.098; -294.823
672.112;   41.931; -692.098; -586.824
672.381;  -15.517; -239.098; -214.824
672.650; -132.715;-1005.097;-1021.825
672.919; -110.363; -631.097; -507.825
673.188;  -89.786; -681.097; -878.825
673.457; -160.285;-1101.097;-1143.826
673.726;  -66.258; -579.096; -646.826
673.995;  -41.831; -533.096; -479.826
674.265;  -22.679; -263.096; -333.827
674.534;   -7.652; -183.096; -235.827
674.802;    7.775; -618.096; -703.828
675.071;  876.052; -886.095; -801.828
675.340; 3684.728; -464.095; -339.828
675.609; 1218.205;  103.905;   82.171
675.878;   62.657; -949.095; -893.829
676.147;   30.334;  -26.095;   -8.829
676.416;   80.586; -210.094; -294.830
676.685;  673.988; 1000.906; -622.830
676.953;   97.365; -603.094; -452.831
677.222;  -32.809; -193.094; -273.831
677.491;  -20.257;  -24.094; -127.831
677.759;   -8.430;   11.907;  172.168
678.028;  -10.403; -279.093; -222.832
678.297;   -4.501;   71.907;  197.168
678.565; -144.024; -898.093; -944.833
678.834;  -59.573; -311.093; -268.833
679.102;  -74.046; -411.092; -391.834
679.371; -136.894; -898.092; -727.834
679.639; -109.717; -797.092; -786.834
679.908; -116.165; -794.092; -724.835
680.176; -144.763; -895.091; -941.835
680.445;  -75.711; -346.091; -352.835
680.713;  -18.810;  -58.091;  -23.836
680.982;  -98.283; -523.091; -525.836
681.250; -103.331; -578.091; -507.837
681.518;  -98.479; -534.090; -751.837
681.787;  -29.952; -204.090; -167.837
682.055;  -67.300; -490.090; -422.838
682.323; -137.174; -993.090; -992.838
682.591;   24.328; -216.090; -538.838
682.859;   84.880;    9.911;  -35.839
683.128;    9.457;  232.911;  497.161
683.396; -163.891;-1102.089;-1122.840
683.664;  -40.389; -241.089;   21.160
683.932;   -3.637;  144.911;  -76.840
684.200;  -77.736; -576.088; -320.841
684.468;  -16.034;  -73.088; -124.841
684.736;  -42.507; -214.088; -175.841
685.004; -106.530;-1024.088; -982.842
685.272;  -49.053; -880.088; -774.842
685.540;  -53.176; -499.087; -557.843
685.808;  -81.999; -651.087; -682.843
686.076;  -92.798; -894.087; -969.843
686.343;  -65.871; -601.087; -815.844
686.611;   23.381; -195.087; -224.844
686.879;  408.008; -530.086; -553.844
687.147; 3126.110; -483.086; -480.845
687.414;  886.812;  -12.086; -169.845
687.682;    4.413; -658.086; -757.846
687.950;  282.115;  259.915;  263.154
688.217;   19.692; -792.085; -760.846
688.485;  -10.431; -632.085; -636.847
688.753;  495.921;  -11.085; -102.847
689.020;  143.173; -820.085; -851.847
689.288;  -92.625; -853.084; -787.848
689.555;  -35.824; -195.084; -148.848
689.823;  -38.797; -241.084; -345.849
690.090;  -83.495; -546.084; -651.849
690.358; -135.393; -877.084; -897.849
690.625;   12.334;  120.917;   45.150
690.892;  -66.189; -403.083; -369.850
691.160;  -14.813;   72.917;  -35.850
691.427;    8.189;  141.917;  130.149
691.694; -127.209; -855.083; -929.851
691.962; -133.282;-1177.082;-1060.852
692.229;    7.920;  127.918;   56.148
692.496;   76.797;  130.918;  -49.852
692.763;    3.774; -164.082; -201.853
693.031;  -69.350; -739.082; -716.853
693.298;  -41.798; -509.081; -368.853
693.565;  276.929; -155.081; -163.854
693.832; 1197.081;   -5.081;   -9.854
694.099;  144.858; -643.081; -642.855
694.366;  -63.165; -882.081; -896.855
694.633;  -47.313; -920.080; -633.855
694.900;  727.613; 4367.920; -114.856
695.167;  417.490; -214.080; -380.856
695.434;   93.092; -646.080; -623.856
695.701;  193.419;  121.921;  -61.857
695.968;  445.771; -365.079; -361.857
696.234;  949.173; -415.079; -646.858
696.501;10477.374; -776.079; -614.858
696.768; 5478.001; -554.079; -617.858
697.035;  320.378; -632.078; -667.859
697.302;   44.305; -448.078; -552.859
697.568;   13.132; -458.078; -497.859
697.835;  -31.166; -683.078; -624.860
698.102;  -11.064; -498.078; -407.860
698.368;   82.862;  384.923;  396.139
698.635;  -39.486;  -47.077; -424.861
698.901;  -21.109; -240.077; -348.861
699.168;   43.268; -534.077; -456.862
699.435;   76.320;  -72.077;  -13.862
699.701; -114.953; -868.076; -764.862
699.968;    9.623;  144.924; -441.863
700.234; -102.675; -783.076; -822.863
700.500;  -49.573; -448.076; -539.864
700.767;   -8.671;   -1.075;   26.136
701.033; -121.719;-1015.075; -963.864
701.299;  -59.167; -450.075; -483.865
701.566;  121.985;  950.925;  763.135
701.832;   32.961;  -31.075;  -76.865
702.098;  -91.187;-1054.074;-1034.866
702.365;  -91.260;-1098.074;-1030.866
702.631;  -26.533;-1038.074;-1063.867
702.897; 1278.744; -765.074; -676.867
703.163; 2245.471;  348.926;  254.133
703.429;  153.423; -256.073; -273.868
703.695;  -22.951; -796.073; -792.868
703.961;   23.176; -214.073; -210.868
704.227;  -51.922; -630.073; -725.869
704.493;  125.380;  613.927;  510.131
704.759;  -19.543; -565.072; -540.870
705.025;   39.209; -203.072; -194.870
705.291;    9.010; -666.072; -562.870
705.557;  190.162;  719.928;   34.129
705.823;   45.664; -742.072; -694.871
706.089;  148.516; -307.071; -326.871
706.355;  362.043; -315.071; -244.872
706.620; 5699.720; -776.071; -729.872
706.886; 8208.522; -309.071; -362.873
707.152;  759.073; -818.070; -973.873
707.418;   11.925;-1153.070;-1186.873
707.683;   -1.798; -550.070; -530.874
707.949;  -23.546; -547.070; -578.874
708.215;    7.481; -129.070; -207.874
708.480;   -9.367; -520.069; -420.875
708.746;   74.759;   68.931;   28.125
709.011;  -52.589; -578.069; -612.876
709.277;  -70.512; -538.069; -543.876
709.542;  -33.460; -428.069; -387.876
709.808;  -12.758;  -59.068;   89.123
710.073;  -74.656; -577.068; -695.877
710.339;  -23.629; -242.068; -228.877
710.604;   75.872; -780.068; -845.878
710.869;  329.774; -277.068; -366.878
711.135;  -87.124; -715.067; -628.879
711.400;  -72.797; -507.067; -608.879
711.665;  -57.395; -404.067; -479.879
711.931;  -93.693; -661.067; -677.880
712.196; -106.816; -876.067; -954.880
712.461;   82.410; -402.066; -490.880
712.726;  133.912; -727.066; -771.881
712.991;  -77.111; -647.066; -664.881
713.256;  -41.134; -350.066; -332.882
713.521;  -54.007; -417.065; -381.882
713.787;  -56.405; -454.065; -472.882
714.052;  -36.979; -214.065; -400.883
714.317;  -82.302;-1045.065; -981.883
714.581; 1037.975; -374.065; -268.883
714.846; 1528.302; -822.064; -888.884
715.111;  135.529;  261.936;  257.116
715.376;  -19.594;  -86.064; -223.885
715.641;  -16.642; -365.064; -367.885
715.906;  278.634;   15.936; -551.885
716.171;  124.261;  221.937;  209.114
716.436;   35.363;  -78.063; -104.886
716.700; -106.285; -818.063; -692.886
716.965; -109.008; -794.063; -807.887
717.230;  -61.281; -339.063; -392.887
717.494;  -29.030;  -40.062; -134.888
717.759; -102.478; -784.062; -640.888
718.024;   11.674;  269.938;  250.112
718.288;   66.301;  685.938;  395.111
718.553; -123.997; -803.062; -977.889
718.817; -156.745; -883.061; -899.889
719.082;  -30.893; -115.061; -125.890
719.346; -141.767;-1000.061; -947.890
719.611;  -36.390; -300.061; -255.891
719.875;  -97.888; -568.060; -537.891
720.140;  -66.086; -453.060; -603.891
720.404;   33.291; -136.060; -249.892
720.668;  811.293; -475.060; -411.892
720.933;  318.145;  146.940;  137.108
721.197;  -88.704; -667.059; -600.893
721.461; -124.927; -851.059; -826.893
721.725;   -6.225;  -21.059; -250.894
721.990;  -72.623; -284.059; -204.894
722.254;  -28.171;  -26.059; -108.894
722.518;  -75.794; -286.058; -442.895
722.782;  -82.143; -743.058; -594.895
723.046;  115.984;  614.942;  570.105
723.310;   26.136;  374.942;  210.104
723.574;  -97.587; -654.058; -614.896
723.838;  -93.610; -576.057; -642.897
724.102;  -46.483; -226.057; -239.897
724.366; -131.531;-1032.057; -978.897
724.630;  -88.530; -749.057; -571.898
724.894;  -79.003; -722.057; -514.898
725.158;  -17.476;   38.944; -295.898
725.422;  -41.149; -394.056; -327.899
725.685;  -64.047; -441.056; -349.899
725.949;  -73.820; -566.056; -519.900
726.213;  -65.069; -732.056; -811.900
726.477;  144.733;-1020.055; -933.900
726.740;  143.535; -274.055; -104.901
727.004;  328.112; -384.055; -510.901
727.268; 3366.539; -442.055; -400.901
727.531; 1020.641; -961.055; -775.902
727.795;  -40.057; -713.054; -673.902
728.059;  -56.731; -552.054; -557.903
728.322;  -85.654; -841.054; -669.903
728.586;   27.098; -692.054; -701.903
728.849;  -75.375; -695.053; -756.904
729.112; -113.798; -812.053; -912.904
729.376; -125.521; -959.053; -905.904
729.639;  -59.269; -536.053; -536.905
729.903;  -99.443; -733.053; -699.905
730.166;  -38.716; -437.052; -399.906
730.429;  -30.839; -317.052; -468.906
730.693;  -71.887; -355.052; -894.906
730.956;  181.740;  810.948;  651.093
731.219;  690.917; -310.052; -103.907
731.482;  106.343;-1003.051; -894.907
731.745;  107.145; -794.051; -935.908
732.009;   19.422;  -30.051;   50.092
732.272;  -94.476; -904.051; -771.909
732.535;  -41.149; -300.051; -310.909
732.798; -146.022;-1083.050;-1166.909
733.061;  -55.295; -430.050; -456.910
733.324;    5.306;   31.950; -180.910
733.587;   61.233;  290.950;  365.090
733.850;  -59.315; -973.049;-1050.911
734.113;   33.862;   33.951;   32.089
734.376;    2.464; -328.049; -447.912
734.639;  210.116; 1188.951; 1011.088
734.901;   68.317; -180.049; -402.912
735.164;  456.144; -883.048; -837.913
735.427; 1282.621; -166.048; -355.913
735.690;  111.773; -205.048; -234.913
735.952;  -10.825; -923.048; -925.914
736.215;  -28.848;-1113.048;-1009.914
736.478;   44.429; -771.047; -774.915
736.740;  218.730;   33.953;  129.085
737.003;  604.082; -658.047; -672.915
737.266; 3883.509;  -94.047;   46.084
737.528;  432.886; -682.047; -660.916
737.791;  305.488; -316.046; -327.916
738.053;  767.215;  465.954;  649.083
738.316;10594.992; -162.046; -136.917
738.578; 8068.893; -770.046; -736.918
738.841;  468.920; -382.046; -446.918
739.103;  177.097; -875.045; -777.918
739.365;  504.099;   79.955;  -69.919
739.628;   19.276; -884.045; -805.919
739.890;  -31.547; -758.045; -710.919
740.152;  -33.071; -692.044; -754.920
740.414;  -13.169; -408.044; -359.920
740.677;  -48.692; -785.044; -634.921
740.939;  -43.065; -587.044; -487.921
741.201;  258.112; -432.044; -572.921
741.463;   29.464; -689.043; -745.922
741.725;   11.691;  -21.043; -199.922
741.987;   55.042;  220.957;  116.078
742.249;    7.169; -751.043; -859.923
742.511;  183.171; -703.043; -794.923
742.773;   11.898; -546.042; -546.924
743.035;  117.100;  796.958;  533.076
743.297;  -49.673; -963.042;-1013.924
743.559;  721.578; -278.042; -262.925
743.821;   74.530; -735.042; -744.925
744.083;    9.482;  -44.041; -149.925
744.345;  -85.066; -869.041; -892.926
744.607;   32.036;   75.959;  122.074
744.868;  -38.262; -490.041; -554.927
745.130;  -97.210; -994.041;-1008.927
745.392;   37.241;   -1.040;  -44.927
745.653;  -10.857; -411.040; -378.928
745.915;  163.870;  896.960;  631.072
746.177;   56.197;   35.960;  -43.928
746.438;    0.949; -428.040; -543.929
746.700;  -38.899; -947.039; -988.929
746.961;   14.027; -659.039; -740.930
747.223;  125.754; -190.039;  -74.930
747.484;  102.306; -391.039; -471.930
747.746;  147.283;  -23.038; -106.931
748.007;  112.860; -647.038; -689.931
748.269;  286.037; -468.038; -440.931
748.530;  473.314; -852.038; -638.932
748.791;  253.940; -354.038; -420.932
749.053;  422.567;  286.963;  163.067
749.314;  440.794; -236.037; -169.933
749.575;  502.196; -945.037; -905.933
749.836;  852.173; -217.037;   86.066
750.098; 2263.175;  -60.037;  -21.934
750.359;35080.477;  414.964;  555.066
750.620; 9695.078; -121.036; -220.935
750.881; 1024.880; -585.036; -513.935
751.142; 1307.482; -950.036; -938.936
751.403;16201.434; -789.036; -705.936
751.664; 7791.911;-1034.035; -999.936
751.925;  491.388; -175.035; -262.937
752.186;  284.839; -298.035; -278.937
752.447;  127.216; -590.035; -445.937
752.708;   50.568; -532.035; -648.938
752.969;   -2.105; -566.034; -576.938
753.230;  -10.453; -777.034; -672.939
753.491;    2.699; -650.034; -631.939
753.751;   75.101;  109.966;   19.061
754.012;   90.077;  258.967;  181.060
754.273;   51.629; -174.033;  -71.940
754.534;   16.281; -487.033; -580.940
754.794;  -75.367; -926.033; -911.941
755.055;  145.285; 1051.967;  881.059
755.316;  -27.788; -700.032; -566.942
755.576;  -28.187; -606.032; -576.942
755.837;  -44.960; -527.032; -695.942
756.097;  -32.808; -530.032; -564.943
756.358;  -65.281; -725.032; -770.943
756.618;  -54.929; -705.031; -641.943
756.879;   -1.527; -254.031; -349.944
757.139; -111.375;-1098.031;-1116.944
757.400;  -40.899; -538.031; -553.945
757.660;  -29.222; -365.031; -401.945
757.920;   17.080; -266.030; -228.945
758.181;  -25.118; -468.030; -351.946
758.441;  -74.491; -870.030; -809.946
758.701;  -25.464; -308.030; -215.946
758.961;  -17.437; -220.030; -278.947
759.222;  -43.736; -574.029; -502.947
759.482;  -71.759; -683.029; -723.948
759.742;  -86.032; -706.029; -547.948
760.002;   13.820;  -83.029; -143.948
760.262;   11.422;   50.972;  182.051
760.522;  -26.251; -498.028; -574.949
760.782;  -38.100; -738.028; -612.949
761.042;  -20.673; -618.028; -573.950
761.302;   56.879;   55.972;  -18.950
761.562;   66.456; -164.027; -154.951
761.822;   83.983; -710.027; -551.951
762.082;  -17.740;-1104.027;-1093.951
762.342;   70.687; -328.027; -403.952
762.601;   87.188; -567.027; -506.952
762.861;  353.015; -281.026; -207.952
763.121;  402.042; -406.026; -411.953
763.381; 7174.569; -499.026; -485.953
763.640; 8718.321; -139.026; -307.954
763.900;  368.398; -242.026; -203.954
764.160;   94.699; -458.025; -491.954
764.419;   -9.824; -726.025; -782.955
764.679;  -44.897; -795.025; -726.955
764.939;  -10.820; -124.025; -210.955
765.198;  -78.418; -608.025; -563.956
765.458;  -78.716; -710.024; -612.956
765.717;  -70.114; -454.024; -590.957
765.976;  -68.088; -428.024; -411.957
766.236;  -63.086; -475.024; -610.957
766.495;   10.716;  260.977;   73.042
766.755;  -95.457;-1090.023; -987.958
767.014;    2.420; -594.023; -665.958
767.273;  -53.603; -373.023; -397.959
767.533;  -43.401; -228.023; -307.959
767.792;  -30.225; -151.022; -188.960
768.051;  -58.673; -228.022; -276.960
768.310;  -77.946; -546.022; -650.960
768.569;  -24.894; -161.022;    4.039
768.828;  -21.692; -285.022; -363.961
769.088; -125.115;-1050.021; -942.961
769.347;  -71.589; -755.021; -599.962
769.606;  -98.037; -876.021; -857.962
769.865; -105.410;-1016.021;-1033.963
770.124;    6.167; -411.021; -336.963
770.383;  -41.831; -778.020; -910.963
770.641;  -10.054; -398.020; -400.964
770.900;  -49.427; -953.020; -846.964
771.159;  -43.601; -851.020; -951.964
771.418;  -10.724; -917.020; -779.965
771.677;  125.753; -224.019; -293.965
771.936;  152.755; -794.019; -865.966
772.194; 2060.907; -465.019; -437.966
772.453;11629.209; -213.019; -391.966
772.712;  833.335;  416.982;  329.033
772.970;  122.962;   32.982;   63.033
773.229;   95.139;  -22.018;  102.033
773.488;  -57.359; -814.018; -770.968
773.746;   69.218;  296.982;  335.032
774.005;    0.945;  190.983;  -22.969
774.263;   -5.128;  243.983;  177.031
774.522;  -37.927; -422.017; -548.969
774.780;  -70.575; -484.017; -417.970
775.039;  -84.898; -551.017; -531.970
775.297;  -22.546; -135.016; -351.970
775.555; -102.394; -489.016; -612.971
775.814; -114.642; -618.016; -570.971
776.072; -115.890; -749.016; -740.971
776.330; -108.839; -630.016; -520.972
776.589; -123.387; -703.015; -721.972
776.847; -130.510; -645.015; -624.973
777.105; -149.758;-1016.015;-1032.973
777.363;  -86.606; -459.015; -454.973
777.621; -140.629; -660.015; -717.974
777.879;  -24.853;  -42.014;   32.026
778.138;  -89.876; -554.014; -717.974
778.396; -100.299; -585.014; -526.975
778.654; -150.772;-1015.014; -970.975
778.912;  -64.795; -269.014; -371.976
779.170; -124.218; -880.013; -803.976
779.427; -141.516; -922.013; -897.976
779.685; -125.915; -880.013; -832.977
779.943;  -85.988; -654.013; -593.977
780.201; -150.311; -964.012; -883.978
780.459; -120.684; -651.012; -610.978
780.717;  -63.282; -440.012; -390.978
780.974;  -99.980; -449.012; -490.979
781.232;  -64.479; -358.012; -338.979
781.490;  -85.102; -551.011; -472.979
781.747;  -97.500; -555.011; -476.980
782.005;   11.652;  462.989;  254.020
782.263; -156.296; -542.011;-1004.981
782.520;  -79.569; -326.011; -501.981
782.778; -157.067;-1013.010;-1051.981
783.035; -159.666; -962.010; -938.982
783.293;  -55.664; -248.010; -206.982
783.550;  -50.737; -134.010; -198.982
783.808; -133.010; -764.010; -776.983
784.065; -155.958; -745.009; -874.983
784.322;  -47.256;   25.991;  -86.984
784.580; -143.354; -915.009; -771.984
784.837;  -98.503; -392.009; -466.984
785.094; -130.276; -783.009; -762.985
785.352;  -67.349; -304.008; -404.985
785.609; -101.497; -934.008; -839.985
785.866;  -86.820; -345.008; -401.986
786.123;  -87.693; -639.008; -583.986
786.380;  -96.117; -665.008; -604.987
786.637;  -46.190; -225.007; -380.987
786.895;  -20.013; -456.007; -543.987
787.152;  -36.936; -135.007; -267.988
787.409;  -46.534; -123.007; -225.988
787.666;  -93.832; -299.006; -378.988
787.923; -107.755; -616.006; -695.989
788.179; -105.729; -551.006; -584.989
788.436; -104.527; -585.006; -585.990
788.693;  -45.475;  -92.006;  -87.990
788.950;  122.552; -125.005; -112.990
789.207;  202.729; -381.005; -372.991
789.464;  -57.344; -161.005; -301.991
789.720;   -7.893;  150.995;  110.009
789.977; -157.916;-1003.005; -671.992
790.234;  -31.989;   44.996;  -66.992
790.490; -141.187; -884.004;-1031.993
790.747;  -24.060;  -85.004;   22.007
791.004;  -25.033; -426.004; -348.993
791.260;  -84.831; -430.004; -560.994
791.517;  -86.730; -843.003; -788.994
791.773;  -50.378; -379.003; -342.994
792.030; -111.951; -596.003; -660.995
792.286; -108.849; -686.003; -636.995
792.543;   -6.547;  -74.002; -159.995
792.799;  -62.395; -584.002; -382.996
793.055; -154.368;-1179.002;-1210.996
793.312;  -96.642; -827.002; -816.997
793.568;  -58.290; -746.002; -599.997
793.824;   12.737; -226.001; -284.997
794.081;   21.289; -447.001; -508.998
794.337;   57.716; -664.001; -561.998
794.593; 1182.918; -319.001; -271.999
794.849; 6749.094; -746.001; -772.999
795.105;  385.571; -270.000; -261.999
795.361;   12.448; -490.000; -457.000
795.617;  -61.800; -875.000; -945.000
795.873;  -53.900; -360.000; -407.000
796.129;  -50.700; -368.000; -306.000
796.385;  -18.800; -124.000; -156.000
796.641;   71.900;  412.000;  550.000
796.897;  -87.950; -666.000; -635.000
797.153;   77.275;  453.000;  357.000
797.409;  -99.100; -785.000; -868.000
797.665;  -76.675; -625.000; -732.000
797.921;  -64.375; -775.000; -762.000
798.176;  -31.675; -744.000; -747.000
798.432;  -46.950; -824.000; -596.000
798.688;  -65.625;-1174.000;-1078.000
798.943;   77.100; -165.000; -147.000
799.199;   14.450;-1005.000; -959.000
799.455;  235.000;  369.000;  316.000
799.710;  142.925; -813.000; -380.000
799.966;  307.150; -162.000; -160.000
800.221;  476.775; -638.000; -721.000
800.477; 9976.600; -743.000; -710.000
800.732;10072.200; -773.000; -800.000
800.988;  657.925;  205.000;  -19.000
801.243; 1758.950; -454.000; -344.000
801.498; 8588.525; -814.000; -739.000
801.754;  521.800; -289.000; -163.000
802.009;   93.750; -257.000; -335.000
802.264;  -27.350; -967.000;-1033.000
802.520;   30.700;  222.000;   -3.000
802.775;  -42.475; -524.000; -359.000
803.030;   49.950;  395.000;  356.000
803.285; -101.625; -840.000; -903.000
803.540;  -51.050; -686.000; -699.000
803.795;  -34.725; -648.000; -583.000
804.051;  -30.125; -279.000; -346.000
804.306;   32.100;  168.000;  128.000
804.561;  140.475;  451.000;  362.000
804.816;  144.800;  714.000;  861.000
805.071;   -0.875; -185.000; -280.000
805.325;  197.275; -257.000; -427.000
805.580; -103.300; -841.000; -877.000
805.835;  -17.925; -204.000; -297.000
806.090;  -65.575; -760.000; -676.000
806.345;   -8.300; -344.000; -264.000
806.600;  -26.450; -549.000; -632.000
806.854;  -19.050; -408.000; -538.000
807.109;    3.625; -493.000; -577.000
807.364;   13.825; -407.000; -328.000
807.618;    8.350; -415.000; -381.000
807.873;   46.175; -470.000; -494.000
808.128;   93.000; -257.000; -518.000
808.382;  109.925; -224.000; -332.000
808.637;   86.100; -440.000; -511.000
808.891;  202.825; -257.000; -180.000
809.146;   89.725; -902.000; -794.000
809.400;  264.875; -848.000; -923.000
809.654;  333.650; -779.000; -551.000
809.909;  481.050; -841.000; -927.000
810.163; 5897.900; -813.000; -651.000
810.418;17354.625; -940.000; -861.000
810.672; 1096.875; -685.000; -690.000
810.926;  745.750; -993.000; -973.000
811.180; 1396.950; -439.000; -372.000
811.434;31591.200;  240.000;  135.000
811.689;14635.250; -231.000; -365.000
811.943;  687.050; -936.000; -953.000
812.197;  363.675; -893.000; -671.000
812.451;  157.525; -379.000; -514.000
812.705;   -6.375; -809.000; -619.000
812.959;   10.025; -263.000; -388.000
813.213;    1.400; -283.000; -209.000
813.467;   80.900;  470.000;  253.000
813.721;  -88.975; -764.000; -792.000
813.975; -105.325; -826.000; -877.000
814.229;   43.325;  430.000;  353.000
814.482;  -78.775; -517.000; -566.000
814.736; -118.200; -766.000; -744.000
814.990; -132.025; -779.000; -872.000
815.244;  -51.725; -228.000; -285.000
815.497;  -79.075; -636.000; -601.000
815.751;  -22.275; -141.000;   82.000
816.005;  -87.025; -470.000; -586.000
816.258;  -60.825; -510.000; -363.000
816.512; -102.850; -693.000; -610.000
816.766;   -0.725;  121.000;  157.000
817.019;   21.525;  148.000;  149.000
817.273; -109.650;-1000.000; -802.000
817.526;  -30.050; -206.000; -173.000
817.779;  -54.175;-1049.000; -960.000
818.033;  -63.025; -693.000; -807.000
818.286; -125.125; -725.000; -792.000
818.540;  -89.500; -403.000; -403.000
818.793;  -70.825; -402.000; -489.000
819.046; -101.675; -582.000; -520.000
819.299;  -49.650; -157.000; -166.000
819.553; -103.225; -552.000; -592.000
819.806; -165.125;-1016.000; -838.000
820.059;  -58.000; -334.000; -354.000
820.312;    7.975;  152.000;  185.000
820.565;  -33.200;  110.000;  -27.000
820.818;  -52.250;  -59.000; -173.000
821.071; -148.625;-1041.000; -957.000
821.324; -119.000; -536.000; -540.000
821.577;  -95.600; -457.000; -483.000
821.830;  -64.550; -270.000; -172.000
822.083; -113.875; -733.000; -288.000
822.336;  -67.400; -261.000; -167.000
822.589; -118.300; -805.000; -688.000
822.842; -150.100; -875.000; -770.000
823.094; -174.175;-1076.000;-1114.000
823.347; -148.000; -925.000; -729.000
823.600;    9.125;  402.000;  187.000
823.853;  -46.675; -311.000; -267.000
824.105;  -83.275; -331.000; -575.000
824.358; -122.600; -617.000; -716.000
824.611;   24.850;  234.000;   40.000
824.863;  -46.500; -612.000; -591.000
825.116;   57.450;  -33.000;   27.000
825.368;   72.150; -366.000; -372.000
825.621;  158.050; -186.000; -240.000
825.873;   90.450; -704.000; -737.000
826.126;  513.875; -669.000; -641.000
826.378;11308.350; -389.000; -505.000
826.630; 3245.750; -890.000; -898.000
826.883;   62.500; -754.000; -693.000
827.135;   55.150; -279.000; -270.000
827.387; -107.825; -893.000; -839.000
827.639;  -26.775;  -86.000;   32.000
827.892; -111.600; -742.000; -582.000
828.144; -131.450; -848.000; -804.000
828.396;  -30.175;  104.000;  -80.000
828.648;  -95.475; -440.000; -333.000
828.900; -146.800; -702.000; -795.000
829.152; -104.575; -684.000; -683.000
829.404;  -52.400; -215.000; -267.000
829.656;   -0.875;  321.000;  214.000
829.908;  -22.925;  393.000;  229.000
830.160; -161.725;-1064.000;-1047.000
830.412;  -96.725; -481.000; -430.000
830.664; -115.250; -557.000; -665.000
830.916;  -75.450; -268.000; -206.000
831.167; -175.750;-1073.000; -951.000
831.419; -115.050; -623.000; -566.000
831.671; -138.275; -764.000; -809.000
831.923;  -86.700; -311.000; -447.000
832.174;  -70.650; -273.000; -331.000
832.426; -112.225; -493.000; -582.000
832.678; -186.100;-1043.000;-1091.000
832.929; -167.175; -947.000; -935.000
833.181;  -55.025; -575.000; -677.000
833.432;  -52.900;  -59.000; -186.000
833.684;  -14.375;  112.000;  -27.000
833.935; -112.700; -610.000; -566.000
834.187; -128.175; -829.000; -823.000
834.438;  -47.800;  -58.000;  -25.000
834.689;  -50.700; -255.000; -123.000
834.941;  -53.275; -343.000; -244.000
835.192;  -94.575; -590.000; -533.000
835.443; -109.200; -419.000; -506.000
835.695;  -15.925;  138.000;  -16.000
835.946;  -96.150; -608.000; -378.000
836.197; -105.975; -599.000; -622.000
836.448;  -87.825; -528.000; -395.000
836.699;  -70.575; -253.000; -341.000
836.950;   -6.700;   72.000;    7.000
837.201; -141.775;-1003.000; -987.000
837.452;  -46.450; -356.000; -170.000
837.703; -113.000; -791.000; -737.000
837.954;  -43.850; -205.000; -365.000
838.205;  -95.100;-1029.000;-1008.000
838.456;  170.675; -196.000; -282.000
838.707;   10.100; -423.000; -519.000
838.958;   -2.250; -634.000; -647.000
839.209;  259.450;   18.000;   40.000
839.460;  108.375; -439.000; -201.000
839.710;  159.975; -135.000; -297.000
839.961;  414.225;  730.000;  612.000
840.212;  341.400; -382.000; -497.000
840.462; 1047.800; -328.000; -277.000
840.713;17211.675; -571.000; -536.000
840.964; 8027.350;  -62.000; -143.000
841.214;  511.650; -384.000; -624.000
841.465;  557.275; -214.000; -141.000
841.715;  511.275; -417.000; -380.000
841.966;  590.800; -746.000; -685.000
842.216; 7815.575; -330.000; -431.000
842.466;34193.375; -169.000; -313.000
842.717; 2248.400; -964.000; -952.000
842.967;  297.575; -635.000; -641.000
843.217;  279.250;   20.000;   28.000
843.468;   78.425; -104.000; -132.000
843.718;  -36.200; -718.000; -726.000
843.968;  -87.175; -837.000; -765.000
844.218;    9.850; -315.000; -262.000
844.469;  -42.950; -577.000; -561.000
844.719;  -98.925; -537.000; -682.000
844.969; -100.025; -550.000; -580.000
845.219; -148.925; -814.000; -862.000
845.469;  -85.775; -392.000; -342.000
845.719; -131.775; -792.000; -884.000
845.969;  -23.225;  119.000;  174.000
846.219; -114.000; -738.000; -720.000
846.469;    6.650;  464.000;  432.000
846.718;  -43.500; -115.000;   31.000
846.968; -136.600; -827.000; -827.000
847.218;  -38.275; -224.000; -371.000
847.468; -104.750; -586.000; -555.000
847.718; -137.900; -827.000; -798.000
847.967; -130.600; -826.000; -915.000
848.217;  -87.750; -449.000; -569.000
848.467;  -74.050; -405.000; -376.000
848.716; -103.125; -708.000; -725.000
848.966;   -6.825; -372.000; -358.000
849.215;  -48.225; -428.000; -419.000
849.465;  -99.175; -785.000; -615.000
849.714; -143.225;-1132.000;-1150.000
849.964;  -67.650; -551.000; -613.000
850.213;  -13.200; -393.000; -355.000
850.463;   85.175;  137.000;  340.000
850.712;   15.325; -542.000; -567.000
850.961;   33.650; -739.000; -678.000
851.211;  106.150; -513.000; -504.000
851.460;  158.350; -635.000; -650.000
851.709;  567.075;  -25.000;   18.000
851.958; 9688.625; -912.000; -750.000
852.208;13761.125; -859.000; -879.000
852.457;  535.900; -181.000;  -13.000
852.706;   79.825; -791.000; -823.000
852.955;    8.100; -507.000; -528.000
853.204;  -67.800; -521.000; -461.000
853.453;  -85.725; -418.000; -458.000
853.702; -118.600; -660.000; -750.000
853.951; -113.600; -532.000; -520.000
854.200; -106.175; -613.000; -562.000
854.449; -126.875; -695.000; -661.000
854.698;  -94.675; -340.000; -279.000
854.946;  -73.950; -181.000; -284.000
855.195; -147.400; -843.000; -868.000
855.444;  -99.225; -395.000; -420.000
855.693; -112.125; -345.000; -432.000
855.941; -115.700; -387.000; -516.000
856.190;  -64.225; -256.000; -382.000
856.439; -133.850; -652.000; -703.000
856.687;  -57.175;  -99.000;  -72.000
856.936; -129.125; -621.000; -323.000
857.184; -183.375;-1067.000;-1020.000
857.433; -118.425; -423.000; -512.000
857.681; -156.125; -989.000; -953.000
857.930;  -87.525; -282.000; -433.000
858.178; -158.650; -856.000; -929.000
858.427; -149.975; -802.000; -781.000
858.675; -113.250; -377.000; -544.000
858.923; -112.700; -527.000; -819.000
859.172; -174.100;-1094.000;-1070.000
859.420;  -81.100; -339.000; -239.000
859.668; -136.100; -624.000; -628.000
859.916;  -36.925;  109.000;  115.000
860.164; -118.875; -699.000; -603.000
860.413;  236.975; -878.000; -696.000
860.661;  213.875; -709.000; -577.000
860.909;  -86.300; -339.000; -325.000
861.157;  -80.275; -277.000; -444.000
861.405; -130.000; -534.000; -670.000
861.653;    5.450;  310.000;  310.000
861.901;  141.675; -543.000; -613.000
862.149;   -3.925; -801.000; -824.000
862.396;  -81.800; -297.000; -187.000
862.644;  -81.725; -368.000; -347.000
862.892;  -37.150;   98.000;  138.000
863.140; -117.200; -549.000; -530.000
863.388; -172.800; -815.000; -759.000
863.635; -124.275; -642.000; -601.000
863.883;  -24.750;  231.000;  190.000
864.131;  -92.675; -288.000; -357.000
864.378; -141.050; -675.000; -540.000
864.626;  -77.925; -347.000; -415.000
864.873; -115.800; -556.000; -505.000
865.121; -128.200; -714.000; -799.000
865.368;  -55.125; -173.000;   75.000
865.616;  -35.375;  -33.000;  -40.000
865.863;  -75.625; -462.000; -506.000
866.111;  -98.050; -795.000; -824.000
866.358;   24.125; -426.000; -420.000
866.605; 2275.850;  -64.000; -804.000
866.853; 2715.375; -621.000; -537.000
867.100;  -24.850; -728.000; -775.000
867.347; -105.250; -672.000; -611.000
867.594;  -90.125; -740.000; -714.000
867.841;   83.400;   97.000;   17.000
868.089; -160.700; -746.000; -698.000
868.336; -115.275; -477.000; -420.000
868.583; -145.900; -637.000; -741.000
868.830;  -63.125; -131.000; -170.000
869.077; -170.325; -859.000; -787.000
869.324; -129.200; -502.000; -458.000
869.571; -139.075; -398.000; -430.000
869.818; -124.725; -485.000; -439.000
870.065; -106.025; -439.000; -513.000
870.311; -125.525; -456.000; -542.000
870.558;  -91.700; -332.000; -311.000
870.805;  -90.700; -320.000; -384.000
871.052; -105.575; -494.000; -369.000
871.298;  -56.425; -204.000; -131.000
871.545;  -59.775; -151.000; -185.000
871.792;  -75.650; -173.000; -222.000
872.038;  -64.225;   43.000; -126.000
872.285; -124.675; -496.000; -387.000
872.532;  -95.075; -357.000; -387.000
872.778;   -4.950;  556.000;  403.000
873.025;  -73.100; -384.000; -359.000
873.271;   14.200;  501.000;  578.000
873.517;  -22.850; -133.000; -209.000
873.764;  -44.050; -193.000;  -80.000
874.010;  -63.700; -143.000; -230.000
874.257;  -50.975;  123.000;   90.000
874.503; -130.400; -579.000; -479.000
874.749;  -67.900;   31.000;  275.000
874.995;  -53.800;  -80.000;  -20.000
875.242; -127.300; -540.000; -478.000
875.488; -102.575; -414.000; -439.000
875.734;  -55.150; -106.000; -234.000
875.980;  155.775; -872.000;-1032.000
876.226;  370.975; -157.000; -255.000
876.472;   -7.850;  343.000;  237.000
876.718;  -42.025;  184.000;  158.000
876.964;  -31.575;   56.000;   55.000
877.210; -147.575; -547.000; -677.000
877.456; -139.250; -630.000; -557.000
877.702; -173.500; -821.000; -832.000
877.948; -115.575; -377.000; -497.000
878.193;   14.975;  361.000;  255.000
878.439;  -92.475; -487.000; -472.000
878.685;  -98.425; -272.000; -343.000
878.931; -132.600; -618.000; -676.000
879.176;  -91.200; -201.000; -201.000
879.422; -183.400; -933.000; -820.000
879.668;   44.275;   10.000;   79.000
879.913;  143.350;   53.000;  137.000
880.159;  -58.150; -112.000;  -17.000
880.404;  -50.125; -152.000; -162.000
880.650;  -41.150;   91.000;  141.000
880.895; -153.325; -670.000; -710.000
881.141; -114.300; -454.000; -428.000
881.386; -138.825; -503.000; -658.000
881.631;  -99.050; -311.000; -166.000
881.877;  -25.300;  112.000;  -13.000
882.122; -141.900; -684.000; -600.000
882.367;  -92.050; -136.000; -186.000
882.612;  -68.825;  -80.000; -176.000
882.858; -159.775; -877.000; -823.000
883.103; -104.875; -297.000; -267.000
883.348; -147.400; -759.000; -852.000
883.593; -144.125; -677.000; -602.000
883.838;  -51.525; -311.000;  -24.000
884.083;   14.150;  353.000;  288.000
884.328;  -95.325; -564.000; -545.000
884.573;  -63.125; -196.000; -143.000
884.818;  157.975; -694.000; -531.000
885.063;  188.475; -348.000; -315.000
885.308; -105.200; -475.000; -398.000
885.553;   -8.750;  245.000;  325.000
885.797; -115.800; -545.000; -615.000
886.042;  -70.600;    8.000;   58.000
886.287;  -93.475; -253.000; -211.000
886.532;  -68.725;   26.000;  204.000
886.776; -102.175; -407.000; -525.000
887.021; -143.975; -621.000; -574.000
887.265; -148.050; -685.000; -689.000
887.510; -142.375; -557.000; -496.000
887.755;  -89.700; -194.000; -164.000
887.999; -147.375; -552.000; -575.000
888.244;  -56.075;  -58.000;  161.000
888.488;  -19.625;  371.000;  393.000
888.732; -130.375; -368.000; -520.000
888.977; -136.050; -622.000; -567.000
889.221; -146.100; -683.000; -659.000
889.465; -139.900; -422.000; -566.000
889.710;  -89.500;  -56.000; -299.000
889.954;    1.550;  579.000;  467.000
890.198; -141.075; -584.000; -707.000
890.442; -151.450; -716.000; -712.000
890.687; -150.075; -800.000; -753.000
890.931;  -94.225; -273.000; -210.000
891.175; -121.475; -502.000; -500.000
891.419;  -85.150; -105.000; -110.000
891.663;  -74.375; -239.000; -112.000
891.907; -168.425; -801.000; -545.000
892.151; -176.925; -920.000; -815.000
892.395; -127.000; -274.000; -387.000
892.638;  -18.425;  408.000;  291.000
892.882; -190.850; -780.000; -867.000
893.126;   19.275;  758.000;  558.000
893.370;  -86.475; -167.000; -168.000
893.614; -148.450; -714.000; -715.000
893.857; -105.725; -183.000; -197.000
894.101; -135.500; -527.000; -631.000
894.345;  -60.575;  300.000;  150.000
894.588;    7.875;  569.000;  380.000
894.832;  -85.775; -178.000;  -84.000
895.075;  -85.650;   15.000;  -92.000
895.319; -139.900; -552.000; -420.000
895.563; -120.825; -413.000; -353.000
895.806; -142.350; -628.000; -741.000
896.049;  -67.925; -576.000; -368.000
896.293;   82.900;  527.000;  405.000
896.536;  -71.275; -465.000; -468.000
896.779;  -75.475; -149.000;   -1.000
897.023; -136.800; -751.000; -714.000
897.266;  -30.100;  325.000;  269.000
897.509; -175.175; -900.000; -901.000
897.752;  -61.075;  149.000;  171.000
897.996; -188.100; -972.000; -864.000
898.239;  -50.875;  168.000;  102.000
898.482; -117.425; -431.000; -453.000
898.725;  -49.300;  101.000;   53.000
898.968; -147.600; -609.000; -744.000
899.211; -124.650; -513.000; -361.000
899.454; -119.825; -633.000; -539.000
899.697;  -60.975;   90.000;  -43.000
899.940; -161.200; -761.000; -757.000
900.182; -104.975; -335.000; -405.000
900.425;  -96.975; -150.000; -298.000
900.668;  -29.375;  491.000;  350.000
900.911; -102.900; -292.000; -345.000
901.154;  -64.600;  141.000;   -3.000
901.396; -137.225; -407.000; -412.000
901.639; -139.375; -430.000; -496.000
901.882; -176.425; -790.000; -809.000
902.124;  -88.950;  -29.000; -143.000
902.367; -114.750; -315.000; -361.000
902.609; -135.675; -476.000; -453.000
902.852;  -99.800; -108.000; -260.000
903.094; -129.175; -458.000; -337.000
903.337;  -49.200;  -26.000;   53.000
903.579; -118.050; -228.000; -441.000
903.821; -153.100; -597.000; -744.000
904.064;  -57.800;   85.000;  127.000
904.306;  -96.975; -126.000; -166.000
904.548; -117.525; -152.000; -366.000
904.790; -104.875; -195.000; -340.000
905.033; -135.425; -625.000; -577.000
905.275; -140.400; -513.000; -524.000
905.517;   13.800;  468.000;  256.000
905.759;  -69.350; -667.000; -761.000
906.001; -106.725; -322.000; -369.000
906.243;  -68.175; -162.000; -224.000
906.485;   84.625; -265.000; -207.000
906.727;  120.250; -499.000; -542.000
906.969;  -40.075;  -30.000; -135.000
907.211;   99.025; -316.000; -382.000
907.453;  257.925; -188.000; -237.000
907.695;   15.275; -158.000; -385.000
907.936;   29.750;  818.000;  706.000
908.178;  -60.350;   92.000; -135.000
908.420;  -69.575; -111.000; -162.000
908.662; -125.175; -633.000; -682.000
908.903;  -99.300; -208.000; -123.000
909.145;  -62.325; -240.000; -305.000
909.386;    0.400;  315.000;  280.000
909.628;   47.125;  363.000;  397.000
909.870;    1.425;   29.000;  264.000
910.111;  -83.875; -809.000; -949.000
910.353;    7.950; -123.000; -161.000
910.594;   -5.125; -574.000; -606.000
910.835;   74.825; -265.000; -326.000
911.077;  155.875; -503.000; -604.000
911.318;  293.825; -505.000; -471.000
911.559;  481.025; -577.000; -880.000
911.801; 1293.675; -284.000; -280.000
912.042; 9833.325;  -50.000; -159.000
912.283;28038.550;  404.000;  371.000
912.524; 4896.600; -396.000; -457.000
912.765;  511.475; -193.000;   79.000
913.006;  247.700; -307.000; -338.000
913.247;   55.875; -270.000; -290.000
913.488;   -1.375;  -43.000;   30.000
913.729;  -80.900; -373.000; -373.000
913.970;  -60.675;  -96.000; -292.000
914.211;  -71.750; -160.000; -198.000
914.452;  -70.100; -118.000;  -11.000
914.693;   -4.475;  510.000;  592.000
914.934;    7.225;  510.000;  440.000
915.175;  -76.800;   53.000;  -95.000
915.415;  -74.975; -137.000;   27.000
915.656;  -73.075;  -28.000;  192.000
915.897;  -89.000; -252.000;  -82.000
916.137;  -83.200;   74.000;   -9.000
916.378; -127.325; -573.000; -517.000
916.619;  -95.150; -159.000;  -63.000
916.859;  -33.700;  303.000;  330.000
917.100;  116.500; 1655.000; 1070.000
917.340;   52.800;  930.000;  728.000
917.581;   31.375;  965.000;  789.000
917.821;  -36.075; -171.000;  143.000
918.061;   -8.400; -199.000;  -72.000
918.302;  -54.900; -152.000; -211.000
918.542;  -48.425;  -22.000;    3.000
918.782;   34.200;  369.000;  377.000
919.023;  125.700;  360.000;  427.000
919.263; 1264.250; 8131.000;  202.000
919.503; 1110.275; -137.000;  -54.000
919.743;  606.100;  390.000;  266.000
919.983;  274.750; -134.000;  -26.000
920.223;   88.525;  135.000;   14.000
920.463;  129.600;  631.000;  554.000
920.703;  129.700;   84.000;   39.000
920.943;  164.550; -110.000;   90.000
921.183;  236.750; -414.000; -405.000
921.423;  493.525;  307.000;  546.000
921.663;  745.050; -174.000; -257.000
921.903; 1554.650;  237.000;  173.000
922.143; 8427.450;  372.000;  389.000
922.383;34162.975;  158.000;  115.000
922.622;13129.600; -120.000;  -15.000
922.862; 1346.975;  796.000;  785.000
923.102;  504.725;  -51.000;   33.000
923.341;  197.100;   59.000;   74.000
923.581;   86.275;  450.000;  360.000
923.821;   10.900;  301.000;  398.000
924.060;   15.150;  351.000;  193.000
924.300;  -69.700;  -16.000; -128.000
924.539;  -13.475;  584.000;  473.000
924.779;  -13.275;  812.000;  597.000
925.018;  -47.800;  247.000;  353.000
925.257;   -8.000;  595.000;  666.000
925.497;  -33.950;  447.000;  412.000
925.736;  -77.650;  -35.000;  102.000
925.975;   12.100;  687.000;  669.000
926.214;   21.625;  907.000;  850.000
926.454;   25.350;  706.000;  757.000
926.693;  -29.475;  419.000;  543.000
926.932;   35.350; 1021.000;  825.000
927.171;   46.150; 1107.000; 1044.000
927.410;   59.075; 1144.000;  967.000
927.649;   18.625;  924.000;  742.000
927.888;   -1.600;  590.000;  564.000
928.127;  -17.475;  680.000;  678.000
928.366;   32.400;  842.000;  826.000
928.605;   29.550;  831.000;  737.000
928.844;  229.800; 1451.000; 1393.000
929.083;  573.475;  770.000;  613.000
929.321;  350.950; 1335.000; 1359.000
929.560;   94.625; 1158.000; 1122.000
929.799;  -16.475;  574.000;  475.000
930.038;   77.425; 1025.000; 1394.000
930.276;  -34.400;  334.000;  397.000
930.515;   -4.175;  827.000;  681.000
930.753;  -21.825;  614.000;  589.000
930.992;  -21.050;  664.000;  717.000
931.230;   -9.300;  847.000;  847.000
931.469;  160.775; 2162.000;  892.000
931.707;   82.650;  840.000;  751.000
931.946;   54.925; 1278.000; 1344.000
932.184;   63.275; 1437.000; 1175.000
932.423;   39.050; 1265.000;  963.000
932.661;   95.400; 1296.000; 1428.000
932.899;   30.325;  987.000;  821.000
933.137;   28.500;  754.000;  564.000
933.376;  121.400; 1664.000; 1335.000
933.614;  160.825; 1759.000; 1196.000
933.852;   50.150; 1357.000; 1171.000
934.090;  136.925; 1722.000; 1747.000
934.328;  103.075; 1252.000; 1457.000
934.566;   95.150; 1431.000; 1110.000
934.804;  143.375; 1263.000; 1309.000
935.042;  475.900; 1861.000; 1850.000
935.280; 1851.675; 2088.000; 2063.000
935.518; 1951.375; 2113.000; 2007.000
935.756;  418.550; 2481.000; 2316.000
935.994;  170.150; 1808.000; 1751.000
936.231;  339.050; 2890.000; 2950.000
936.469;  203.825; 2367.000; 2378.000
936.707;  170.150; 2220.000; 2167.000
936.945;  227.350; 2825.000; 2882.000
937.182;  199.275; 2679.000; 2741.000
937.420;  288.300; 3602.000; 3031.000
937.657;  385.200; 3365.000; 3478.000
937.895;  346.225; 3331.000; 3488.000
938.133;  304.950; 3540.000; 3528.000
938.370;  345.300; 3896.000; 4191.000
938.607;  395.200; 4488.000; 4205.000
938.845;  525.450; 5587.000; 5549.000
939.082;  481.750; 5387.000; 5177.000
939.320;  535.925; 5799.000; 5728.000
939.557;  625.000; 6549.000; 6491.000
939.794;  730.950; 7285.000; 7097.000
940.031;  893.300; 8421.000; 8368.000
940.269; 1102.775; 9552.000; 9107.000
940.506; 1128.075;10901.000;10507.000

