
Integration time [ms]: 100.000
Averaging Nr. [scans]: 40
Smoothing Nr. [pixels]: 0
Data measured with spectrometer [name]: 2101013U2
Wave   ;Sample   ;Dark     ;Reference
[nm]   ;[counts] ;[counts] ;[counts] 

394.013;   49.904; -450.257; -315.536
394.305;  190.777; -461.258; -419.536
394.596; 1566.928; -676.269; -527.514
394.887; 4178.373; -796.268; -654.518
395.178; 1518.835;  145.736;   11.476
395.470;   86.123; -210.263; -356.526
395.761;  133.666;  305.734;  394.479
396.052;  142.702; -545.284; -306.489
396.343;  104.911; -557.276; -454.503
396.634;   45.948; -200.279; -290.497
396.926;   35.394; -618.268; -565.517
397.217;   65.316;   11.725;  -17.504
397.508;   21.335; -366.273; -154.507
397.799;   30.223; -555.279; -571.497
398.090;   -8.034; -973.280; -902.495
398.381;   79.886;   11.708;  -11.473
398.672;  -17.513; -585.292; -742.473
398.963;   21.105; -348.279; -373.498
399.254;   74.098;   54.709; -209.475
399.545;  -21.938;-1017.266; -883.520
399.836;   49.398; -407.277; -343.501
400.127;   42.332; -205.295; -209.468
400.418;   24.104; -423.274; -392.506
400.709;   29.326; -359.281; -333.493
401.000;   36.403; -268.291; -309.476
401.290;  100.131;  225.698;  115.545
401.581;   72.881; -166.286; -228.485
401.872;   29.924; -542.298; -486.462
402.163;   42.773; -313.296; -252.467
402.454;  100.549; -123.291; -163.475
402.744;   50.163; -844.297; -813.465
403.035;  283.325; -226.293;  -86.471
403.326;  358.266; -366.292; -384.474
403.617;  336.942;  204.701;  165.539
403.907;  346.558; -593.283; -679.490
404.198; 3575.850; -545.307; -599.446
404.489; 9087.989; -618.283; -588.491
404.779; 2578.410; -618.302; -660.456
405.070;  264.309;  -67.304; -174.451
405.360;  477.678; -259.293; -238.472
405.651;  476.898;  125.699;   98.542
405.942;  178.325;  209.714;  127.516
406.232;  100.742; -432.285; -413.487
406.523;  255.519;  641.706;  758.530
406.813;   39.278; -579.286; -644.484
407.104;  213.985;  261.708;  144.527
407.394;   69.943; -604.299; -591.462
407.685;  152.666;  336.715;  222.513
407.975;   56.338; -400.283; -382.490
408.265;  102.491; -134.289; -190.478
408.556;   60.020; -472.291; -459.475
408.846;  177.870;  474.706;  429.530
409.137;   93.752;   -1.288; -216.480
409.427;   75.067; -193.285; -271.487
409.717;   35.714; -776.273; -692.508
410.007;  141.834;    4.715; -170.486
410.298;  122.735; -360.295; -342.469
410.588;   91.839; -495.285; -510.486
410.878;   44.515; -792.287; -873.482
411.168;  126.002; -481.298; -478.463
411.459;  127.156; -295.283; -242.489
411.749;   85.069; -609.292; -507.474
412.039;   88.700; -755.289; -386.480
412.329;  229.339;   40.722;  132.501
412.619;  228.678;  -62.286; -148.485
412.909;  386.895;  639.711;  594.521
413.199;  337.216; -130.280; -251.495
413.490;  405.608;  521.710;  352.523
413.780;  218.096;-1013.279; -913.496
414.070;  403.112;  -46.276;  235.497
414.360;  419.634; -729.278; -666.498
414.650;  542.810; -726.288; -688.482
414.940;  758.546; -538.280; -441.496
415.230; 1233.757;   50.712;   74.519
415.520; 8598.177;  155.730;   66.486
415.809;34819.550; -305.281; -125.493
416.099;26350.925; -388.277; -229.501
416.389; 7758.651;  435.726;  236.494
416.679; 4474.627;   91.738;   85.473
416.969;  765.420; -527.287; -503.483
417.259;  636.823;  341.721;  171.503
417.549;  887.374;  522.718;  318.508
417.838; 2400.847; -205.268; -147.518
418.128; 8272.740;  650.710;  492.522
418.418; 6830.697; -491.272; -579.509
418.708; 4516.226;    9.726;  -48.506
418.997;17681.221; -474.275; -480.505
419.287;18059.759; -733.273; -790.507
419.577;17524.430; -160.283; -123.489
419.866;56269.198; -588.277; -498.501
420.156;54944.322; -242.270;  -55.513
420.446; 9216.418; -112.263;  -26.526
420.735;  900.264; -376.271; -446.512
421.025;  902.458; 1830.722;  315.502
421.314;  572.187; -203.271; -226.512
421.604;  802.788;   89.732;  233.484
421.893;  480.483; -705.271; -602.511
422.183;  270.294; -487.263; -461.526
422.472;  394.160;  -36.271; -107.511
422.762;  436.169; -416.266; -379.521
423.051;  269.688; -916.276; -916.503
423.341;  335.962; -491.273; -439.507
423.630;  405.201; -121.265;   15.477
423.919;  430.395;   58.725;   49.495
424.209;  470.225;  -31.263;   56.473
424.498;  615.194;   68.732;  161.483
424.787; 1483.327; -535.267; -601.518
425.077; 4352.849;   34.735;   29.478
425.366; 4908.332; -734.262; -744.528
425.655;13461.187;  639.727;  259.493
425.945;33915.963; -313.247; -268.554
426.234;18149.109;  117.741;  300.467
426.523; 7441.115;  -86.259; -350.534
426.812;10009.314;  107.734;  159.480
427.101;14878.734; -127.269; -323.515
427.390;17676.626;  -55.270;  -86.514
427.680; 2680.014; -624.257; -411.538
427.969;  531.352; -330.255; -301.540
428.258;  369.504; -385.257; -477.536
428.547;  534.702;  449.728;  397.490
428.836;  824.997; -421.253; -398.543
429.125; 1134.343; -199.259;  -72.534
429.414;  818.549; -330.251; -294.548
429.703; 4539.374; -231.251; -213.548
429.992;14012.853; -938.250; -828.549
430.281; 8893.260; -397.264; -331.524
430.570;  621.463;  -21.252;   32.454
430.859;  439.990;  279.741;  352.466
431.148;  422.457;  636.752;  631.446
431.437;  320.237;  391.748;  367.454
431.725;  201.581; -544.257; -481.536
432.014;  213.306; -845.253; -756.545
432.303;  426.974; -149.239; -105.569
432.592;  570.818; -460.263; -178.525
432.881; 1434.284; -601.248; -437.554
433.169; 9516.803; -343.255;  -61.540
433.458;19283.715;  445.765;  540.424
433.747; 7607.514; -397.261; -289.529
434.036;  943.820; -275.242; -280.564
434.324; 2930.843; -395.249; -379.551
434.613; 5254.112;   40.757;  159.437
434.902; 1534.412;  333.760;  439.433
435.190;  335.422;   75.761;  295.431
435.479;  193.815;  -52.245;   83.441
435.767;   95.975; -411.244; -427.561
436.056;  218.940; -340.242; -294.563
436.345;  488.615; -372.240; -223.568
436.633;  466.113;   60.750;  383.450
436.922;  221.892;  208.760;  414.432
437.210;  267.577; -194.236;    1.426
437.499;  683.512; -583.235; -432.576
437.787;  784.377; -339.236;  -10.574
438.075;  219.229;   56.761;  162.430
438.364;  259.282;  -44.238;  250.429
438.652;  149.283; -286.226; -138.592
438.941;   86.515;    3.770;  269.415
439.229;  -18.816; -665.252; -466.545
439.517;   41.172; -160.234;  -85.577
439.806;   -9.748; -501.225; -290.595
440.094;  142.707;  377.766;  650.421
440.382;   55.586; -653.233; -302.580
440.670;   52.187; -361.235; -285.576
440.959;    8.773; -347.223; -170.599
441.247;   45.354; -151.229; -109.587
441.535;   51.470; -266.235;   31.423
441.823;    1.803; -497.234; -305.578
442.111;  166.959;  173.771;  327.412
442.400;  345.714; -628.245; -335.559
442.688;  641.956; -111.234; -620.579
442.976;  354.354; -786.213; -450.617
443.264;   56.285; -324.224; -364.597
443.552;   63.135; -258.226;   51.408
443.840;  140.144;  602.765;  876.423
444.128;   90.885;  265.767;  269.420
444.416;  -19.063; -694.228; -312.588
444.704;   29.234; -465.219;  -92.605
444.992;   46.138;   -0.226;  240.407
445.280;   17.066; -517.230;  -94.585
445.568;   -0.167; -694.212; -396.618
445.856;  158.790; -174.221;  357.398
446.143;  320.329;  -54.220;   -7.604
446.431;  296.766;  -25.228;  625.411
446.719;  157.732;  489.783;  675.391
447.007;  151.509;  481.769;  705.416
447.295;  160.620;  597.777;  871.402
447.583;   89.651; -464.229;  -34.587
447.870;  124.261; -434.221; -202.601
448.158;  260.764; -104.230;  129.415
448.446;  152.556; -800.219; -338.604
448.733;  143.037;   13.776;  269.403
449.021;  189.183;   60.788;  341.382
449.309;  182.401; -296.210;  208.379
449.596;  239.228;  128.783;   59.392
449.884;  201.503; -571.222; -325.600
450.172;  249.548; -756.227; -406.590
450.459;  644.284;  645.786;  780.387
450.747; 3774.251; -411.218; -147.608
451.034;12072.768;  493.772;  889.411
451.322; 9704.487; -413.214; -170.614
451.609;  737.789;  292.777;  508.403
451.897;  885.102; -550.203; -183.634
452.184; 2707.995; -622.223; -400.598
452.472; 2416.527;   97.792;  269.375
452.759;  328.581;  512.781;  864.395
453.047;   80.580; -407.212; -125.617
453.334;   32.741; -732.219; -216.606
453.621;   30.865; -438.214; -161.615
453.909;  102.242;   13.796;  384.368
454.196;   92.922; -299.199; -123.641
454.483;  235.492;  317.798;  540.364
454.771;  142.830; -215.208;  196.374
455.058;   44.359; -316.207;  102.374
455.345;  133.663;   71.807;  344.347
455.632;  119.663; -128.207;  235.373
455.919;   49.874;  -82.196;  182.354
456.207;  -50.223; -774.198; -450.642
456.494;  -13.818; -475.200;  -66.639
456.781;   23.737; -399.202; -198.635
457.068;   52.796; -253.206;  -29.628
457.355;   -2.803; -698.206; -401.629
457.642;    7.404; -552.205; -290.630
457.929;   17.852; -778.194; -417.651
458.216;  110.155; -575.212; -354.617
458.503;  385.058; -173.193;  -19.652
458.790;  412.903; -864.208; -630.625
459.077;  375.518;  -77.202;  110.364
459.364; 1196.744; -350.195; -210.649
459.651; 2562.244;  -46.206;  220.372
459.938; 1132.791; -864.209; -665.623
460.225;  103.497;  132.799;  276.363
460.512;  -38.979; -836.197; -688.645
460.799;  133.399;  -32.218;  320.392
461.086;  107.087; -370.200; -251.640
461.372;   27.428; -509.198; -279.642
461.659;   76.425; -165.196;  108.354
461.946;   37.881; -445.193;  -54.651
462.233;  219.910;  842.800;  888.361
462.519;  490.656; -814.201; -464.639
462.806; 1513.996; -768.197; -497.645
463.093; 1306.806; -445.191;  -66.656
463.380;    7.856; -920.186; -824.664
463.666;   59.348; -259.197;  -18.646
463.953;  120.363; -406.195; -243.648
464.239;  273.013; -173.195;  -77.648
464.526;  376.651;  413.806;  743.350
464.813;  339.020; -565.190; -304.658
465.099;  321.683;  606.807;  607.348
465.386;  271.712;  903.807;  921.348
465.672;    5.196; -694.197; -522.645
465.959;   36.492; -598.188; -520.662
466.245;   13.987; -468.193; -359.652
466.532;   67.510; -109.195;   63.352
466.818;   26.881; -357.186; -216.664
467.104;  -15.921; -488.182; -415.672
467.391;  -37.252; -628.189; -459.658
467.677;   26.760; -289.186;    9.335
467.964;  -12.470; -682.189; -471.660
468.250;   47.313; -331.186; -160.665
468.536;   79.624;   90.811;  180.341
468.822;  -18.522; -821.184; -574.668
469.109;  133.501;  351.827;  471.311
469.395;  220.974;  729.808;  787.346
469.681;  223.878;   46.811;  156.341
469.967; 1807.358; -699.188; -382.660
470.254; 3991.593; -494.188; -306.662
470.540; 2515.574; -601.196; -476.646
470.826;  371.392; -488.181; -397.675
471.112;  402.057;  288.816;  113.331
471.398;   91.437; -253.183;  -58.670
471.684;   45.876; -626.177; -447.680
471.970;   18.272; -918.180; -981.675
472.256;   54.223; -521.192; -441.654
472.542;   21.639; -499.171; -434.691
472.828;   19.974; -743.182; -607.672
473.114;   17.592; -380.166; -283.700
473.400;   19.321; -504.175; -293.684
473.686;   28.700; -452.166; -400.701
473.972;   62.139; -230.174; -131.687
474.258;   -8.424; -925.173; -843.689
474.544;  320.992; -183.178;   -2.679
474.830;  481.923;  -65.175;   45.316
475.116;  753.197; -123.190; -196.658
475.401; 1020.975; -558.180; -467.676
475.687;  279.124; -725.180; -718.676
475.973;  -10.091; -673.181; -770.673
476.259;  239.526;  736.825;  764.315
476.544;  521.986; -539.176; -437.682
476.830; 1294.810; -398.172; -322.690
477.116; 1153.810; -430.177; -336.682
477.401;  165.074;  346.820;  358.324
477.687;   -7.503; -289.175; -405.684
477.973;   39.438;   21.819;   28.326
478.258;  -16.526; -448.163; -348.706
478.544;   39.670;   21.815;   61.334
478.829;  -72.279; -818.171; -738.692
479.115;  -35.441; -749.172; -651.690
479.401;    0.434; -444.174; -449.686
479.686;   48.573; -253.180;  -74.676
479.972;  -14.952; -886.178; -776.680
480.257;   52.319; -258.166;  -65.700
480.542;   21.851; -614.170; -469.693
480.828;  239.869; 1288.824; 1392.317
481.113;  -33.133; -464.176; -426.683
481.399;   -4.947; -236.161; -202.711
481.684;  -46.932; -620.166; -462.700
481.969;   37.169; -158.159;  -73.713
482.255;  -19.786; -439.169; -285.695
482.540;   -3.727; -569.178; -441.680
482.825;   26.225; -395.187; -404.663
483.110;  127.518;  -85.169; -105.696
483.396;  355.970; -840.157; -652.718
483.681;  718.889;  543.826;  730.313
483.966;  284.762; -696.160; -700.712
484.251;   14.088; -404.174; -310.687
484.536;   -0.294; -356.165; -378.703
484.822;   31.492; -205.173; -218.687
485.107;  -18.909; -599.152; -502.726
485.392;  129.488;  662.836;  541.296
485.677;   68.754;  354.832;  163.302
485.962;  114.142;  160.843;  270.283
486.247;   95.159;  -14.162;   -8.707
486.532;   66.445; -178.166; -325.701
486.817;  166.096;  381.839;  431.291
487.102;  137.670; -453.154; -514.722
487.387; 1036.522; -637.156; -652.718
487.672; 1889.369; -154.164;  -38.705
487.957; 1145.680; -394.160; -286.711
488.241;  315.836; -290.150; -314.729
488.526; 1132.568; -280.152; -148.726
488.811; 1898.150; -881.177; -818.680
489.096; 1337.499; -666.154; -702.723
489.381;  697.988;    3.847;  162.275
489.666;  617.302; -428.161; -510.710
489.950;  211.302;  558.846;  627.277
490.235;  -27.520; -480.151; -458.728
490.520;  -37.249; -756.161; -723.710
490.804;  -37.400; -827.156; -736.719
491.089;   35.055; -469.149; -299.732
491.374;   26.567; -132.164;  -75.704
491.658;   -7.681; -817.147; -717.735
491.943;  113.773; -657.152; -609.727
492.227;  233.515; -178.155;  -38.721
492.512;   37.966; -294.157; -341.717
492.797;  -62.852; -713.149; -716.731
493.081;  -47.428; -588.147; -598.735
493.366;  -31.922; -751.161; -635.711
493.650;  225.261;  831.859;  917.254
493.935;   66.293; -648.147; -447.734
494.219;  -36.604; -778.142; -687.743
494.503;  -41.133; -585.150; -487.730
494.788;   51.281;   46.842;   74.285
495.072;  120.962;  184.850;  434.271
495.356;  243.159; -463.148; -343.733
495.641;  516.080; -812.146; -736.736
495.925;  433.705; -976.156; -903.719
496.209;   16.829; -599.149; -451.732
496.494;  -33.104; -763.142; -544.744
496.778;   12.370; -364.154; -360.722
497.062;  -49.495; -819.156; -627.719
497.346;    2.057; -869.160; -640.711
497.631;  179.513;  580.852;  560.266
497.915;   70.493;  -64.145;  175.261
498.199;   34.720; -341.157; -277.718
498.483;   43.990; -562.152; -508.725
498.767;  230.639;  301.850;  300.271
499.051;  267.376; -126.149; -100.732
499.335;   61.574; -693.149; -739.731
499.619;  -31.767; -381.129; -423.767
499.903;    8.514; -272.155;  -65.721
500.187;   22.304; -588.153; -316.724
500.471;   21.697; -796.152; -595.727
500.755;   83.452;   62.839;  -96.710
501.039;   -2.811; -270.155; -357.721
501.323;   75.113;  -21.141;  264.254
501.607;   22.975; -447.163; -503.706
501.891;    7.472; -607.156; -512.718
502.174;  -43.344; -726.144; -585.741
502.458;   76.177;   89.849;  370.273
502.742;   57.442; -180.138; -191.751
503.026;  187.392; -412.147; -254.734
503.310;  294.143; -437.159; -375.713
503.593;  187.245; -464.147; -325.735
503.877;  131.240; -232.133; -156.760
504.161;  193.207;    2.847;  -50.724
504.444;  187.434; -841.158; -710.716
504.728;  730.791; -487.164; -522.704
505.012; 1058.635; -257.150;  -76.729
505.295;  792.028; -417.161; -212.711
505.579;  788.880; -256.156; -496.719
505.862; 1184.138; -555.145; -333.738
506.146; 1212.696; -681.159; -758.714
506.429;  558.646;  568.841;  461.286
506.713;  112.882; -732.151; -667.728
506.996;  473.520;   90.846;  295.278
507.280;  530.585; -633.165; -474.703
507.563;  360.762; -469.155; -261.721
507.847;  164.755; -423.153; -112.724
508.130;  176.954; -665.161; -456.711
508.413;  195.088; -758.167; -577.700
508.697;  391.364; -151.167;   12.300
508.980;  258.332; -422.153; -312.724
509.263;   33.133; -466.155; -450.720
509.547;   49.585; -124.150;   82.271
509.830;   63.856; -172.160;  140.289
510.113;   91.979;  128.844;  298.281
510.396;   59.889; -530.152; -300.725
510.680;   62.240; -818.145; -812.738
510.963;  237.650;  184.846;  180.277
511.246;  169.194; -493.150; -357.730
511.529;  280.096; -482.145;  -83.739
511.812;  582.611; -250.134;   10.241
512.095;  459.953; -740.151; -396.728
512.378;   90.824; -317.147; -245.736
512.661;   79.601; -703.137; -623.753
512.944;   84.923; -750.142; -637.744
513.227;  110.523; -170.137; -171.752
513.510;   34.556; -479.144; -671.741
513.793;   35.693; -485.140; -435.747
514.076;  151.808;  -43.127;  -39.771
514.359;  150.505; -294.149; -135.732
514.642;  136.677; -442.142; -567.744
514.925; 1106.366;  581.860;  561.253
515.208; 1560.657; -498.134; -443.758
515.491;  990.423; -276.133; -182.761
515.773;  548.710; -410.143; -337.742
516.056; 3132.009;  249.864;  409.246
516.339; 4153.238; -754.136; -652.755
516.622; 2026.341; -518.150; -488.730
516.904;  633.944;  882.857;  975.257
517.187;  254.146; -730.138; -523.752
517.470;  421.293; -568.143; -510.743
517.752;  686.167; -624.136; -470.756
518.035;  561.056; -708.139; -725.749
518.318;  583.439; -799.136; -744.755
518.600; 3829.528; -300.132; -325.762
518.883; 5212.326;  310.858;   88.256
519.165; 2431.987; -585.138; -426.751
519.448;  434.002;  -61.132;  -19.762
519.730;  199.967; -573.126; -415.773
520.013;  242.444;  588.867;  664.240
520.295;  373.788;  -94.134;  -15.759
520.578;  787.468; -335.131; -305.764
520.860; 1013.178; -254.132;   56.238
521.143;  676.769; -763.135; -584.756
521.425;  592.257; -251.125; -279.775
521.707;  947.258; -622.127; -380.771
521.990; 2708.809; -199.127;  167.229
522.272; 3091.495; -116.140;   -4.748
522.554; 1184.711; -237.143; -157.742
522.836;  277.486;  -24.134;   99.241
523.119;  190.916; -496.148; -189.734
523.401;  172.151; -448.130; -314.766
523.683;  139.652; -865.137; -693.753
523.965;  408.644;  408.862;  260.248
524.247;  417.158;   54.878;  170.220
524.529;  305.713; -451.134; -367.759
524.812;  477.429;   -3.130;  191.234
525.094; 1338.643; -773.138; -631.751
525.376; 2127.543; -143.124;   78.223
525.658; 1280.185; -441.136; -339.754
525.940;   63.414; -805.131; -671.764
526.222;   32.714; -188.136;  -88.755
526.504;   65.986; -190.131;   32.237
526.786;   43.141; -960.133; -647.760
527.068;  147.750; -124.123;  -67.778
527.349;   13.706; -865.137; -774.754
527.631;  125.702; -137.132;   22.238
527.913;  219.132; -664.127; -450.771
528.195;  301.449; -761.125; -639.774
528.477;  358.882;  -93.134;  -30.758
528.759;  251.028; -648.130; -522.766
529.040;  144.748; -569.123; -293.778
529.322;   80.152; -235.125;  -10.774
529.604;   95.081;  -47.130;   93.233
529.886;   55.141; -546.126; -302.773
530.167;   91.446;  232.870;  192.235
530.449;   45.749;    1.853;   63.265
530.731;   67.932; -572.122; -459.779
531.012;  129.957; -513.120; -216.784
531.294;  116.429; -118.116;  -43.792
531.575;  176.682;  290.875;  538.225
531.857;  121.651; -548.135; -266.757
532.138;  118.686; -113.141;   40.254
532.420;  106.571;  294.865;  403.244
532.701;   75.119; -722.133; -751.760
532.983;  219.698;  232.867;  182.239
533.264;   47.239; -243.126;  175.228
533.546;  -48.811; -491.136; -508.755
533.827;   18.715;  173.867;   -1.759
534.109;   31.901; -352.135;  -80.757
534.390;   95.257; -725.132; -582.762
534.671;  303.721; -270.135;  -82.756
534.953;  204.402; -751.123; -611.779
535.234;   54.786; -426.117; -255.789
535.515;  -53.258; -891.119; -735.785
535.796;   -5.997; -431.128; -193.770
536.078; -101.957;-1050.124; -904.777
536.359;   11.153;  -22.123;    3.221
536.640;  -19.849; -480.125; -197.774
536.921;  168.487;  225.871;  143.232
537.202;  512.964;  -87.138;  -16.751
537.483;  654.417;  251.869;  377.236
537.764;  267.771;   17.870;   98.235
538.045;  -28.969; -543.134; -371.758
538.326;  -29.760; -596.129; -447.768
538.607;   64.359; -686.127; -476.771
538.888;  277.496;   98.879;    5.218
539.169;  285.440; -704.122; -535.781
539.450;  418.186;  236.871;   16.233
539.731;  259.926; -361.121; -182.783
540.012;  170.082;  199.880;  412.216
540.293;  105.586;   82.876;  158.224
540.574;   -9.846; -895.113; -717.796
540.855;  517.999;  435.879;  377.218
541.136;  662.661;   47.878;  139.220
541.416;  377.454; -161.130; -220.766
541.697;  296.237; -274.131; -170.763
541.978; 1629.724; -270.135; -315.757
542.259; 2063.659; -211.127; -236.771
542.539;  942.471; -191.116; -186.790
542.820;  212.232;  461.875;  480.225
543.101;  131.417;  -52.145;  -77.738
543.381;   31.309; -638.127; -591.771
543.662;  377.631;  159.873; -254.771
543.942;  946.179; -751.127; -830.770
544.223; 1620.938;  193.878;  161.219
544.504; 1043.218; -275.124; -182.777
544.784;  873.916; -592.126; -408.773
545.065; 2469.076;  104.884; -254.791
545.345; 2930.567;  227.881;   14.215
545.626; 1919.728;  -14.113; -108.796
545.906; 1372.995;   77.869;   98.235
546.186;  571.172;   92.874;  -95.773
546.467;  303.846;   99.877;  -95.778
546.747;  482.646;  264.884;  327.210
547.027;  566.366;   91.876;  111.223
547.308;  537.628; -376.127; -530.770
547.588;  579.865;  299.871;  371.232
547.868;  246.297;  458.870;  588.235
548.149;  258.285;  609.885;  593.207
548.429;  232.507; -347.127; -299.771
548.709;  344.056; -645.120; -461.784
548.989;  747.879;   84.882;   88.213
549.269; 3247.851;   10.868;  139.239
549.550; 7541.076;  215.877;  117.222
549.830; 6754.199; -758.111; -556.799
550.110; 1339.483; -468.110; -320.801
550.390; 1307.582; -128.122;  -56.779
550.670; 1877.923; -868.114; -783.795
550.950; 1277.899; -509.121; -471.782
551.230;  256.669;  549.879;  460.218
551.510;   35.772; -381.121; -326.782
551.790;   70.643; -173.109; -127.803
552.070;  316.221;  940.877; 1181.223
552.350;  676.997; -492.119; -377.786
552.630;  932.191;   -2.121;   77.219
552.909;  548.602;  181.884;   73.209
553.189;  378.283;  -49.132;   33.237
553.469;  371.946; -703.119; -514.786
553.749;  361.411; -469.127; -357.772
554.029;  272.441;   33.883;  -24.790
554.308;  269.165; -154.115;  -37.794
554.588;  129.201; -196.128; -204.770
554.868;  144.074; -366.121;  -47.782
555.147;  258.086; -114.115;  -46.793
555.427;  932.079; -260.116; -250.792
555.707; 5983.709; -284.115; -200.793
555.986; 7430.628; -719.111; -538.800
556.266; 3755.495;   23.884;   72.210
556.546;  247.222; -888.121; -675.782
556.825;  426.020; -657.114; -556.794
557.105; 2793.974; -125.128;   17.230
557.384; 3267.075;  122.884;  187.209
557.664; 1285.104; -717.116; -508.792
557.943;  224.174; -557.121; -411.782
558.222;  301.082; -345.118; -344.788
558.502;  397.663; -116.115;  -76.793
558.781;  702.508;  194.885;  499.208
559.061;  635.682; -232.118; -227.788
559.340;  455.788;  302.883;  353.211
559.619; 1118.170;   93.884;  148.210
559.899; 1681.540; -239.117; -266.789
560.178; 1502.413; -778.115; -593.793
560.457; 4715.592; -623.117; -562.790
560.736; 6686.455; -472.111; -482.800
561.015; 4387.271; -500.128; -502.769
561.295;  540.517;  180.893;  215.193
561.574;  436.835;  119.885;  116.207
561.853;  678.998;  274.891;  303.197
562.132;  775.241;  -45.114;  182.206
562.411;  659.567;  396.879;  553.219
562.690;  269.107; -592.115; -458.792
562.969;  180.711;  472.888;  630.203
563.248;  527.514; 2966.878; 2487.219
563.527;  453.954; -290.111; -408.800
563.806;  650.957; -650.127; -521.771
564.085;  669.985; -297.105; -206.810
564.364;  427.544; -594.117; -405.790
564.643;  776.142; -276.121; -223.781
564.922; 2905.116;  221.890;  397.198
565.201; 2990.270; -640.109; -700.803
565.479; 1236.031; -297.115; -219.792
565.758;  552.249; -810.128; -712.770
566.037;  729.296; -155.109; -100.803
566.316;  386.701; -286.116;  -28.791
566.595;   85.209;  -17.115;  -12.793
566.873;  100.856; -166.111;  -79.801
567.152;  -26.189; -490.113; -590.797
567.431;   25.271; -113.116;    6.210
567.709;   50.492; -344.107; -212.807
567.988;  455.495; -810.114; -769.794
568.266;  854.734; -160.115;  -68.793
568.545;  659.266; -644.100; -514.819
568.824;  908.705;  160.885;  356.208
569.102;  942.019; -351.114; -235.794
569.381;  409.529; -492.116; -407.792
569.659;  -13.769; -553.113; -553.796
569.938;  120.312; -743.122; -465.780
570.216;  207.725; -225.109; -225.804
570.494;   19.448; -632.114; -572.795
570.773;   38.772;  202.879;  114.218
571.051;   41.174; -373.123; -357.778
571.330;  117.479; -221.113; -174.796
571.608;   96.038; -181.098; -173.823
571.886;  -41.728; -671.111; -581.799
572.164;  -35.051; -739.121; -621.782
572.443;  -28.211; -562.105; -512.811
572.721;   -7.808; -399.117; -289.790
572.999;  -15.440; -280.117; -168.788
573.277;  129.807;  379.894;  620.191
573.555;  442.934;   94.894;   37.190
573.834; 2153.559;  -86.117; -114.788
574.112; 2415.795;  880.893;  811.193
574.390;  733.730; -143.111;  -96.801
574.668;   22.937;  -91.112;  -61.797
574.946;    9.059; -165.106; -187.810
575.224;   17.045;   71.891;  -16.803
575.502;    3.048; -200.116; -204.791
575.780;  -68.312; -767.112; -829.798
576.058;  241.154; 1589.889; 1004.200
576.336;  -12.664; -210.110; -129.801
576.614;  -42.761; -511.112; -340.798
576.891;  133.464; -711.115; -823.794
577.169;  813.159; -158.108; -285.805
577.447;  895.719;  169.893;  202.193
577.725;  374.094;  629.888;  854.201
578.003;   34.867;  -71.112; -371.798
578.280;  135.950; -208.104; -242.812
578.558;  102.488; -450.115; -422.793
578.836;  147.473; -210.114; -145.795
579.114;   86.462; -630.112; -670.797
579.391;   94.886;   -6.117;  -18.789
579.669;  -57.260; -595.114; -704.794
579.947;  278.115; -326.107; -127.806
580.224;  546.290; -692.107; -524.806
580.502;  499.920;  127.893;   76.193
580.779;   57.668;  -42.117;   75.210
581.057;  -58.350; -584.109; -470.804
581.334;  -84.657; -726.102; -695.815
581.612;   42.285;   54.895;  511.190
581.889;  -22.191;  -83.101; -129.818
582.167;  -27.174; -298.099; -190.821
582.444; -101.373; -845.102; -814.817
582.721;  107.078;  657.899;  715.183
582.999;   84.973; -326.100; -167.821
583.276;  922.104; -812.123; -713.779
583.553; 1186.672; -364.102; -294.816
583.831;  431.846; -607.104; -631.812
584.108;   76.282;  349.892;  174.195
584.385;   46.467; -122.102;  -98.815
584.662;  -29.518; -651.111; -828.801
584.940;   47.756;  204.889;  204.199
585.217;  -11.419;  -73.113; -303.796
585.494;   57.117;   71.890;  118.198
585.771;  334.051; -250.109; -354.804
586.048;  783.906; -196.113;  -76.796
586.325;  528.660; -721.110; -773.801
586.602;  131.151;  230.896;  213.188
586.879;   27.469; -499.100; -580.820
587.156;   95.711; -156.105; -331.810
587.433;    7.675; -701.102; -667.817
587.710;   98.314;  152.888;  234.202
587.987;  440.943; -264.105; -236.811
588.264; 1152.116;  315.888;  387.202
588.541; 1937.029;  -61.104;   26.187
588.818; 4016.229;   72.892;  171.196
589.095; 3412.423; -163.104; -174.812
589.371;  568.148; -459.109; -414.804
589.648;   56.095; -581.107; -437.807
589.925;   73.624; -517.114; -621.795
590.202;   99.914; -741.112; -607.798
590.478;  141.095; -166.105;  -73.811
590.755;  389.936; -241.108; -132.806
591.032; 3769.338; -741.110; -699.802
591.308; 5380.511; -732.094; -790.831
591.585; 2735.712; -573.110; -560.802
591.862;  306.977;-1056.102; -950.817
592.138;  154.483; -475.108; -474.805
592.415;  255.927; -486.104; -495.813
592.691; 2154.999;  460.896;  518.188
592.968; 2887.165; -208.098; -123.824
593.244; 1400.221; -695.116; -595.790
593.521;  111.402; -105.102;  -42.817
593.797;   39.984; -810.122; -720.780
594.074;  559.730; -611.096; -588.826
594.350;  938.094;  828.905;  729.172
594.626;  460.832; -303.111; -283.801
594.903;  239.653; -643.101; -645.817
595.179;  271.356;  243.896;  418.187
595.455;   26.396; -136.107; -150.807
595.731;    4.283;  -19.103;  -38.814
596.008;  -13.125; -464.111; -434.800
596.284;   70.672; -187.100; -242.820
596.560;  158.244; -501.093; -493.833
596.836;  320.914; -173.105;  -70.810
597.112;  577.809; -582.108; -437.805
597.388;  455.253;  -49.097;  -48.826
597.665;  144.809;  437.887;  530.203
597.941;  -34.421; -572.089; -658.839
598.217;   53.666; -323.110; -293.802
598.493;  412.278;   61.891; -204.804
598.769;  810.590; -175.100;  -50.819
599.045;  507.162; -490.108; -562.806
599.321;  118.420; -193.100; -261.820
599.597;  266.302; -355.109; -476.804
599.872;  732.178;  409.896;  429.187
600.148;  585.955;  -61.097; -172.826
600.424;  430.843;   91.893;  202.193
600.700;  401.921; -170.107; -280.807
600.976;  230.448; -442.097; -464.825
601.252;  394.373; -226.109; -272.803
601.527;  400.080; -833.104; -840.813
601.803;  246.870; -453.105; -404.812
602.079;  300.740; -124.100; -118.819
602.354;  890.606; -620.092; -531.835
602.630; 1274.056; -140.113; -482.796
602.906; 3432.984; -910.101; -863.818
603.181;10233.172; -627.119; -534.786
603.457; 8596.752;   98.903; -278.826
603.733; 1287.502; -605.120; -626.783
604.008; 1414.335; -245.106; -164.810
604.284; 4730.130; -636.101; -580.817
604.559; 4052.019;   -3.112;  -42.799
604.835;  763.513; -163.105; -225.810
605.110;  676.802; -732.099; -892.821
605.385; 1036.222;  224.907;  267.167
605.661; 1042.922; -625.095; -729.829
605.936; 1893.788; -664.108; -737.806
606.211; 1545.441;  -17.103; -170.815
606.487;  363.968; -329.114; -376.794
606.762;  104.747; -791.119; -745.786
607.037;   25.189; -501.105; -433.810
607.313;  -11.236; -589.096; -574.828
607.588;   28.559; -375.106; -137.810
607.863;   80.158;  -28.101; -143.818
608.138;  264.115;  513.890;  516.198
608.413;   88.031; -576.099; -592.822
608.688;  107.483; -203.108; -267.805
608.964;  343.953; -509.106; -218.809
609.239;  433.785; -107.105; -212.810
609.514;  352.745;  281.895;  240.188
609.789; 1082.125; -187.104; -716.812
610.064; 1377.788; -435.096; -609.827
610.339; 1386.923; -855.109; -799.804
610.614; 1869.846; -131.100; -315.820
610.889; 1033.020;  215.895;  107.188
611.163;  111.621; -407.104; -591.812
611.438;  158.544;   81.886; -167.794
611.713;   65.705; -467.101; -499.817
611.988;  113.207; -144.101; -328.818
612.263;   44.718; -771.102; -717.815
612.538;  302.305;  385.887;  251.204
612.812;  345.097; -832.100; -911.820
613.087;  243.288; -358.098; -338.823
613.362;  -31.354; -497.107; -557.807
613.637;   60.036;  261.897;  138.186
613.911;    3.831; -256.092; -345.835
614.186;  225.019; -249.107; -292.807
614.460; 1129.219; -842.081; -758.854
614.735; 1257.382;  -55.087;  -17.843
615.010;  257.095;   43.912;  -82.841
615.284;  351.933;  360.892;  246.195
615.559;  644.780; -792.092; -955.835
615.833;  439.504;  -76.099;  -87.822
616.108;   53.969; -225.090; -390.837
616.382;  188.959;  274.913;  402.156
616.656;  266.095; -241.090; -232.837
616.931;  798.730; -785.099; -700.822
617.205; 1670.980; -973.104; -979.813
617.480; 1502.480;  -91.125;    6.225
617.754;  297.352; -396.125; -128.774
618.028;   54.241; -369.129; -382.768
618.302;  100.581;   73.892;  -25.805
618.577;  -26.762; -371.103; -518.815
618.851;  -39.506; -399.109; -600.803
619.125;  -39.137; -335.134; -378.759
619.399;  -21.994; -244.104; -374.813
619.673;   -9.195; -330.115; -515.792
619.947;  -19.552; -333.114; -448.795
620.222;    4.408; -198.110; -204.801
620.496;   19.949;  -47.121;  -96.782
620.770;   49.564; -187.122;  -93.781
621.044;  283.486;  323.895;  346.190
621.318; 1157.578; -653.120; -614.783
621.592; 1037.000; -430.121; -409.783
621.866;  607.295; -476.112; -572.799
622.140;   69.998; -207.116; -356.791
622.413;  104.200;  138.889;  112.200
622.687;    2.755; -746.101; -492.817
622.961;   43.356; -130.108; -143.805
623.235;  -30.549; -633.111; -661.800
623.509;  -78.205; -816.105; -848.811
623.783;   16.941;  -12.107;   48.193
624.056;    3.354; -254.120; -280.783
624.330;   71.062;   63.888;   -3.797
624.604;  101.769; -271.116; -355.790
624.877;  124.063;  180.890;   26.198
625.151;   97.842; -249.114; -238.794
625.425;  -21.492; -150.103; -283.814
625.698;  -46.285; -367.119; -374.785
625.972;  -85.909; -799.110; -765.802
626.245;   77.646;  685.884;  484.210
626.519;  -35.891; -426.120; -340.784
626.792;  -13.629; -192.107; -380.807
627.066;  -73.644; -485.122; -662.779
627.339;  -82.338; -736.110; -663.802
627.613;   60.782;  351.880;  148.216
627.886;   74.819;  187.891; -612.803
628.160;    5.427;  312.880; -161.783
628.433;  -83.767; -695.125; -703.775
628.706;  -70.391; -517.120; -615.784
628.979;   40.716;  296.876;  117.223
629.253;  -57.379; -785.119; -833.786
629.526;  600.689; -334.126; -253.772
629.799;  608.349; -641.123; -479.778
630.072;  288.543; -497.128; -516.769
630.346;    1.746;-1115.116;-1080.790
630.619;  737.397; -467.107; -545.808
630.892;  931.902;  709.889;  593.200
631.165;  455.755;  790.896;  679.187
631.438;  -28.009;-1092.112;-1055.798
631.711;   55.803;  453.877;  257.221
631.984;  -28.960; -523.117; -624.789
632.257;  -38.514; -636.117; -681.789
632.530;  -28.135; -412.119; -433.785
632.803;   44.089; -109.115;    7.207
633.076;  -52.155; -360.123; -422.777
633.349;   19.698;  173.872;  121.231
633.622;  -49.086; -187.119; -240.785
633.895; -106.546; -903.120; -823.783
634.167;  -52.583; -496.126; -525.773
634.440;   -4.771;  -19.116; -137.792
634.713;   -2.031;  -22.119; -120.786
634.986;   88.211;  593.871;  453.233
635.258;  -65.413; -507.115; -597.793
635.531;   98.356;  742.882; -343.788
635.804;  -23.936; -303.117; -318.789
636.077;  -77.251; -830.116; -852.791
636.349;   27.010; -586.115; -474.793
636.622;  436.489; 1695.874; 1392.228
636.894;  395.034; -474.120; -909.784
637.167;  302.181; -836.127; -789.771
637.439;   78.227; -278.128; -213.770
637.712;  -33.759; -312.126; -293.772
637.984;  -58.825; -635.116; -707.791
638.257;  512.146;  515.877;  488.222
638.529;  897.684; -881.125; -924.776
638.802;  415.868; -508.128; -449.769
639.074;  -86.287; -927.122; -952.781
639.346;  -94.897; -942.135; -930.757
639.619;    5.550;  -79.142; -319.744
639.891;   15.831;  -83.122; -168.779
640.163;  -86.867; -689.122; -756.780
640.435;   37.235;  273.878;  103.220
640.708;   16.637;  -72.122; -132.780
640.980;   -3.311; -366.122; -362.781
641.252;  251.592;  -25.121;  -71.781
641.524; 2536.594;  580.879;  573.219
641.796; 2701.821;-1094.121; -907.782
642.068;  481.098; -191.121; -300.782
642.340;  -39.025; -486.121; -566.783
642.613;   50.953;  294.880;  323.217
642.885;  -66.570; -787.120; -878.783
643.157;   -2.518; -810.120; -658.784
643.428;   74.509;  170.880;  218.216
643.700;  -59.589; -498.120; -425.784
643.972;  -37.861;  -16.119; -133.785
644.244;  -94.784; -474.119; -559.785
644.516;  -50.807; -250.119; -114.786
644.788;   58.470;  662.881;  548.214
645.060;   -4.328;  -12.119; -124.786
645.332; -104.525; -525.118; -535.787
645.603;   25.002;  479.882;  342.213
645.875;  -70.121; -334.118; -369.787
646.147;  159.831; 1487.882; 1242.212
646.418;  -10.417; -931.117; -918.788
646.690;  297.036; -714.117; -715.789
646.962;  105.813; -413.117; -451.789
647.233;  -16.360;   15.883;   11.211
647.505;  -93.183; -595.117; -475.790
647.776;   24.319;  328.884;  229.210
648.048;   20.172; -248.116; -418.790
648.320;  -41.776; -752.116; -679.791
648.591; -143.749;-1055.116; -958.791
648.862;  -93.422; -505.116; -577.792
649.134;   17.330;  115.885;  198.208
649.405;   -4.542; -661.115; -618.792
649.677;  -29.140; -475.115; -598.793
649.948;   12.112; -181.115; -296.793
650.219;   -0.761;  -37.115; -147.793
650.491;  -86.859; -431.114; -520.794
650.762;  -97.631; -705.114; -731.794
651.033;  -96.079; -437.114; -424.795
651.304;  -56.527; -743.114; -728.795
651.576;  -35.500; -680.114; -645.795
651.847;  -36.348; -250.113; -140.796
652.118;  -25.570;  -32.113; -189.796
652.389;  -98.468; -639.113; -722.796
652.660;  -31.266; -147.113;  -89.797
652.931; -125.164; -897.112; -871.797
653.202;  -78.762; -382.112; -541.798
653.473;  -42.759; -633.112; -533.798
653.744;  277.543; -595.112; -590.798
654.015;  264.595; -356.112; -303.799
654.286;  -43.303; -642.111; -663.799
654.557;  -33.201; -586.111; -521.799
654.828; -141.898;-1114.111;-1088.800
655.099;  -65.271; -404.111; -291.800
655.370;  -95.994; -427.111; -543.801
655.641; -108.542; -656.110; -714.801
655.911; -105.015; -618.110; -638.801
656.182;   47.162;  437.890;  387.198
656.453;   95.240;  830.890;  746.198
656.724;  -69.358; -466.110; -426.802
656.994;  -77.906; -553.109; -568.803
657.265;  -71.029; -862.109; -873.803
657.536;  -85.852; -500.109; -377.804
657.806;  -91.974; -561.109; -593.804
658.077; -135.172; -866.109; -950.804
658.347;  -74.970; -523.108; -598.805
658.618;  -99.543; -646.108; -694.805
658.888;  -22.541;  -41.108;  112.195
659.159;  -81.013; -432.108; -548.806
659.429;   -1.686; -292.108; -349.806
659.700;   61.341; -435.107; -390.807
659.970;   25.568; -370.107; -359.807
660.241;   86.245; -754.107; -921.807
660.511;  797.023; -147.107; -174.808
660.781;  221.650; -793.106; -748.808
661.052;  -31.998; -222.106; -381.808
661.322;  -29.096;   21.894;   -9.809
661.592;   20.031;  257.894;  148.191
661.862;  -81.241; -369.106; -382.810
662.133;  -75.614; -551.105; -502.810
662.403; -109.462; -770.105; -676.810
662.673;  -56.310; -256.105; -213.811
662.943;  -92.108; -612.105; -551.811
663.213;   10.420;  -85.105;  -81.811
663.483;  -63.628; -593.104; -568.812
663.753;  -28.576; -194.104; -152.812
664.023;  -14.024;   68.896;  -32.813
664.293;  -54.472; -319.104; -126.813
664.563; -104.994; -694.104; -648.813
664.833; -112.517; -743.103; -608.814
665.103; -113.865; -730.103; -793.814
665.373; -102.438; -766.103; -806.814
665.643;  -60.136; -863.103; -918.815
665.913;   96.492; -534.103; -714.815
666.182;  271.719; -685.102; -719.816
666.452;  420.496;  -22.102;  -89.816
666.722;   45.323; -724.102; -784.816
666.992; -111.725; -948.102; -921.817
667.261;  -69.422; -824.102; -808.817
667.531;  301.905;  134.899;   45.183
667.801;  880.957; -440.101; -412.818
668.070;  327.409;  714.899;  697.182
668.340;  -77.339; -883.101; -840.819
668.609;  125.614;  588.900;  301.181
668.879;  -67.434; -490.100; -558.819
669.149;  -64.032; -539.100; -516.820
669.418;  -88.005; -698.100; -726.820
669.688;    2.722; -482.100; -666.820
669.957;  163.125; -423.099; -546.821
670.226;    3.002; -268.099; -331.821
670.496;  -89.846; -431.099; -635.822
670.765;  -82.444; -418.099; -501.822
671.034; -126.117; -872.099; -828.822
671.304;  -12.639;   55.902; -111.823
671.573; -143.737;-1085.098; -957.823
671.842;  150.765; -380.098; -294.823
672.112;   92.242; -692.098; -586.824
672.381;   26.394; -239.098; -214.824
672.650; -119.478;-1005.097;-1021.825
672.919;  -86.876; -631.097; -507.825
673.188;  -87.124; -681.097; -878.825
673.457; -137.397;-1101.097;-1143.826
673.726;  -65.520; -579.096; -646.826
673.995;  -12.492; -533.096; -479.826
674.265;   22.110; -263.096; -333.827
674.534;   49.987; -183.096; -235.827
674.802;   62.764; -618.096; -703.828
675.071; 1450.391; -886.095; -801.828
675.340; 6034.094; -464.095; -339.828
675.609; 1967.546;  103.905;   82.171
675.878;  198.523; -949.095; -893.829
676.147;   77.350;  -26.095;   -8.829
676.416;  159.602; -210.094; -294.830
676.685; 1051.630; 1000.906; -622.830
676.953;  202.757; -603.094; -452.831
677.222;    1.209; -193.094; -273.831
677.491;   -8.614;  -24.094; -127.831
677.759;   -3.362;   11.907;  172.168
678.028;    0.315; -279.093; -222.832
678.297;   -4.757;   71.907;  197.168
678.565; -140.805; -898.093; -944.833
678.834;  -49.703; -311.093; -268.833
679.102;  -70.376; -411.092; -391.834
679.371; -123.899; -898.092; -727.834
679.639; -130.796; -797.092; -786.834
679.908; -107.194; -794.092; -724.835
680.176; -145.642; -895.091; -941.835
680.445;  -72.015; -346.091; -352.835
680.713;  -21.188;  -58.091;  -23.836
680.982;  -88.985; -523.091; -525.836
681.250; -111.583; -578.091; -507.837
681.518;  -90.531; -534.090; -751.837
681.787;   -3.754; -204.090; -167.837
682.055;  -46.652; -490.090; -422.838
682.323; -143.674; -993.090; -992.838
682.591;   69.753; -216.090; -538.838
682.859;  152.180;    9.911;  -35.839
683.128;   26.057;  232.911;  497.161
683.396; -157.366;-1102.089;-1122.840
683.664;  -34.863; -241.089;   21.160
683.932;    0.789;  144.911;  -76.840
684.200;  -78.234; -576.088; -320.841
684.468;  -15.407;  -73.088; -124.841
684.736;  -19.755; -214.088; -175.841
685.004;  -94.227;-1024.088; -982.842
685.272;    2.825; -880.088; -774.842
685.540;  -44.698; -499.087; -557.843
685.808;  -55.696; -651.087; -682.843
686.076;  -68.394; -894.087; -969.843
686.343;  -17.491; -601.087; -815.844
686.611;   75.711; -195.087; -224.844
686.879;  631.838; -530.086; -553.844
687.147; 4873.840; -483.086; -480.845
687.414; 1453.742;  -12.086; -169.845
687.682;   69.795; -658.086; -757.846
687.950;  456.972;  259.915;  263.154
688.217;   79.274; -792.085; -760.846
688.485;   37.851; -632.085; -636.847
688.753;  827.753;  -11.085; -102.847
689.020;  355.031; -820.085; -851.847
689.288;  -63.642; -853.084; -787.848
689.555;  -17.240; -195.084; -148.848
689.823;  -35.488; -241.084; -345.849
690.090;  -66.911; -546.084; -651.849
690.358; -124.708; -877.084; -897.849
690.625;   13.619;  120.917;   45.150
690.892;  -73.854; -403.083; -369.850
691.160;    9.148;   72.917;  -35.850
691.427;    4.150;  141.917;  130.149
691.694; -115.747; -855.083; -929.851
691.962; -133.570;-1177.082;-1060.852
692.229;   30.132;  127.918;   56.148
692.496;  102.009;  130.918;  -49.852
692.763;   36.061; -164.082; -201.853
693.031;  -47.311; -739.082; -716.853
693.298;  -12.884; -509.081; -368.853
693.565;  430.568; -155.081; -163.854
693.832; 1956.920;   -5.081;   -9.854
694.099;  274.697; -643.081; -642.855
694.366;  -37.150; -882.081; -896.855
694.633;  -21.648; -920.080; -633.855
694.900;  748.804; 4367.920; -114.856
695.167;  609.931; -214.080; -380.856
695.434;  199.108; -646.080; -623.856
695.701;  242.661;  121.921;  -61.857
695.968;  664.888; -365.079; -361.857
696.234; 1206.615; -415.079; -646.858
696.501;12285.517; -776.079; -614.858
696.768; 6718.744; -554.079; -617.858
697.035;  430.522; -632.078; -667.859
697.302;   58.924; -448.078; -552.859
697.568;   31.026; -458.078; -497.859
697.835;  -28.622; -683.078; -624.860
698.102;  -18.945; -498.078; -407.860
698.368;   84.408;  384.923;  396.139
698.635;  -38.040;  -47.077; -424.861
698.901;  -19.088; -240.077; -348.861
699.168;  138.639; -534.077; -456.862
699.435;  124.566;  -72.077;  -13.862
699.701;  -95.532; -868.076; -764.862
699.968;   33.996;  144.924; -441.863
700.234;  -82.127; -783.076; -822.863
700.500;  -47.800; -448.076; -539.864
700.767;   10.052;   -1.075;   26.136
701.033; -117.746;-1015.075; -963.864
701.299;  -42.343; -450.075; -483.865
701.566;  123.984;  950.925;  763.135
701.832;   42.511;  -31.075;  -76.865
702.098;  -64.462;-1054.074;-1034.866
702.365;  -36.235;-1098.074;-1030.866
702.631;   40.193;-1038.074;-1063.867
702.897; 1833.370; -765.074; -676.867
703.163; 3336.247;  348.926;  254.133
703.429;  262.299; -256.073; -273.868
703.695;    2.201; -796.073; -792.868
703.961;   60.154; -214.073; -210.868
704.227;  -32.119; -630.073; -725.869
704.493;  136.708;  613.927;  510.131
704.759;    3.760; -565.072; -540.870
705.025;   55.012; -203.072; -194.870
705.291;   20.265; -666.072; -562.870
705.557;  231.542;  719.928;   34.129
705.823;   62.569; -742.072; -694.871
706.089;  209.046; -307.071; -326.871
706.355;  450.298; -315.071; -244.872
706.620; 6503.401; -776.071; -729.872
706.886;10397.353; -309.071; -362.873
707.152; 1115.405; -818.070; -973.873
707.418;   51.507;-1153.070;-1186.873
707.683;   32.959; -550.070; -530.874
707.949;  -20.638; -547.070; -578.874
708.215;   25.239; -129.070; -207.874
708.480;   14.166; -520.069; -420.875
708.746;  162.093;   68.931;   28.125
709.011;  -47.330; -578.069; -612.876
709.277;  -72.677; -538.069; -543.876
709.542;  -39.325; -428.069; -387.876
709.808;   23.477;  -59.068;   89.123
710.073;  -55.171; -577.068; -695.877
710.339;  -11.119; -242.068; -228.877
710.604;  143.609; -780.068; -845.878
710.869;  499.111; -277.068; -366.878
711.135;  -44.337; -715.067; -628.879
711.400;  -74.085; -507.067; -608.879
711.665;  -51.083; -404.067; -479.879
711.931;  -85.730; -661.067; -677.880
712.196;  -96.328; -876.067; -954.880
712.461;  171.674; -402.066; -490.880
712.726;  283.826; -727.066; -771.881
712.991;  -62.447; -647.066; -664.881
713.256;  -37.219; -350.066; -332.882
713.521;  -47.042; -417.065; -381.882
713.787;  -54.415; -454.065; -472.882
714.052;  -12.513; -214.065; -400.883
714.317;  -71.611;-1045.065; -981.883
714.581; 1348.042; -374.065; -268.883
714.846; 2144.269; -822.064; -888.884
715.111;  199.671;  261.936;  257.116
715.376;    1.273;  -86.064; -223.885
715.641;   23.825; -365.064; -367.885
715.906;  458.653;   15.936; -551.885
716.171;  195.130;  221.937;  209.114
716.436;   71.832;  -78.063; -104.886
716.700;  -89.891; -818.063; -692.886
716.965; -107.664; -794.063; -807.887
717.230;  -61.161; -339.063; -392.887
717.494;   -6.434;  -40.062; -134.888
717.759;  -75.357; -784.062; -640.888
718.024;  -12.280;  269.938;  250.112
718.288;   70.097;  685.938;  395.111
718.553; -132.925; -803.062; -977.889
718.817; -124.223; -883.061; -899.889
719.082;  -31.321; -115.061; -125.890
719.346; -132.869;-1000.061; -947.890
719.611;  -44.242; -300.061; -255.891
719.875;  -91.939; -568.060; -537.891
720.140;  -39.687; -453.060; -603.891
720.404;   77.015; -136.060; -249.892
720.668; 1259.667; -475.060; -411.892
720.933;  519.844;  146.940;  137.108
721.197;  -90.278; -667.059; -600.893
721.461; -116.726; -851.059; -826.893
721.725;  -11.374;  -21.059; -250.894
721.990;  -61.872; -284.059; -204.894
722.254;  -18.645;  -26.059; -108.894
722.518;  -60.268; -286.058; -442.895
722.782;  -95.490; -743.058; -594.895
723.046;  148.287;  614.942;  570.105
723.310;   37.214;  374.942;  210.104
723.574;  -84.659; -654.058; -614.896
723.838;  -94.357; -576.057; -642.897
724.102;  -25.329; -226.057; -239.897
724.366; -123.202;-1032.057; -978.897
724.630;  -98.500; -749.057; -571.898
724.894;  -58.798; -722.057; -514.898
725.158;   -7.746;   38.944; -295.898
725.422;  -36.343; -394.056; -327.899
725.685;  -47.466; -441.056; -349.899
725.949;  -69.889; -566.056; -519.900
726.213;  -35.437; -732.056; -811.900
726.477;  319.890;-1020.055; -933.900
726.740;  250.693; -274.055; -104.901
727.004;  478.695; -384.055; -510.901
727.268; 4545.472; -442.055; -400.901
727.531; 1474.774; -961.055; -775.902
727.795;   -6.524; -713.054; -673.902
728.059;  -23.521; -552.054; -557.903
728.322;  -44.569; -841.054; -669.903
728.586;   87.233; -692.054; -701.903
728.849;  -54.940; -695.053; -756.904
729.112;  -91.863; -812.053; -912.904
729.376;  -98.185; -959.053; -905.904
729.639;  -74.283; -536.053; -536.905
729.903;  -95.456; -733.053; -699.905
730.166;  -40.779; -437.052; -399.906
730.429;  -14.602; -317.052; -468.906
730.693;  -53.899; -355.052; -894.906
730.956;  222.703;  810.948;  651.093
731.219; 1062.730; -310.052; -103.907
731.482;  237.932;-1003.051; -894.907
731.745;  239.934; -794.051; -935.908
732.009;   44.162;  -30.051;   50.092
732.272;  -76.661; -904.051; -771.909
732.535;  -29.209; -300.051; -310.909
732.798; -131.132;-1083.050;-1166.909
733.061;  -46.005; -430.050; -456.910
733.324;   21.273;   31.950; -180.910
733.587;   87.900;  290.950;  365.090
733.850;  -46.898; -973.049;-1050.911
734.113;   64.679;   33.951;   32.089
734.376;   46.056; -328.049; -447.912
734.639;  256.709; 1188.951; 1011.088
734.901;  114.561; -180.049; -402.912
735.164;  722.413; -883.048; -837.913
735.427; 2017.615; -166.048; -355.913
735.690;  209.192; -205.048; -234.913
735.952;   16.870; -923.048; -925.914
736.215;   40.972;-1113.048;-1009.914
736.478;  105.974; -771.047; -774.915
736.740;  307.576;   33.953;  129.085
737.003;  876.203; -658.047; -672.915
737.266; 5985.831;  -94.047;   46.084
737.528;  706.958; -682.047; -660.916
737.791;  466.535; -316.046; -327.916
738.053; 1018.887;  465.954;  649.083
738.316;13618.864; -162.046; -136.917
738.578;11200.292; -770.046; -736.918
738.841;  670.719; -382.046; -446.918
739.103;  281.271; -875.045; -777.918
739.365;  768.098;   79.955;  -69.919
739.628;   66.650; -884.045; -805.919
739.890;    9.428; -758.045; -710.919
740.152;  -15.495; -692.044; -754.920
740.414;   19.832; -408.044; -359.920
740.677;  -13.116; -785.044; -634.921
740.939;   -4.014; -587.044; -487.921
741.201;  450.864; -432.044; -572.921
741.463;  120.416; -689.043; -745.922
741.725;   37.768;  -21.043; -199.922
741.987;   96.845;  220.957;  116.078
742.249;   61.197; -751.043; -859.923
742.511;  375.650; -703.043; -794.923
742.773;   82.352; -546.042; -546.924
743.035;  144.604;  796.958;  533.076
743.297;   -1.744; -963.042;-1013.924
743.559; 1072.383; -278.042; -262.925
743.821;  181.035; -735.042; -744.925
744.083;   38.813;  -44.041; -149.925
744.345;  -65.960; -869.041; -892.926
744.607;   64.392;   75.959;  122.074
744.868;  -30.756; -490.041; -554.927
745.130;  -68.629; -994.041;-1008.927
745.392;   79.974;   -1.040;  -44.927
745.653;   15.426; -411.040; -378.928
745.915;  174.053;  896.960;  631.072
746.177;   96.005;   35.960;  -43.928
746.438;   43.807; -428.040; -543.929
746.700;   15.060; -947.039; -988.929
746.961;   68.837; -659.039; -740.930
747.223;  225.314; -190.039;  -74.930
747.484;  171.341; -391.039; -471.930
747.746;  238.518;  -23.038; -106.931
748.007;  221.446; -647.038; -689.931
748.269;  427.773; -468.038; -440.931
748.530;  797.375; -852.038; -638.932
748.791;  416.102; -354.038; -420.932
749.053;  613.379;  286.963;  163.067
749.314;  699.682; -236.037; -169.933
749.575;  797.759; -945.037; -905.933
749.836; 1238.161; -217.037;   86.066
750.098; 3176.738;  -60.037;  -21.934
750.359;50710.765;  414.964;  555.066
750.620;15271.268; -121.036; -220.935
750.881; 1539.195; -585.036; -513.935
751.142; 1964.872; -950.036; -938.936
751.403;21654.649; -789.036; -705.936
751.664;11405.226;-1034.035; -999.936
751.925;  736.254; -175.035; -262.937
752.186;  433.081; -298.035; -278.937
752.447;  256.783; -590.035; -445.937
752.708;  126.635; -532.035; -648.938
752.969;   65.037; -566.034; -576.938
753.230;   58.590; -777.034; -672.939
753.491;   66.767; -650.034; -631.939
753.751;  101.644;  109.966;   19.061
754.012;  129.121;  258.967;  181.060
754.273;   96.773; -174.033;  -71.940
754.534;   60.751; -487.033; -580.940
754.794;  -61.122; -926.033; -911.941
755.055;  159.705; 1051.967;  881.059
755.316;   -6.768; -700.032; -566.942
755.576;    9.284; -606.032; -576.942
755.837;  -13.663; -527.032; -695.942
756.097;   -5.586; -530.032; -564.943
756.358;  -44.009; -725.032; -770.943
756.618;  -29.032; -705.031; -641.943
756.879;   36.545; -254.031; -349.944
757.139;  -83.352;-1098.031;-1116.944
757.400;  -29.025; -538.031; -553.945
757.660;   -3.848; -365.031; -401.945
757.920;   40.079; -266.030; -228.945
758.181;   23.981; -468.030; -351.946
758.441;  -73.166; -870.030; -809.946
758.701;   -6.914; -308.030; -215.946
758.961;   -7.137; -220.030; -278.947
759.222;  -21.385; -574.029; -502.947
759.482;  -73.533; -683.029; -723.948
759.742;  -63.980; -706.029; -547.948
760.002;   15.272;  -83.029; -143.948
760.262;   37.349;   50.972;  182.051
760.522;  -29.974; -498.028; -574.949
760.782;  -39.272; -738.028; -612.949
761.042;  -22.794; -618.028; -573.950
761.302;   66.158;   55.972;  -18.950
761.562;   41.960; -164.027; -154.951
761.822;  136.137; -710.027; -551.951
762.082;  -39.461;-1104.027;-1093.951
762.342;   82.092; -328.027; -403.952
762.601;   93.069; -567.027; -506.952
762.861;  451.971; -281.026; -207.952
763.121;  375.548; -406.026; -411.953
763.381; 6439.075; -499.026; -485.953
763.640; 8645.378; -139.026; -307.954
763.900;  363.030; -242.026; -203.954
764.160;  102.432; -458.025; -491.954
764.419;   -7.166; -726.025; -782.955
764.679;  -72.964; -795.025; -726.955
764.939;  -13.237; -124.025; -210.955
765.198;  -67.959; -608.025; -563.956
765.458;  -66.957; -710.024; -612.956
765.717;  -82.380; -454.024; -590.957
765.976;  -62.528; -428.024; -411.957
766.236;  -61.826; -475.024; -610.957
766.495;   24.852;  260.977;   73.042
766.755;  -49.421;-1090.023; -987.958
767.014;   44.831; -594.023; -665.958
767.273;  -45.492; -373.023; -397.959
767.533;  -41.465; -228.023; -307.959
767.792;  -35.037; -151.022; -188.960
768.051;  -41.810; -228.022; -276.960
768.310;  -77.033; -546.022; -650.960
768.569;   -1.456; -161.022;    4.039
768.828;  -22.304; -285.022; -363.961
769.088;  -99.126;-1050.021; -942.961
769.347;  -82.649; -755.021; -599.962
769.606;  -85.047; -876.021; -857.962
769.865; -109.895;-1016.021;-1033.963
770.124;   20.232; -411.021; -336.963
770.383;  -19.590; -778.020; -910.963
770.641;   31.362; -398.020; -400.964
770.900;  -50.236; -953.020; -846.964
771.159;  -25.109; -851.020; -951.964
771.418;   14.968; -917.020; -779.965
771.677;  158.971; -224.019; -293.965
771.936;  183.598; -794.019; -865.966
772.194; 2137.075; -465.019; -437.966
772.453;13117.377; -213.019; -391.966
772.712;  987.754;  416.982;  329.033
772.970;  139.082;   32.982;   63.033
773.229;  106.459;  -22.018;  102.033
773.488;  -74.889; -814.018; -770.968
773.746;   67.438;  296.982;  335.032
774.005;   10.115;  190.983;  -22.969
774.263;   18.693;  243.983;  177.031
774.522;  -28.055; -422.017; -548.969
774.780;  -64.778; -484.017; -417.970
775.039;  -85.651; -551.017; -531.970
775.297;  -34.024; -135.016; -351.970
775.555; -109.421; -489.016; -612.971
775.814; -119.694; -618.016; -570.971
776.072; -116.142; -749.016; -740.971
776.330;  -95.765; -630.016; -520.972
776.589; -119.663; -703.015; -721.972
776.847; -110.685; -645.015; -624.973
777.105; -170.633;-1016.015;-1032.973
777.363;  -64.706; -459.015; -454.973
777.621; -133.229; -660.015; -717.974
777.879;  -14.252;  -42.014;   32.026
778.138;  -98.024; -554.014; -717.974
778.396;  -95.547; -585.014; -526.975
778.654; -166.870;-1015.014; -970.975
778.912;  -59.318; -269.014; -371.976
779.170; -121.466; -880.013; -803.976
779.427; -151.488; -922.013; -897.976
779.685; -126.411; -880.013; -832.977
779.943;  -57.559; -654.013; -593.977
780.201; -156.557; -964.012; -883.978
780.459; -109.230; -651.012; -610.978
780.717;  -88.752; -440.012; -390.978
780.974;  -91.350; -449.012; -490.979
781.232;  -65.398; -358.012; -338.979
781.490;  -50.221; -551.011; -472.979
781.747;  -91.819; -555.011; -476.980
782.005;   18.934;  462.989;  254.020
782.263; -152.214; -542.011;-1004.981
782.520;  -87.262; -326.011; -501.981
782.778; -168.960;-1013.010;-1051.981
783.035; -157.308; -962.010; -938.982
783.293;  -58.380; -248.010; -206.982
783.550;  -49.678; -134.010; -198.982
783.808; -123.251; -764.010; -776.983
784.065; -152.324; -745.009; -874.983
784.322;  -55.997;   25.991;  -86.984
784.580; -127.444; -915.009; -771.984
784.837;  -93.792; -392.009; -466.984
785.094; -133.315; -783.009; -762.985
785.352;  -59.163; -304.008; -404.985
785.609;  -67.336; -934.008; -839.985
785.866;  -79.184; -345.008; -401.986
786.123;  -14.106; -639.008; -583.986
786.380;  -91.954; -665.008; -604.987
786.637;  -26.427; -225.007; -380.987
786.895;   24.425; -456.007; -543.987
787.152;  -44.648; -135.007; -267.988
787.409;  -50.870; -123.007; -225.988
787.666;  -83.493; -299.006; -378.988
787.923; -127.791; -616.006; -695.989
788.179;  -98.064; -551.006; -584.989
788.436; -106.887; -585.006; -585.990
788.693;  -18.859;  -92.006;  -87.990
788.950;  190.543; -125.005; -112.990
789.207;  410.720; -381.005; -372.991
789.464;  -48.378; -161.005; -301.991
789.720;   -3.701;  150.995;  110.009
789.977; -164.648;-1003.005; -671.992
790.234;  -30.196;   44.996;  -66.992
790.490; -148.094; -884.004;-1031.993
790.747;  -15.817;  -85.004;   22.007
791.004;    2.160; -426.004; -348.993
791.260;  -78.487; -430.004; -560.994
791.517;  -83.485; -843.003; -788.994
791.773;  -20.233; -379.003; -342.994
792.030; -110.931; -596.003; -660.995
792.286;  -89.429; -686.003; -636.995
792.543;  -23.376;  -74.002; -159.995
792.799;  -51.524; -584.002; -382.996
793.055; -158.947;-1179.002;-1210.996
793.312;  -87.445; -827.002; -816.997
793.568;  -66.243; -746.002; -599.997
793.824;   27.435; -226.001; -284.997
794.081;   20.512; -447.001; -508.998
794.337;   63.814; -664.001; -561.998
794.593; 1095.116; -319.001; -271.999
794.849; 7033.043; -746.001; -772.999
795.105;  439.146; -270.000; -261.999
795.361;   18.298; -490.000; -457.000
795.617;  -63.900; -875.000; -945.000
795.873;  -42.125; -360.000; -407.000
796.129;  -30.625; -368.000; -306.000
796.385;  -36.625; -124.000; -156.000
796.641;   69.425;  412.000;  550.000
796.897;  -73.350; -666.000; -635.000
797.153;   67.750;  453.000;  357.000
797.409;  -83.200; -785.000; -868.000
797.665;  -67.525; -625.000; -732.000
797.921;  -46.600; -775.000; -762.000
798.176;  -22.075; -744.000; -747.000
798.432;  -11.000; -824.000; -596.000
798.688;  -63.150;-1174.000;-1078.000
798.943;  119.625; -165.000; -147.000
799.199;   49.050;-1005.000; -959.000
799.455;  262.975;  369.000;  316.000
799.710;  185.275; -813.000; -380.000
799.966;  382.550; -162.000; -160.000
800.221;  601.950; -638.000; -721.000
800.477;11932.875; -743.000; -710.000
800.732;13439.850; -773.000; -800.000
800.988;  806.375;  205.000;  -19.000
801.243; 1542.775; -454.000; -344.000
801.498; 8215.725; -814.000; -739.000
801.754;  564.750; -289.000; -163.000
802.009;  101.725; -257.000; -335.000
802.264;  -22.725; -967.000;-1033.000
802.520;   37.575;  222.000;   -3.000
802.775;  -54.250; -524.000; -359.000
803.030;   54.375;  395.000;  356.000
803.285; -119.750; -840.000; -903.000
803.540;  -55.400; -686.000; -699.000
803.795;  -10.700; -648.000; -583.000
804.051;  -17.975; -279.000; -346.000
804.306;   36.725;  168.000;  128.000
804.561;  181.650;  451.000;  362.000
804.816;  137.225;  714.000;  861.000
805.071;   21.875; -185.000; -280.000
805.325;  348.325; -257.000; -427.000
805.580;  -66.300; -841.000; -877.000
805.835;  -14.550; -204.000; -297.000
806.090;  -64.100; -760.000; -676.000
806.345;   -3.825; -344.000; -264.000
806.600;    3.475; -549.000; -632.000
806.854;   -8.575; -408.000; -538.000
807.109;   -4.675; -493.000; -577.000
807.364;    8.700; -407.000; -328.000
807.618;   18.000; -415.000; -381.000
807.873;   76.075; -470.000; -494.000
808.128;  143.975; -257.000; -518.000
808.382;  145.550; -224.000; -332.000
808.637;  100.900; -440.000; -511.000
808.891;  205.950; -257.000; -180.000
809.146;  149.800; -902.000; -794.000
809.400;  312.900; -848.000; -923.000
809.654;  428.175; -779.000; -551.000
809.909;  569.650; -841.000; -927.000
810.163; 6795.750; -813.000; -651.000
810.418;22596.375; -940.000; -861.000
810.672; 1347.200; -685.000; -690.000
810.926;  716.600; -993.000; -973.000
811.180; 1265.975; -439.000; -372.000
811.434;27333.250;  240.000;  135.000
811.689;14240.425; -231.000; -365.000
811.943;  722.550; -936.000; -953.000
812.197;  334.725; -893.000; -671.000
812.451;  133.800; -379.000; -514.000
812.705;   -8.900; -809.000; -619.000
812.959;   -3.200; -263.000; -388.000
813.213;    9.375; -283.000; -209.000
813.467;   63.675;  470.000;  253.000
813.721;  -93.975; -764.000; -792.000
813.975; -118.875; -826.000; -877.000
814.229;   40.875;  430.000;  353.000
814.482;  -74.050; -517.000; -566.000
814.736; -108.100; -766.000; -744.000
814.990; -129.975; -779.000; -872.000
815.244;  -48.625; -228.000; -285.000
815.497;  -85.525; -636.000; -601.000
815.751;  -11.500; -141.000;   82.000
816.005;  -69.775; -470.000; -586.000
816.258;  -63.000; -510.000; -363.000
816.512; -114.325; -693.000; -610.000
816.766;   -0.250;  121.000;  157.000
817.019;   29.725;  148.000;  149.000
817.273;  -87.375;-1000.000; -802.000
817.526;  -42.850; -206.000; -173.000
817.779;   13.475;-1049.000; -960.000
818.033;  -21.050; -693.000; -807.000
818.286; -109.300; -725.000; -792.000
818.540;  -73.500; -403.000; -403.000
818.793;  -83.175; -402.000; -489.000
819.046; -104.100; -582.000; -520.000
819.299;  -40.725; -157.000; -166.000
819.553; -124.725; -552.000; -592.000
819.806; -157.600;-1016.000; -838.000
820.059;  -64.800; -334.000; -354.000
820.312;   22.125;  152.000;  185.000
820.565;  -21.025;  110.000;  -27.000
820.818;  -55.375;  -59.000; -173.000
821.071; -159.550;-1041.000; -957.000
821.324;  -94.925; -536.000; -540.000
821.577; -103.075; -457.000; -483.000
821.830;  -58.125; -270.000; -172.000
822.083; -131.600; -733.000; -288.000
822.336;  -45.025; -261.000; -167.000
822.589; -129.050; -805.000; -688.000
822.842; -116.500; -875.000; -770.000
823.094; -166.175;-1076.000;-1114.000
823.347; -125.550; -925.000; -729.000
823.600;    4.100;  402.000;  187.000
823.853;  -35.300; -311.000; -267.000
824.105;  -56.050; -331.000; -575.000
824.358;  -96.725; -617.000; -716.000
824.611;   22.725;  234.000;   40.000
824.863;  -12.525; -612.000; -591.000
825.116;   74.425;  -33.000;   27.000
825.368;  142.550; -366.000; -372.000
825.621;  254.750; -186.000; -240.000
825.873;  143.700; -704.000; -737.000
826.126;  683.550; -669.000; -641.000
826.378;14397.175; -389.000; -505.000
826.630; 4837.350; -890.000; -898.000
826.883;  132.150; -754.000; -693.000
827.135;   96.825; -279.000; -270.000
827.387;  -88.975; -893.000; -839.000
827.639;  -13.550;  -86.000;   32.000
827.892; -123.650; -742.000; -582.000
828.144; -139.150; -848.000; -804.000
828.396;  -26.550;  104.000;  -80.000
828.648;  -93.725; -440.000; -333.000
828.900; -149.750; -702.000; -795.000
829.152; -112.675; -684.000; -683.000
829.404;  -51.975; -215.000; -267.000
829.656;  -16.125;  321.000;  214.000
829.908;  -28.625;  393.000;  229.000
830.160; -163.450;-1064.000;-1047.000
830.412;  -76.875; -481.000; -430.000
830.664; -118.925; -557.000; -665.000
830.916;  -81.775; -268.000; -206.000
831.167; -171.400;-1073.000; -951.000
831.419; -104.125; -623.000; -566.000
831.671; -159.275; -764.000; -809.000
831.923;  -79.575; -311.000; -447.000
832.174;  -82.275; -273.000; -331.000
832.426; -116.150; -493.000; -582.000
832.678; -186.575;-1043.000;-1091.000
832.929; -154.025; -947.000; -935.000
833.181;  -49.475; -575.000; -677.000
833.432;  -42.075;  -59.000; -186.000
833.684;  -34.000;  112.000;  -27.000
833.935; -121.600; -610.000; -566.000
834.187; -127.800; -829.000; -823.000
834.438;  -58.900;  -58.000;  -25.000
834.689;  -60.800; -255.000; -123.000
834.941;  -43.300; -343.000; -244.000
835.192;  -92.700; -590.000; -533.000
835.443;  -85.450; -419.000; -506.000
835.695;   -8.450;  138.000;  -16.000
835.946;  -92.900; -608.000; -378.000
836.197;  -96.475; -599.000; -622.000
836.448;  -76.725; -528.000; -395.000
836.699;  -52.650; -253.000; -341.000
836.950;   -3.200;   72.000;    7.000
837.201; -149.375;-1003.000; -987.000
837.452;  -43.075; -356.000; -170.000
837.703; -100.225; -791.000; -737.000
837.954;  -22.425; -205.000; -365.000
838.205;  -42.975;-1029.000;-1008.000
838.456;  271.200; -196.000; -282.000
838.707;   41.750; -423.000; -519.000
838.958;   48.700; -634.000; -647.000
839.209;  405.600;   18.000;   40.000
839.460;  176.075; -439.000; -201.000
839.710;  239.750; -135.000; -297.000
839.961;  530.550;  730.000;  612.000
840.212;  452.975; -382.000; -497.000
840.462; 1290.650; -328.000; -277.000
840.713;20869.375; -571.000; -536.000
840.964;11067.000;  -62.000; -143.000
841.214;  725.225; -384.000; -624.000
841.465;  713.800; -214.000; -141.000
841.715;  657.600; -417.000; -380.000
841.966;  789.775; -746.000; -685.000
842.216; 8768.725; -330.000; -431.000
842.466;42262.625; -169.000; -313.000
842.717; 3203.775; -964.000; -952.000
842.967;  408.975; -635.000; -641.000
843.217;  351.250;   20.000;   28.000
843.468;  109.700; -104.000; -132.000
843.718;   -4.925; -718.000; -726.000
843.968;  -73.025; -837.000; -765.000
844.218;   45.600; -315.000; -262.000
844.469;  -10.325; -577.000; -561.000
844.719; -100.025; -537.000; -682.000
844.969;  -84.525; -550.000; -580.000
845.219; -142.325; -814.000; -862.000
845.469;  -63.450; -392.000; -342.000
845.719; -126.825; -792.000; -884.000
845.969;   -9.600;  119.000;  174.000
846.219; -120.000; -738.000; -720.000
846.469;   27.425;  464.000;  432.000
846.718;  -53.150; -115.000;   31.000
846.968; -107.675; -827.000; -827.000
847.218;  -47.675; -224.000; -371.000
847.468;    2.950; -586.000; -555.000
847.718; -129.850; -827.000; -798.000
847.967; -121.325; -826.000; -915.000
848.217;  -79.875; -449.000; -569.000
848.467;  -46.650; -405.000; -376.000
848.716;  -95.600; -708.000; -725.000
848.966;   31.625; -372.000; -358.000
849.215;  -23.875; -428.000; -419.000
849.465;  -76.275; -785.000; -615.000
849.714; -108.025;-1132.000;-1150.000
849.964;  -39.950; -551.000; -613.000
850.213;    2.775; -393.000; -355.000
850.463;  104.975;  137.000;  340.000
850.712;   41.675; -542.000; -567.000
850.961;   74.325; -739.000; -678.000
851.211;  179.725; -513.000; -504.000
851.460;  276.375; -635.000; -650.000
851.709;  722.175;  -25.000;   18.000
851.958;12054.050; -912.000; -750.000
852.208;19334.675; -859.000; -879.000
852.457;  796.175; -181.000;  -13.000
852.706;  163.225; -791.000; -823.000
852.955;   89.750; -507.000; -528.000
853.204;  -60.150; -521.000; -461.000
853.453;  -68.250; -418.000; -458.000
853.702; -133.750; -660.000; -750.000
853.951;  -99.700; -532.000; -520.000
854.200; -119.400; -613.000; -562.000
854.449; -130.450; -695.000; -661.000
854.698; -106.750; -340.000; -279.000
854.946;  -66.725; -181.000; -284.000
855.195; -140.025; -843.000; -868.000
855.444;  -96.125; -395.000; -420.000
855.693; -128.925; -345.000; -432.000
855.941;  -83.550; -387.000; -516.000
856.190;  -44.400; -256.000; -382.000
856.439; -124.700; -652.000; -703.000
856.687;  -65.375;  -99.000;  -72.000
856.936; -111.350; -621.000; -323.000
857.184; -181.725;-1067.000;-1020.000
857.433; -107.825; -423.000; -512.000
857.681; -151.425; -989.000; -953.000
857.930;  -77.600; -282.000; -433.000
858.178; -160.150; -856.000; -929.000
858.427; -149.625; -802.000; -781.000
858.675; -122.900; -377.000; -544.000
858.923; -114.875; -527.000; -819.000
859.172; -183.725;-1094.000;-1070.000
859.420;  -89.200; -339.000; -239.000
859.668; -133.075; -624.000; -628.000
859.916;  -25.000;  109.000;  115.000
860.164; -110.625; -699.000; -603.000
860.413;  425.175; -878.000; -696.000
860.661;  468.600; -709.000; -577.000
860.909;  -61.625; -339.000; -325.000
861.157;  -81.675; -277.000; -444.000
861.405; -112.525; -534.000; -670.000
861.653;   15.550;  310.000;  310.000
861.901;  273.525; -543.000; -613.000
862.149;  110.150; -801.000; -824.000
862.396;  -78.550; -297.000; -187.000
862.644;  -97.550; -368.000; -347.000
862.892;  -38.700;   98.000;  138.000
863.140; -109.100; -549.000; -530.000
863.388; -168.675; -815.000; -759.000
863.635; -129.650; -642.000; -601.000
863.883;  -20.200;  231.000;  190.000
864.131;  -93.625; -288.000; -357.000
864.378; -131.825; -675.000; -540.000
864.626; -102.275; -347.000; -415.000
864.873; -113.300; -556.000; -505.000
865.121; -138.025; -714.000; -799.000
865.368;  -46.225; -173.000;   75.000
865.616;  -56.250;  -33.000;  -40.000
865.863;  -64.850; -462.000; -506.000
866.111;  -97.675; -795.000; -824.000
866.358;   58.300; -426.000; -420.000
866.605; 2445.725;  -64.000; -804.000
866.853; 3318.925; -621.000; -537.000
867.100;   22.400; -728.000; -775.000
867.347;  -79.200; -672.000; -611.000
867.594;  -66.900; -740.000; -714.000
867.841;  142.750;   97.000;   17.000
868.089; -152.500; -746.000; -698.000
868.336; -107.850; -477.000; -420.000
868.583; -130.975; -637.000; -741.000
868.830;  -52.375; -131.000; -170.000
869.077; -154.425; -859.000; -787.000
869.324; -126.250; -502.000; -458.000
869.571; -133.525; -398.000; -430.000
869.818; -113.125; -485.000; -439.000
870.065; -101.100; -439.000; -513.000
870.311; -111.275; -456.000; -542.000
870.558; -109.025; -332.000; -311.000
870.805;  -93.800; -320.000; -384.000
871.052; -111.775; -494.000; -369.000
871.298;  -50.925; -204.000; -131.000
871.545;  -71.325; -151.000; -185.000
871.792;  -82.050; -173.000; -222.000
872.038;  -74.200;   43.000; -126.000
872.285; -126.700; -496.000; -387.000
872.532; -101.475; -357.000; -387.000
872.778;    9.675;  556.000;  403.000
873.025; -104.000; -384.000; -359.000
873.271;   20.850;  501.000;  578.000
873.517;  -15.625; -133.000; -209.000
873.764;  -17.300; -193.000;  -80.000
874.010;  -69.950; -143.000; -230.000
874.257;  -34.675;  123.000;   90.000
874.503; -135.550; -579.000; -479.000
874.749;  -76.275;   31.000;  275.000
874.995;  -71.825;  -80.000;  -20.000
875.242; -126.300; -540.000; -478.000
875.488; -100.725; -414.000; -439.000
875.734;  -42.300; -106.000; -234.000
875.980;  298.225; -872.000;-1032.000
876.226;  664.950; -157.000; -255.000
876.472;   -6.275;  343.000;  237.000
876.718;  -43.250;  184.000;  158.000
876.964;  -50.900;   56.000;   55.000
877.210; -148.125; -547.000; -677.000
877.456; -153.250; -630.000; -557.000
877.702; -166.175; -821.000; -832.000
877.948; -108.350; -377.000; -497.000
878.193;    7.525;  361.000;  255.000
878.439;  -88.225; -487.000; -472.000
878.685; -100.175; -272.000; -343.000
878.931; -126.525; -618.000; -676.000
879.176;  -95.200; -201.000; -201.000
879.422; -172.075; -933.000; -820.000
879.668;   21.000;   10.000;   79.000
879.913;  245.325;   53.000;  137.000
880.159;  -52.475; -112.000;  -17.000
880.404;  -70.025; -152.000; -162.000
880.650;  -40.200;   91.000;  141.000
880.895; -156.625; -670.000; -710.000
881.141; -113.625; -454.000; -428.000
881.386; -158.900; -503.000; -658.000
881.631;  -85.825; -311.000; -166.000
881.877;  -47.750;  112.000;  -13.000
882.122; -137.775; -684.000; -600.000
882.367;  -83.275; -136.000; -186.000
882.612;  -75.300;  -80.000; -176.000
882.858; -174.825; -877.000; -823.000
883.103; -103.375; -297.000; -267.000
883.348; -150.100; -759.000; -852.000
883.593; -152.025; -677.000; -602.000
883.838;  -54.925; -311.000;  -24.000
884.083;   45.125;  353.000;  288.000
884.328;  -96.925; -564.000; -545.000
884.573;  -48.825; -196.000; -143.000
884.818;  315.325; -694.000; -531.000
885.063;  385.275; -348.000; -315.000
885.308;  -79.200; -475.000; -398.000
885.553;  -15.400;  245.000;  325.000
885.797; -137.900; -545.000; -615.000
886.042;  -66.675;    8.000;   58.000
886.287;  -99.525; -253.000; -211.000
886.532;  -56.700;   26.000;  204.000
886.776; -105.175; -407.000; -525.000
887.021; -136.100; -621.000; -574.000
887.265; -156.850; -685.000; -689.000
887.510; -135.875; -557.000; -496.000
887.755;  -89.175; -194.000; -164.000
887.999; -146.850; -552.000; -575.000
888.244;  -73.225;  -58.000;  161.000
888.488;  -22.700;  371.000;  393.000
888.732; -127.225; -368.000; -520.000
888.977; -123.500; -622.000; -567.000
889.221; -143.775; -683.000; -659.000
889.465; -121.975; -422.000; -566.000
889.710;  -92.525;  -56.000; -299.000
889.954;   -7.100;  579.000;  467.000
890.198; -152.925; -584.000; -707.000
890.442; -145.400; -716.000; -712.000
890.687; -158.850; -800.000; -753.000
890.931; -105.475; -273.000; -210.000
891.175; -136.600; -502.000; -500.000
891.419;  -88.075; -105.000; -110.000
891.663;  -90.300; -239.000; -112.000
891.907; -166.450; -801.000; -545.000
892.151; -172.725; -920.000; -815.000
892.395; -112.075; -274.000; -387.000
892.638;  -32.575;  408.000;  291.000
892.882; -169.000; -780.000; -867.000
893.126;   -3.050;  758.000;  558.000
893.370;  -88.100; -167.000; -168.000
893.614; -147.575; -714.000; -715.000
893.857; -107.925; -183.000; -197.000
894.101; -142.000; -527.000; -631.000
894.345;  -64.775;  300.000;  150.000
894.588;    0.450;  569.000;  380.000
894.832;  -93.700; -178.000;  -84.000
895.075;  -87.800;   15.000;  -92.000
895.319; -130.225; -552.000; -420.000
895.563; -115.025; -413.000; -353.000
895.806; -140.325; -628.000; -741.000
896.049;  -52.075; -576.000; -368.000
896.293;  134.700;  527.000;  405.000
896.536;  -38.975; -465.000; -468.000
896.779;  -45.325; -149.000;   -1.000
897.023; -120.700; -751.000; -714.000
897.266;  -41.050;  325.000;  269.000
897.509; -190.425; -900.000; -901.000
897.752;  -43.025;  149.000;  171.000
897.996; -188.750; -972.000; -864.000
898.239;  -49.425;  168.000;  102.000
898.482; -121.000; -431.000; -453.000
898.725;  -21.825;  101.000;   53.000
898.968; -147.800; -609.000; -744.000
899.211; -109.625; -513.000; -361.000
899.454; -115.575; -633.000; -539.000
899.697;  -66.050;   90.000;  -43.000
899.940; -180.250; -761.000; -757.000
900.182; -106.500; -335.000; -405.000
900.425; -112.550; -150.000; -298.000
900.668;  -27.225;  491.000;  350.000
900.911; -116.150; -292.000; -345.000
901.154;  -62.975;  141.000;   -3.000
901.396; -146.925; -407.000; -412.000
901.639; -125.925; -430.000; -496.000
901.882; -183.975; -790.000; -809.000
902.124;  -99.000;  -29.000; -143.000
902.367; -117.725; -315.000; -361.000
902.609; -136.875; -476.000; -453.000
902.852;  -95.725; -108.000; -260.000
903.094; -125.075; -458.000; -337.000
903.337;  -64.675;  -26.000;   53.000
903.579; -109.900; -228.000; -441.000
903.821; -174.850; -597.000; -744.000
904.064;  -50.025;   85.000;  127.000
904.306;  -84.200; -126.000; -166.000
904.548; -105.175; -152.000; -366.000
904.790; -101.475; -195.000; -340.000
905.033; -121.800; -625.000; -577.000
905.275; -126.050; -513.000; -524.000
905.517;   55.525;  468.000;  256.000
905.759;  -27.375; -667.000; -761.000
906.001;  -97.625; -322.000; -369.000
906.243;  -59.775; -162.000; -224.000
906.485;  172.775; -265.000; -207.000
906.727;  265.525; -499.000; -542.000
906.969;    0.175;  -30.000; -135.000
907.211;  189.825; -316.000; -382.000
907.453;  462.275; -188.000; -237.000
907.695;   87.925; -158.000; -385.000
907.936;   38.500;  818.000;  706.000
908.178;  -81.150;   92.000; -135.000
908.420;  -59.550; -111.000; -162.000
908.662; -129.325; -633.000; -682.000
908.903;  -91.225; -208.000; -123.000
909.145;  -76.500; -240.000; -305.000
909.386;   -6.850;  315.000;  280.000
909.628;   29.625;  363.000;  397.000
909.870;   -4.225;   29.000;  264.000
910.111;  -98.725; -809.000; -949.000
910.353;   11.200; -123.000; -161.000
910.594;    1.850; -574.000; -606.000
910.835;   68.650; -265.000; -326.000
911.077;  145.550; -503.000; -604.000
911.318;  280.225; -505.000; -471.000
911.559;  457.225; -577.000; -880.000
911.801; 1241.600; -284.000; -280.000
912.042; 8920.975;  -50.000; -159.000
912.283;27435.700;  404.000;  371.000
912.524; 5393.475; -396.000; -457.000
912.765;  546.650; -193.000;   79.000
913.006;  244.075; -307.000; -338.000
913.247;   54.325; -270.000; -290.000
913.488;    6.300;  -43.000;   30.000
913.729;  -72.625; -373.000; -373.000
913.970;  -66.150;  -96.000; -292.000
914.211;  -79.675; -160.000; -198.000
914.452;  -62.475; -118.000;  -11.000
914.693;   -3.175;  510.000;  592.000
914.934;   -9.025;  510.000;  440.000
915.175;  -59.275;   53.000;  -95.000
915.415;  -74.100; -137.000;   27.000
915.656;  -62.825;  -28.000;  192.000
915.897;  -82.400; -252.000;  -82.000
916.137;  -77.925;   74.000;   -9.000
916.378; -129.725; -573.000; -517.000
916.619;  -90.775; -159.000;  -63.000
916.859;  -34.650;  303.000;  330.000
917.100;  121.500; 1655.000; 1070.000
917.340;   43.425;  930.000;  728.000
917.581;   53.175;  965.000;  789.000
917.821;    4.300; -171.000;  143.000
918.061;   56.375; -199.000;  -72.000
918.302;  -40.600; -152.000; -211.000
918.542;   -9.750;  -22.000;    3.000
918.782;   44.575;  369.000;  377.000
919.023;  163.550;  360.000;  427.000
919.263; 1938.000; 8131.000;  202.000
919.503; 1795.475; -137.000;  -54.000
919.743;  916.975;  390.000;  266.000
919.983;  481.625; -134.000;  -26.000
920.223;  134.075;  135.000;   14.000
920.463;  186.900;  631.000;  554.000
920.703;  173.050;   84.000;   39.000
920.943;  238.050; -110.000;   90.000
921.183;  347.000; -414.000; -405.000
921.423;  645.425;  307.000;  546.000
921.663;  942.675; -174.000; -257.000
921.903; 1945.175;  237.000;  173.000
922.143;10051.650;  372.000;  389.000
922.383;41887.375;  158.000;  115.000
922.622;18055.975; -120.000;  -15.000
922.862; 1833.275;  796.000;  785.000
923.102;  667.025;  -51.000;   33.000
923.341;  300.000;   59.000;   74.000
923.581;  133.050;  450.000;  360.000
923.821;   52.750;  301.000;  398.000
924.060;    7.275;  351.000;  193.000
924.300;  -42.150;  -16.000; -128.000
924.539;  -17.925;  584.000;  473.000
924.779;   25.050;  812.000;  597.000
925.018;  -46.100;  247.000;  353.000
925.257;   -8.775;  595.000;  666.000
925.497;  -47.725;  447.000;  412.000
925.736;  -91.125;  -35.000;  102.000
925.975;    2.600;  687.000;  669.000
926.214;   23.575;  907.000;  850.000
926.454;    4.775;  706.000;  757.000
926.693;  -25.625;  419.000;  543.000
926.932;   36.750; 1021.000;  825.000
927.171;   73.025; 1107.000; 1044.000
927.410;   39.750; 1144.000;  967.000
927.649;   28.300;  924.000;  742.000
927.888;  -21.075;  590.000;  564.000
928.127;   -4.825;  680.000;  678.000
928.366;   34.125;  842.000;  826.000
928.605;   48.625;  831.000;  737.000
928.844;  266.450; 1451.000; 1393.000
929.083;  831.825;  770.000;  613.000
929.321;  477.100; 1335.000; 1359.000
929.560;  110.100; 1158.000; 1122.000
929.799;  -21.200;  574.000;  475.000
930.038;   86.225; 1025.000; 1394.000
930.276;  -45.875;  334.000;  397.000
930.515;   -3.650;  827.000;  681.000
930.753;  -17.050;  614.000;  589.000
930.992;  -20.775;  664.000;  717.000
931.230;    3.450;  847.000;  847.000
931.469;  169.600; 2162.000;  892.000
931.707;   81.525;  840.000;  751.000
931.946;   68.925; 1278.000; 1344.000
932.184;   56.850; 1437.000; 1175.000
932.423;   37.800; 1265.000;  963.000
932.661;   89.400; 1296.000; 1428.000
932.899;   26.100;  987.000;  821.000
933.137;   20.875;  754.000;  564.000
933.376;  168.475; 1664.000; 1335.000
933.614;  173.450; 1759.000; 1196.000
933.852;   56.950; 1357.000; 1171.000
934.090;  135.850; 1722.000; 1747.000
934.328;  113.200; 1252.000; 1457.000
934.566;  110.250; 1431.000; 1110.000
934.804;  159.400; 1263.000; 1309.000
935.042;  539.350; 1861.000; 1850.000
935.280; 2264.975; 2088.000; 2063.000
935.518; 2555.600; 2113.000; 2007.000
935.756;  504.400; 2481.000; 2316.000
935.994;  202.700; 1808.000; 1751.000
936.231;  408.050; 2890.000; 2950.000
936.469;  222.025; 2367.000; 2378.000
936.707;  169.550; 2220.000; 2167.000
936.945;  222.775; 2825.000; 2882.000
937.182;  214.025; 2679.000; 2741.000
937.420;  292.225; 3602.000; 3031.000
937.657;  446.675; 3365.000; 3478.000
937.895;  399.900; 3331.000; 3488.000
938.133;  316.700; 3540.000; 3528.000
938.370;  331.050; 3896.000; 4191.000
938.607;  381.375; 4488.000; 4205.000
938.845;  547.425; 5587.000; 5549.000
939.082;  484.375; 5387.000; 5177.000
939.320;  529.300; 5799.000; 5728.000
939.557;  647.850; 6549.000; 6491.000
939.794;  727.075; 7285.000; 7097.000
940.031;  916.700; 8421.000; 8368.000
940.269; 1168.425; 9552.000; 9107.000
940.506; 1142.925;10901.000;10507.000

