
Integration time [ms]: 100.000
Averaging Nr. [scans]: 40
Smoothing Nr. [pixels]: 0
Data measured with spectrometer [name]: 2101013U2
Wave   ;Sample   ;Dark     ;Reference
[nm]   ;[counts] ;[counts] ;[counts] 

394.013;   43.897; -450.257; -315.536
394.305;  166.520; -461.258; -419.536
394.596; 1109.867; -676.269; -527.514
394.887; 2765.558; -796.268; -654.518
395.178; 1056.914;  145.736;   11.476
395.470;   80.000; -210.263; -356.526
395.761;  174.473;  305.734;  394.479
396.052;  228.991; -545.284; -306.489
396.343;  238.011; -557.276; -454.503
396.634;   91.180; -200.279; -290.497
396.926;   92.406; -618.268; -565.517
397.217;   99.791;   11.725;  -17.504
397.508;   44.957; -366.273; -154.507
397.799;   31.680; -555.279; -571.497
398.090;   -4.751; -973.280; -902.495
398.381;  103.441;   11.708;  -11.473
398.672;  -16.132; -585.292; -742.473
398.963;   27.861; -348.279; -373.498
399.254;   94.677;   54.709; -209.475
399.545;  -40.405;-1017.266; -883.520
399.836;   50.275; -407.277; -343.501
400.127;   48.043; -205.295; -209.468
400.418;   48.426; -423.274; -392.506
400.709;   43.811; -359.281; -333.493
401.000;   49.506; -268.291; -309.476
401.290;  104.454;  225.698;  115.545
401.581;   62.499; -166.286; -228.485
401.872;    7.365; -542.298; -486.462
402.163;   50.860; -313.296; -252.467
402.454;   82.402; -123.291; -163.475
402.744;   68.227; -844.297; -813.465
403.035;  394.108; -226.293;  -86.471
403.326;  527.720; -366.292; -384.474
403.617;  345.559;  204.701;  165.539
403.907;  257.297; -593.283; -679.490
404.198; 2423.083; -545.307; -599.446
404.489; 6301.627; -618.283; -588.491
404.779; 2090.208; -618.302; -660.456
405.070;  234.486;  -67.304; -174.451
405.360;  325.185; -259.293; -238.472
405.651;  360.344;  125.699;   98.542
405.942;  186.444;  209.714;  127.516
406.232;  237.409; -432.285; -413.487
406.523;  430.178;  641.706;  758.530
406.813;   89.347; -579.286; -644.484
407.104;  313.065;  261.708;  144.527
407.394;  161.360; -604.299; -591.462
407.685;  145.583;  336.715;  222.513
407.975;   42.001; -400.283; -382.490
408.265;  111.942; -134.289; -190.478
408.556;   71.049; -472.291; -459.475
408.846;  162.028;  474.706;  429.530
409.137;   71.725;   -1.288; -216.480
409.427;   62.784; -193.285; -271.487
409.717;   27.685; -776.273; -692.508
410.007;  141.352;    4.715; -170.486
410.298;   85.220; -360.295; -342.469
410.588;   51.106; -495.285; -510.486
410.878;   35.561; -792.287; -873.482
411.168;  120.567; -481.298; -478.463
411.459;  117.395; -295.283; -242.489
411.749;   48.648; -609.292; -507.474
412.039;   58.098; -755.289; -386.480
412.329;  192.118;   40.722;  132.501
412.619;  199.847;  -62.286; -148.485
412.909;  368.595;  639.711;  594.521
413.199;  312.700; -130.280; -251.495
413.490;  375.835;  521.710;  352.523
413.780;  139.329;-1013.279; -913.496
414.070;  328.312;  -46.276;  235.497
414.360;  366.564; -729.278; -666.498
414.650;  409.032; -726.288; -688.482
414.940;  539.678; -538.280; -441.496
415.230;  917.554;   50.712;   74.519
415.520; 6158.116;  155.730;   66.486
415.809;24218.461; -305.281; -125.493
416.099;18972.303; -388.277; -229.501
416.389; 5281.399;  435.726;  236.494
416.679; 3134.429;   91.738;   85.473
416.969;  528.166; -527.287; -503.483
417.259;  583.730;  341.721;  171.503
417.549;  677.010;  522.718;  318.508
417.838; 1684.833; -205.268; -147.518
418.128; 5535.890;  650.710;  492.522
418.418; 4702.566; -491.272; -579.509
418.708; 3149.574;    9.726;  -48.506
418.997;11794.795; -474.275; -480.505
419.287;12464.056; -733.273; -790.507
419.577;11767.870; -160.283; -123.489
419.866;38913.250; -588.277; -498.501
420.156;39739.337; -242.270;  -55.513
420.446; 7167.171; -112.263;  -26.526
420.735;  836.256; -376.271; -446.512
421.025;  832.389; 1830.722;  315.502
421.314;  651.379; -203.271; -226.512
421.604; 1249.575;   89.732;  233.484
421.893;  743.450; -705.271; -602.511
422.183;  224.546; -487.263; -461.526
422.472;  362.727;  -36.271; -107.511
422.762;  421.201; -416.266; -379.521
423.051;  245.738; -916.276; -916.503
423.341;  295.308; -491.273; -439.507
423.630;  403.757; -121.265;   15.477
423.919;  381.594;   58.725;   49.495
424.209;  374.752;  -31.263;   56.473
424.498;  493.105;   68.732;  161.483
424.787; 1100.636; -535.267; -601.518
425.077; 3368.680;   34.735;   29.478
425.366; 4639.332; -734.262; -744.528
425.655;10084.058;  639.727;  259.493
425.945;22357.611; -313.247; -268.554
426.234;12451.855;  117.741;  300.467
426.523; 5144.635;  -86.259; -350.534
426.812; 7001.846;  107.734;  159.480
427.101;10396.647; -127.269; -323.515
427.390;13042.716;  -55.270;  -86.514
427.680; 2810.480; -624.257; -411.538
427.969;  454.866; -330.255; -301.540
428.258;  303.396; -385.257; -477.536
428.547;  505.520;  449.728;  397.490
428.836; 1138.957; -421.253; -398.543
429.125; 1636.337; -199.259;  -72.534
429.414;  791.654; -330.251; -294.548
429.703; 3175.704; -231.251; -213.548
429.992; 9528.958; -938.250; -828.549
430.281; 6245.889; -397.264; -331.524
430.570;  567.995;  -21.252;   32.454
430.859;  506.860;  279.741;  352.466
431.148;  427.007;  636.752;  631.446
431.437;  289.144;  391.748;  367.454
431.725;  155.673; -544.257; -481.536
432.014;  117.364; -845.253; -756.545
432.303;  364.633; -149.239; -105.569
432.592;  570.046; -460.263; -178.525
432.881; 1067.683; -601.248; -437.554
433.169; 6367.216; -343.255;  -61.540
433.458;12878.066;  445.765;  540.424
433.747; 5396.588; -397.261; -289.529
434.036;  859.433; -275.242; -280.564
434.324; 2094.570; -395.249; -379.551
434.613; 3709.402;   40.757;  159.437
434.902; 1202.423;  333.760;  439.433
435.190;  492.281;   75.761;  295.431
435.479;  281.109;  -52.245;   83.441
435.767;   86.117; -411.244; -427.561
436.056;  198.054; -340.242; -294.563
436.345;  369.950; -372.240; -223.568
436.633;  390.766;   60.750;  383.450
436.922;  242.952;  208.760;  414.432
437.210;  495.406; -194.236;    1.426
437.499; 1589.214; -583.235; -432.576
437.787; 1786.431; -339.236;  -10.574
438.075;  464.112;   56.761;  162.430
438.364;  606.314;  -44.238;  250.429
438.652;  389.194; -286.226; -138.592
438.941;  126.058;    3.770;  269.415
439.229;  -10.083; -665.252; -466.545
439.517;   31.773; -160.234;  -85.577
439.806;  -13.090; -501.225; -290.595
440.094;  167.380;  377.766;  650.421
440.382;  151.909; -653.233; -302.580
440.670;  181.764; -361.235; -285.576
440.959;   26.802; -347.223; -170.599
441.247;   61.520; -151.229; -109.587
441.535;   76.771; -266.235;   31.423
441.823;   21.778; -497.234; -305.578
442.111;  177.174;  173.771;  327.412
442.400;  466.508; -628.245; -335.559
442.688; 1211.255; -111.234; -620.579
442.976;  835.740; -786.213; -450.617
443.264;   80.916; -324.224; -364.597
443.552;   77.295; -258.226;   51.408
443.840;  160.520;  602.765;  876.423
444.128;   96.058;  265.767;  269.420
444.416;    3.426; -694.228; -312.588
444.704;   15.907; -465.219;  -92.605
444.992;   75.198;   -0.226;  240.407
445.280;   34.459; -517.230;  -94.585
445.568;   29.818; -694.212; -396.618
445.856;  289.516; -174.221;  357.398
446.143;  667.478;  -54.220;   -7.604
446.431;  568.855;  -25.228;  625.411
446.719;  232.376;  489.783;  675.391
447.007;  165.728;  481.769;  705.416
447.295;  182.274;  597.777;  871.402
447.583;   75.117; -464.229;  -34.587
447.870;  134.113; -434.221; -202.601
448.158;  377.258; -104.230;  129.415
448.446;  289.029; -800.219; -338.604
448.733;  142.618;   13.776;  269.403
449.021;  240.318;   60.788;  341.382
449.309;  167.883; -296.210;  208.379
449.596;  217.872;  128.783;   59.392
449.884;  146.231; -571.222; -325.600
450.172;  146.835; -756.227; -406.590
450.459;  455.748;  645.786;  780.387
450.747; 2479.246; -411.218; -147.608
451.034; 7815.406;  493.772;  889.411
451.322; 6524.351; -413.214; -170.614
451.609;  553.794;  292.777;  508.403
451.897;  607.571; -550.203; -183.634
452.184; 1846.424; -622.223; -400.598
452.472; 1748.554;   97.792;  269.375
452.759;  326.605;  512.781;  864.395
453.047;   93.065; -407.212; -125.617
453.334;   54.637; -732.219; -216.606
453.621;   60.353; -438.214; -161.615
453.909;  121.513;   13.796;  384.368
454.196;   91.608; -299.199; -123.641
454.483;  184.984;  317.798;  540.364
454.771;  114.857; -215.208;  196.374
455.058;   30.560; -316.207;  102.374
455.345;  129.013;   71.807;  344.347
455.632;   75.364; -128.207;  235.373
455.919;   52.080;  -82.196;  182.354
456.207;  -56.588; -774.198; -450.642
456.494;  -14.154; -475.200;  -66.639
456.781;   11.329; -399.202; -198.635
457.068;   49.720; -253.206;  -29.628
457.355;  -18.479; -698.206; -401.629
457.642;   -9.048; -552.205; -290.630
457.929;    3.404; -778.194; -417.651
458.216;   56.191; -575.212; -354.617
458.503;  230.809; -173.193;  -19.652
458.790;  251.255; -864.208; -630.625
459.077;  273.059;  -77.202;  110.364
459.364;  802.897; -350.195; -210.649
459.651; 1708.468;  -46.206;  220.372
459.938;  800.020; -864.209; -665.623
460.225;  113.462;  132.799;  276.363
460.512;  -57.422; -836.197; -688.645
460.799;   93.369;  -32.218;  320.392
461.086;   64.425; -370.200; -251.640
461.372;   22.238; -509.198; -279.642
461.659;   94.032; -165.196;  108.354
461.946;   47.707; -445.193;  -54.651
462.233;  225.573;  842.800;  888.361
462.519;  338.195; -814.201; -464.639
462.806; 1020.053; -768.197; -497.645
463.093;  882.028; -445.191;  -66.656
463.380;  -30.306; -920.186; -824.664
463.666;   28.105; -259.197;  -18.646
463.953;   96.742; -406.195; -243.648
464.239;  189.067; -173.195;  -77.648
464.526;  368.478;  413.806;  743.350
464.813;  313.990; -565.190; -304.658
465.099;  331.333;  606.807;  607.348
465.386;  306.237;  903.807;  921.348
465.672;   12.128; -694.197; -522.645
465.959;   22.157; -598.188; -520.662
466.245;    9.187; -468.193; -359.652
466.532;   76.715; -109.195;   63.352
466.818;   53.244; -357.186; -216.664
467.104;  -15.716; -488.182; -415.672
467.391;  -23.809; -628.189; -459.658
467.677;   22.897; -289.186;    9.335
467.964;   17.223; -682.189; -471.660
468.250;   53.200; -331.186; -160.665
468.536;   67.443;   90.811;  180.341
468.822;  -48.763; -821.184; -574.668
469.109;  141.514;  351.827;  471.311
469.395;  176.447;  729.808;  787.346
469.681;  183.871;   46.811;  156.341
469.967; 1270.550; -699.188; -382.660
470.254; 2746.358; -494.188; -306.662
470.540; 1798.730; -601.196; -476.646
470.826;  256.870; -488.181; -397.675
471.112;  314.041;  288.816;  113.331
471.398;   80.545; -253.183;  -58.670
471.684;   26.948; -626.177; -447.680
471.970;  -14.426; -918.180; -981.675
472.256;   19.396; -521.192; -441.654
472.542;    4.650; -499.171; -434.691
472.828;   -8.420; -743.182; -607.672
473.114;   20.319; -380.166; -283.700
473.400;   -2.385; -504.175; -293.684
473.686;   22.175; -452.166; -400.701
473.972;   41.779; -230.174; -131.687
474.258;  -49.110; -925.173; -843.689
474.544;  196.915; -183.178;   -2.679
474.830;  327.141;  -65.175;   45.316
475.116;  505.816; -123.190; -196.658
475.401;  681.126; -558.180; -467.676
475.687;  201.350; -725.180; -718.676
475.973;   -2.062; -673.181; -770.673
476.259;  222.894;  736.825;  764.315
476.544;  369.381; -539.176; -437.682
476.830;  847.571; -398.172; -322.690
477.116;  763.805; -430.177; -336.682
477.401;  137.176;  346.820;  358.324
477.687;  -18.035; -289.175; -405.684
477.973;   34.016;   21.819;   28.326
478.258;    1.170; -448.163; -348.706
478.544;   49.755;   21.815;   61.334
478.829;  -70.044; -818.171; -738.692
479.115;  -50.879; -749.172; -651.690
479.401;   -4.725; -444.174; -449.686
479.686;   36.274; -253.180;  -74.676
479.972;  -18.555; -886.178; -776.680
480.257;   30.320; -258.166;  -65.700
480.542;   -8.590; -614.170; -469.693
480.828;  226.413; 1288.824; 1392.317
481.113;  -30.814; -464.176; -426.683
481.399;  -17.481; -236.161; -202.711
481.684;  -61.780; -620.166; -462.700
481.969;    5.758; -158.159;  -73.713
482.255;   -3.280; -439.169; -285.695
482.540;   -4.180; -569.178; -441.680
482.825;   15.964; -395.187; -404.663
483.110;   93.424;  -85.169; -105.696
483.396;  200.604; -840.157; -652.718
483.681;  526.454;  543.826;  730.313
483.966;  155.327; -696.160; -700.712
484.251;    6.028; -404.174; -310.687
484.536;  -13.045; -356.165; -378.703
484.822;    8.106; -205.173; -218.687
485.107;  -41.133; -599.152; -502.726
485.392;  119.986;  662.836;  541.296
485.677;   72.658;  354.832;  163.302
485.962;   88.877;  160.843;  270.283
486.247;   82.253;  -14.162;   -8.707
486.532;   38.521; -178.166; -325.701
486.817;  159.189;  381.839;  431.291
487.102;   94.450; -453.154; -514.722
487.387;  691.081; -637.156; -652.718
487.672; 1223.191; -154.164;  -38.705
487.957;  781.621; -394.160; -286.711
488.241;  196.659; -290.150; -314.729
488.526;  782.244; -280.152; -148.726
488.811; 1227.447; -881.177; -818.680
489.096;  899.553; -666.154; -702.723
489.381;  498.815;    3.847;  162.275
489.666;  406.694; -428.161; -510.710
489.950;  175.631;  558.846;  627.277
490.235;  -21.296; -480.151; -458.728
490.520;  -51.482; -756.161; -723.710
490.804;  -61.642; -827.156; -736.719
491.089;  -28.800; -469.149; -299.732
491.374;   33.315; -132.164;  -75.704
491.658;  -12.064; -817.147; -717.735
491.943;  151.373; -657.152; -609.727
492.227;  225.796; -178.155;  -38.721
492.512;   53.276; -294.157; -341.717
492.797;  -78.657; -713.149; -716.731
493.081;  -55.236; -588.147; -598.735
493.366;  -44.480; -751.161; -635.711
493.650;  208.642;  831.859;  917.254
493.935;   21.535; -648.147; -447.734
494.219;  -50.421; -778.142; -687.743
494.503;  -56.387; -585.150; -487.730
494.788;   34.518;   46.842;   74.285
495.072;  106.760;  184.850;  434.271
495.356;  163.078; -463.148; -343.733
495.641;  465.045; -812.146; -736.736
495.925;  429.488; -976.156; -903.719
496.209;   27.724; -599.149; -451.732
496.494;  -58.870; -763.142; -544.744
496.778;    2.225; -364.154; -360.722
497.062;  -54.463; -819.156; -627.719
497.346;  -34.077; -869.160; -640.711
497.631;  139.231;  580.852;  560.266
497.915;   68.981;  -64.145;  175.261
498.199;   42.329; -341.157; -277.718
498.483;   26.667; -562.152; -508.725
498.767;  195.761;  301.850;  300.271
499.051;  192.647; -126.149; -100.732
499.335;   33.845; -693.149; -739.731
499.619;  -63.557; -381.129; -423.767
499.903;   18.620; -272.155;  -65.721
500.187;   13.882; -588.153; -316.724
500.471;   27.172; -796.152; -595.727
500.755;   87.993;   62.839;  -96.710
501.039;    8.220; -270.155; -357.721
501.323;   82.118;  -21.141;  264.254
501.607;   25.671; -447.163; -503.706
501.891;   -8.794; -607.156; -512.718
502.174;  -38.233; -726.144; -585.741
502.458;   71.376;   89.849;  370.273
502.742;   32.642; -180.138; -191.751
503.026;  102.685; -412.147; -254.734
503.310;  185.932; -437.159; -375.713
503.593;  123.462; -464.147; -325.735
503.877;  111.732; -232.133; -156.760
504.161;  165.460;    2.847;  -50.724
504.444;  120.895; -841.158; -710.716
504.728;  465.039; -487.164; -522.704
505.012;  742.108; -257.150;  -76.729
505.295;  545.994; -417.161; -212.711
505.579;  539.987; -256.156; -496.719
505.862;  780.877; -555.145; -333.738
506.146;  754.934; -681.159; -758.714
506.429;  414.234;  568.841;  461.286
506.713;   48.605; -732.151; -667.728
506.996;  314.675;   90.846;  295.278
507.280;  348.909; -633.165; -474.703
507.563;  234.543; -469.155; -261.721
507.847;   90.808; -423.153; -112.724
508.130;   89.745; -665.161; -456.711
508.413;  120.766; -758.167; -577.700
508.697;  249.891; -151.167;   12.300
508.980;  162.835; -422.153; -312.724
509.263;  -10.110; -466.155; -450.720
509.547;   36.158; -124.150;   82.271
509.830;   38.247; -172.160;  140.289
510.113;   89.662;  128.844;  298.281
510.396;   23.190; -530.152; -300.725
510.680;  117.703; -818.145; -812.738
510.963;  528.929;  184.846;  180.277
511.246;  443.916; -493.150; -357.730
511.529;  263.808; -482.145;  -83.739
511.812;  391.954; -250.134;   10.241
512.095;  281.952; -740.151; -396.728
512.378;   73.691; -317.147; -245.736
512.661;   12.275; -703.137; -623.753
512.944;   41.481; -750.142; -637.744
513.227;   52.097; -170.137; -171.752
513.510;   22.117; -479.144; -671.741
513.793;   20.898; -485.140; -435.747
514.076;  134.863;  -43.127;  -39.771
514.359;  108.050; -294.149; -135.732
514.642;   85.684; -442.142; -567.744
514.925;  791.721;  581.860;  561.253
515.208; 1045.550; -498.134; -443.758
515.491;  681.264; -276.133; -182.761
515.773;  402.771; -410.143; -337.742
516.056; 2144.631;  249.864;  409.246
516.339; 2940.885; -754.136; -652.755
516.622; 1880.988; -518.150; -488.730
516.904; 1133.928;  882.857;  975.257
517.187;  508.496; -730.138; -523.752
517.470;  378.401; -568.143; -510.743
517.752;  416.663; -624.136; -470.756
518.035;  376.383; -708.139; -725.749
518.318;  410.360; -799.136; -744.755
518.600; 2540.243; -300.132; -325.762
518.883; 3451.308;  310.858;   88.256
519.165; 1698.639; -585.138; -426.751
519.448;  388.817;  -61.132;  -19.762
519.730;  183.646; -573.126; -415.773
520.013;  288.335;  588.867;  664.240
520.295;  730.506;  -94.134;  -15.759
520.578; 1624.480; -335.131; -305.764
520.860; 1856.593; -254.132;   56.238
521.143; 1013.490; -763.135; -584.756
521.425;  470.384; -251.125; -279.775
521.707;  722.089; -622.127; -380.771
521.990; 1852.964; -199.127;  167.229
522.272; 2109.074; -116.140;   -4.748
522.554;  939.596; -237.143; -157.742
522.836;  350.204;  -24.134;   99.241
523.119;  218.109; -496.148; -189.734
523.401;  141.187; -448.130; -314.766
523.683;   92.700; -865.137; -693.753
523.965;  281.519;  408.862;  260.248
524.247;  286.630;   54.878;  170.220
524.529;  192.181; -451.134; -367.759
524.812;  354.214;   -3.130;  191.234
525.094;  881.993; -773.138; -631.751
525.376; 1420.118; -143.124;   78.223
525.658;  878.682; -441.136; -339.754
525.940;   35.602; -805.131; -671.764
526.222;   22.311; -188.136;  -88.755
526.504;   98.450; -190.131;   32.237
526.786;  155.258; -960.133; -647.760
527.068;  255.573; -124.123;  -67.778
527.349;   96.954; -865.137; -774.754
527.631;  121.542; -137.132;   22.238
527.913;  126.238; -664.127; -450.771
528.195;  172.852; -761.125; -639.774
528.477;  256.351;  -93.134;  -30.758
528.759;  147.914; -648.130; -522.766
529.040;   48.122; -569.123; -293.778
529.322;   53.154; -235.125;  -10.774
529.604;  126.041;  -47.130;   93.233
529.886;  110.870; -546.126; -302.773
530.167;  120.533;  232.870;  192.235
530.449;   39.140;    1.853;   63.265
530.731;   30.729; -572.122; -459.779
531.012;   77.225; -513.120; -216.784
531.294;   70.239; -118.116;  -43.792
531.575;  146.909;  290.875;  538.225
531.857;   51.245; -548.135; -266.757
532.138;   94.917; -113.141;   40.254
532.420;  163.617;  294.865;  403.244
532.701;  194.510; -722.133; -751.760
532.983;  314.213;  232.867;  182.239
533.264;  130.844; -243.126;  175.228
533.546;  -32.839; -491.136; -508.755
533.827;   45.907;  173.867;   -1.759
534.109;   29.620; -352.135;  -80.757
534.390;   95.596; -725.132; -582.762
534.671;  230.291; -270.135;  -82.756
534.953;  142.025; -751.123; -611.779
535.234;   25.624; -426.117; -255.789
535.515;  -83.267; -891.119; -735.785
535.796;  -22.941; -431.128; -193.770
536.078; -121.908;-1050.124; -904.777
536.359;   -2.500;  -22.123;    3.221
536.640;  -23.147; -480.125; -197.774
536.921;  166.796;  225.871;  143.232
537.202;  380.590;  -87.138;  -16.751
537.483;  491.330;  251.869;  377.236
537.764;  183.408;   17.870;   98.235
538.045;  -44.925; -543.134; -371.758
538.326;  -26.327; -596.129; -447.768
538.607;    7.890; -686.127; -476.771
538.888;  163.841;   98.879;    5.218
539.169;  180.710; -704.122; -535.781
539.450;  348.720;  236.871;   16.233
539.731;  220.670; -361.121; -182.783
540.012;  148.700;  199.880;  412.216
540.293;   81.812;   82.876;  158.224
540.574;   -0.591; -895.113; -717.796
540.855;  433.743;  435.879;  377.218
541.136;  532.383;   47.878;  139.220
541.416;  272.915; -161.130; -220.766
541.697;  206.050; -274.131; -170.763
541.978; 1078.794; -270.135; -315.757
542.259; 1379.364; -211.127; -236.771
542.539;  637.582; -191.116; -186.790
542.820;  193.733;  461.875;  480.225
543.101;  136.430;  -52.145;  -77.738
543.381;   21.714; -638.127; -591.771
543.662;  263.712;  159.873; -254.771
543.942;  608.010; -751.127; -830.770
544.223; 1111.884;  193.878;  161.219
544.504;  703.292; -275.124; -182.777
544.784;  604.545; -592.126; -408.773
545.065; 1696.286;  104.884; -254.791
545.345; 2025.083;  227.881;   14.215
545.626; 1320.308;  -14.113; -108.796
545.906;  927.332;   77.869;   98.235
546.186;  395.425;   92.874;  -95.773
546.467;  205.670;   99.877;  -95.778
546.747;  334.057;  264.884;  327.210
547.027;  392.566;   91.876;  111.223
547.308;  341.534; -376.127; -530.770
547.588;  413.374;  299.871;  371.232
547.868;  212.209;  458.870;  588.235
548.149;  198.169;  609.885;  593.207
548.429;  141.763; -347.127; -299.771
548.709;  201.699; -645.120; -461.784
548.989;  490.268;   84.882;   88.213
549.269; 2207.016;   10.868;  139.239
549.550; 5028.349;  215.877;  117.222
549.830; 4502.026; -758.111; -556.799
550.110;  899.459; -468.110; -320.801
550.390;  857.804; -128.122;  -56.779
550.670; 1189.154; -868.114; -783.795
550.950;  826.968; -509.121; -471.782
551.230;  194.789;  549.879;  460.218
551.510;  -11.158; -381.121; -326.782
551.790;   36.442; -173.109; -127.803
552.070;  271.545;  940.877; 1181.223
552.350;  424.662; -492.119; -377.786
552.630;  627.037;   -2.121;   77.219
552.909;  379.637;  181.884;   73.209
553.189;  250.922;  -49.132;   33.237
553.469;  199.512; -703.119; -514.786
553.749;  185.366; -469.127; -357.772
554.029;  165.928;   33.883;  -24.790
554.308;  143.273; -154.115;  -37.794
554.588;   72.508; -196.128; -204.770
554.868;   66.394; -366.121;  -47.782
555.147;  159.520; -114.115;  -46.793
555.427;  615.939; -260.116; -250.792
555.707; 4069.668; -284.115; -200.793
555.986; 4887.380; -719.111; -538.800
556.266; 2595.881;   23.884;   72.210
556.546;  117.192; -888.121; -675.782
556.825;  269.352; -657.114; -556.794
557.105; 1859.731; -125.128;   17.230
557.384; 2198.311;  122.884;  187.209
557.664;  846.638; -717.116; -508.792
557.943;  132.568; -557.121; -411.782
558.222;  197.996; -345.118; -344.788
558.502;  286.646; -116.115;  -76.793
558.781;  499.142;  194.885;  499.208
559.061;  432.095; -232.118; -227.788
559.340;  311.600;  302.883;  353.211
559.619;  733.131;   93.884;  148.210
559.899; 1072.452; -239.117; -266.789
560.178; 1005.321; -778.115; -593.793
560.457; 3259.154; -623.117; -562.790
560.736; 4577.431; -472.111; -482.800
561.015; 3076.679; -500.128; -502.769
561.295;  404.811;  180.893;  215.193
561.574;  349.718;  119.885;  116.207
561.853;  494.621;  274.891;  303.197
562.132;  521.373;  -45.114;  182.206
562.411;  453.537;  396.879;  553.219
562.690;  145.817; -592.115; -458.792
562.969;  158.316;  472.888;  630.203
563.248;  536.735; 2966.878; 2487.219
563.527;  297.655; -290.111; -408.800
563.806;  391.088; -650.127; -521.771
564.085;  436.701; -297.105; -206.810
564.364;  259.630; -594.117; -405.790
564.643;  518.338; -276.121; -223.781
564.922; 1990.265;  221.890;  397.198
565.201; 1982.043; -640.109; -700.803
565.479;  842.465; -297.115; -219.792
565.758;  339.181; -810.128; -712.770
566.037;  485.295; -155.109; -100.803
566.316;  243.386; -286.116;  -28.791
566.595;   35.418;  -17.115;  -12.793
566.873;   95.557; -166.111;  -79.801
567.152;  -63.210; -490.113; -590.797
567.431;   17.707; -113.116;    6.210
567.709;   10.237; -344.107; -212.807
567.988;  277.977; -810.114; -769.794
568.266;  524.368; -160.115;  -68.793
568.545;  414.198; -644.100; -514.819
568.824;  617.540;  160.885;  356.208
569.102;  563.626; -351.114; -235.794
569.381;  238.639; -492.116; -407.792
569.659;  -40.089; -553.113; -553.796
569.938;   35.983; -743.122; -465.780
570.216;  125.672; -225.109; -225.804
570.494;  -26.220; -632.114; -572.795
570.773;   37.391;  202.879;  114.218
571.051;   -1.827; -373.123; -357.778
571.330;   52.959; -221.113; -174.796
571.608;   32.766; -181.098; -173.823
571.886;  -67.651; -671.111; -581.799
572.164;  -67.156; -739.121; -621.782
572.443;  -38.745; -562.105; -512.811
572.721;  -45.296; -399.117; -289.790
572.999;  -26.052; -280.117; -168.788
573.277;   84.449;  379.894;  620.191
573.555;  303.476;   94.894;   37.190
573.834; 1411.922;  -86.117; -114.788
574.112; 1644.064;  880.893;  811.193
574.390;  493.681; -143.111;  -96.801
574.668;    6.266;  -91.112;  -61.797
574.946;   -3.199; -165.106; -187.810
575.224;   12.793;   71.891;  -16.803
575.502;  -20.291; -200.116; -204.791
575.780;  -96.033; -767.112; -829.798
576.058;  188.705; 1589.889; 1004.200
576.336;  -16.739; -210.110; -129.801
576.614;  -61.257; -511.112; -340.798
576.891;   63.747; -711.115; -823.794
577.169;  507.130; -158.108; -285.805
577.447;  611.888;  169.893;  202.193
577.725;  267.547;  629.888;  854.201
578.003;    3.845;  -71.112; -371.798
578.280;   80.189; -208.104; -242.812
578.558;   70.046; -450.115; -422.793
578.836;  120.854; -210.114; -145.795
579.114;   49.591; -630.112; -670.797
579.391;   75.074;   -6.117;  -18.789
579.669;  -79.827; -595.114; -704.794
579.947;  178.335; -326.107; -127.806
580.224;  338.835; -692.107; -524.806
580.502;  334.514;  127.893;   76.193
580.779;   23.930;  -42.117;   75.210
581.057;  -88.128; -584.109; -470.804
581.334; -102.396; -726.102; -695.815
581.612;   33.752;   54.895;  511.190
581.889;  -32.908;  -83.101; -129.818
582.167;  -27.694; -298.099; -190.821
582.444; -100.838; -845.102; -814.817
582.721;   87.087;  657.899;  715.183
582.999;   44.504; -326.100; -167.821
583.276;  535.077; -812.123; -713.779
583.553;  745.907; -364.102; -294.816
583.831;  241.161; -607.104; -631.812
584.108;   60.403;  349.892;  174.195
584.385;    5.178; -122.102;  -98.815
584.662;  -73.942; -651.111; -828.801
584.940;   18.857;  204.889;  204.199
585.217;  -24.164;  -73.113; -303.796
585.494;   34.891;   71.890;  118.198
585.771;  207.023; -250.109; -354.804
586.048;  499.661; -196.113;  -76.796
586.325;  322.010; -721.110; -773.801
586.602;   87.114;  230.896;  213.188
586.879;  -24.200; -499.100; -580.820
587.156;   50.278; -156.105; -331.810
587.433;  -29.840; -701.102; -667.817
587.710;   73.843;  152.888;  234.202
587.987;  323.583; -264.105; -236.811
588.264;  806.845;  315.888;  387.202
588.541; 1435.167;  -61.104;   26.187
588.818; 2727.900;   72.892;  171.196
589.095; 2382.137; -163.104; -174.812
589.371;  383.346; -459.109; -414.804
589.648;   11.339; -581.107; -437.807
589.925;   20.555; -517.114; -621.795
590.202;   12.518; -741.112; -607.798
590.478;   84.910; -166.105;  -73.811
590.755;  296.056; -241.108; -132.806
591.032; 2595.212; -741.110; -699.802
591.308; 3563.231; -732.094; -790.831
591.585; 1851.362; -573.110; -560.802
591.862;  154.611;-1056.102; -950.817
592.138;   66.829; -475.108; -474.805
592.415;  161.615; -486.104; -495.813
592.691; 1479.288;  460.896;  518.188
592.968; 1925.068; -208.098; -123.824
593.244;  913.607; -695.116; -595.790
593.521;   71.436; -105.102;  -42.817
593.797;  -11.170; -810.122; -720.780
594.074;  352.006; -611.096; -588.826
594.350;  659.792;  828.905;  729.172
594.626;  316.883; -303.111; -283.801
594.903;  121.762; -643.101; -645.817
595.179;  191.469;  243.896;  418.187
595.455;   -1.210; -136.107; -150.807
595.731;    0.771;  -19.103;  -38.814
596.008;  -40.573; -464.111; -434.800
596.284;   39.477; -187.100; -242.820
596.560;   51.237; -501.093; -493.833
596.836;  205.080; -173.105;  -70.810
597.112;  339.830; -582.108; -437.805
597.388;  304.928;  -49.097;  -48.826
597.665;  116.188;  437.887;  530.203
597.941;  -59.008; -572.089; -658.839
598.217;   19.465; -323.110; -293.802
598.493;  270.600;   61.891; -204.804
598.769;  530.872; -175.100;  -50.819
599.045;  326.008; -490.108; -562.806
599.321;   45.976; -193.100; -261.820
599.597;  138.174; -355.109; -476.804
599.872;  479.767;  409.896;  429.187
600.148;  373.130;  -61.097; -172.826
600.424;  293.212;   91.893;  202.193
600.700;  242.715; -170.107; -280.807
600.976;  107.549; -442.097; -464.825
601.252;  248.696; -226.109; -272.803
601.527;  219.468; -833.104; -840.813
601.803;  148.160; -453.105; -404.812
602.079;  181.747; -124.100; -118.819
602.354;  577.322; -620.092; -531.835
602.630;  833.836; -140.113; -482.796
602.906; 2435.067; -910.101; -863.818
603.181; 6975.887; -627.119; -534.786
603.457; 5879.928;   98.903; -278.826
603.733;  859.070; -605.120; -626.783
604.008; 1025.276; -245.106; -164.810
604.284; 3141.713; -636.101; -580.817
604.559; 2747.547;   -3.112;  -42.799
604.835;  485.404; -163.105; -225.810
605.110;  428.007; -732.099; -892.821
605.385;  701.940;  224.907;  267.167
605.661;  677.844; -625.095; -729.829
605.936; 1212.833; -664.108; -737.806
606.211; 1010.277;  -17.103; -170.815
606.487;  198.175; -329.114; -376.794
606.762;   12.537; -791.119; -745.786
607.037;  -27.645; -501.105; -433.810
607.313;  -63.687; -589.096; -574.828
607.588;   -7.199; -375.106; -137.810
607.863;   54.542;  -28.101; -143.818
608.138;  173.364;  513.890;  516.198
608.413;   26.186; -576.099; -592.822
608.688;   38.954; -203.108; -267.805
608.964;  220.145; -509.106; -218.809
609.239;  245.927; -107.105; -212.810
609.514;  265.285;  281.895;  240.188
609.789;  678.214; -187.104; -716.812
610.064;  893.036; -435.096; -609.827
610.339;  908.671; -855.109; -799.804
610.614; 1196.527; -131.100; -315.820
610.889;  670.960;  215.895;  107.188
611.163;   51.961; -407.104; -591.812
611.438;   74.376;   81.886; -167.794
611.713;   -1.837; -467.101; -499.817
611.988;   52.866; -144.101; -328.818
612.263;  -29.071; -771.102; -717.815
612.538;  209.010;  385.887;  251.204
612.812;  191.178; -832.100; -911.820
613.087;  133.391; -358.098; -338.823
613.362;  -51.460; -497.107; -557.807
613.637;   33.598;  261.897;  138.186
613.911;  -17.202; -256.092; -345.835
614.186;  115.238; -249.107; -292.807
614.460;  714.966; -842.081; -758.854
614.735;  810.965;  -55.087;  -17.843
615.010;  173.130;   43.912;  -82.841
615.284;  239.654;  360.892;  246.195
615.559;  381.697; -792.092; -955.835
615.833;  305.284;  -76.099;  -87.822
616.108;    8.883; -225.090; -390.837
616.382;  148.116;  274.913;  402.156
616.656;  150.484; -241.090; -232.837
616.931;  517.134; -785.099; -700.822
617.205; 1112.293; -973.104; -979.813
617.480; 1004.231;  -91.125;    6.225
617.754;  174.879; -396.125; -128.774
618.028;   12.150; -369.129; -382.768
618.302;   69.552;   73.892;  -25.805
618.577;  -44.950; -371.103; -518.815
618.851;  -52.157; -399.109; -600.803
619.125;  -64.244; -335.134; -378.759
619.399;  -29.731; -244.104; -374.813
619.673;  -59.110; -330.115; -515.792
619.947;  -48.596; -333.114; -448.795
620.222;  -35.566; -198.110; -204.801
620.496;   -3.982;  -47.121;  -96.782
620.770;    6.160; -187.122;  -93.781
621.044;  211.403;  323.895;  346.190
621.318;  766.321; -653.120; -614.783
621.592;  688.719; -430.121; -409.783
621.866;  365.373; -476.112; -572.799
622.140;   25.909; -207.116; -356.791
622.413;   57.702;  138.889;  112.200
622.687;  -42.411; -746.101; -492.817
622.961;    3.827; -130.108; -143.805
623.235;  -65.747; -633.111; -661.800
623.509; -103.816; -816.105; -848.811
623.783;   16.736;  -12.107;   48.193
624.056;  -36.078; -254.120; -280.783
624.330;   37.941;   63.888;   -3.797
624.604;   41.255; -271.116; -355.790
624.877;   61.763;  180.890;   26.198
625.151;   35.224; -249.114; -238.794
625.425;  -49.330; -150.103; -283.814
625.698;  -65.694; -367.119; -374.785
625.972;  -87.435; -799.110; -765.802
626.245;   66.057;  685.884;  484.210
626.519;  -45.374; -426.120; -340.784
626.792;  -41.910; -192.107; -380.807
627.066;  -92.497; -485.122; -662.779
627.339; -101.814; -736.110; -663.802
627.613;   36.150;  351.880;  148.216
627.886;  -54.083;  187.891; -612.803
628.160;  -27.004;  312.880; -161.783
628.433; -109.691; -695.125; -703.775
628.706;  -73.274; -517.120; -615.784
628.979;   19.966;  296.876;  117.223
629.253;  -90.389; -785.119; -833.786
629.526;  380.869; -334.126; -253.772
629.799;  353.823; -641.123; -479.778
630.072;  177.276; -497.128; -516.769
630.346;  -62.143;-1115.116;-1080.790
630.619;  480.316; -467.107; -545.808
630.892;  646.678;  709.889;  593.200
631.165;  334.843;  790.896;  679.187
631.438;  -84.530;-1092.112;-1055.798
631.711;   41.451;  453.877;  257.221
631.984;  -67.823; -523.117; -624.789
632.257;  -73.326; -636.117; -681.789
632.530;  -49.318; -412.119; -433.785
632.803;   22.497; -109.115;    7.207
633.076;  -63.730; -360.123; -422.777
633.349;   20.555;  173.872;  121.231
633.622;  -41.070; -187.119; -240.785
633.895; -130.953; -903.120; -823.783
634.167;  -63.804; -496.126; -525.773
634.440;  -20.512;  -19.116; -137.792
634.713;   -3.740;  -22.119; -120.786
634.986;   63.070;  593.871;  453.233
635.258;  -85.905; -507.115; -597.793
635.531;   94.770;  742.882; -343.788
635.804;  -34.874; -303.117; -318.789
636.077; -106.865; -830.116; -852.791
636.349;   -9.006; -586.115; -474.793
636.622;  401.343; 1695.874; 1392.228
636.894;  238.401; -474.120; -909.784
637.167;  151.112; -836.127; -789.771
637.439;   31.083; -278.128; -213.770
637.712;  -47.630; -312.126; -293.772
637.984;  -92.265; -635.116; -707.791
638.257;  399.920;  515.877;  488.222
638.529;  561.760; -881.125; -924.776
638.802;  252.926; -508.128; -449.769
639.074; -123.466; -927.122; -952.781
639.346; -130.778; -942.135; -930.757
639.619;   -2.718;  -79.142; -319.744
639.891;  -14.572;  -83.122; -168.779
640.163;  -82.545; -689.122; -756.780
640.435;   17.557;  273.878;  103.220
640.708;    3.933;  -72.122; -132.780
640.980;  -36.415; -366.122; -362.781
641.252;  198.937;  -25.121;  -71.781
641.524; 1838.039;  580.879;  573.219
641.796; 1815.491;-1094.121; -907.782
642.068;  329.842; -191.121; -300.782
642.340;  -64.956; -486.121; -566.783
642.613;   34.546;  294.880;  323.217
642.885;  -99.602; -787.120; -878.783
643.157;  -45.775; -810.120; -658.784
643.428;   63.702;  170.880;  218.216
643.700;  -79.172; -498.120; -425.784
643.972;  -26.070;  -16.119; -133.785
644.244; -112.693; -474.119; -559.785
644.516;  -55.116; -250.119; -114.786
644.788;   69.561;  662.881;  548.214
645.060;  -32.687;  -12.119; -124.786
645.332; -109.286; -525.118; -535.787
645.603;   23.541;  479.882;  342.213
645.875;  -78.432; -334.118; -369.787
646.147;  173.395; 1487.882; 1242.212
646.418;  -70.678; -931.117; -918.788
646.690;  155.223; -714.117; -715.789
646.962;   32.550; -413.117; -451.789
647.233;  -14.048;   15.883;   11.211
647.505;  -99.671; -595.117; -475.790
647.776;   20.331;  328.884;  229.210
648.048;   -4.567; -248.116; -418.790
648.320;  -75.766; -752.116; -679.791
648.591; -174.664;-1055.116; -958.791
648.862;  -88.412; -505.116; -577.792
649.134;    1.415;  115.885;  198.208
649.405;  -56.108; -661.115; -618.792
649.677;  -54.032; -475.115; -598.793
649.948;   -9.255; -181.115; -296.793
650.219;  -22.603;  -37.115; -147.793
650.491;  -77.601; -431.114; -520.794
650.762; -120.774; -705.114; -731.794
651.033;  -81.147; -437.114; -424.795
651.304; -113.471; -743.114; -728.795
651.576;  -87.769; -680.114; -645.795
651.847;  -43.392; -250.113; -140.796
652.118;  -31.865;  -32.113; -189.796
652.389; -108.663; -639.113; -722.796
652.660;  -37.337; -147.113;  -89.797
652.931; -151.585; -897.112; -871.797
653.202;  -75.208; -382.112; -541.798
653.473;  -72.331; -633.112; -533.798
653.744;  153.146; -595.112; -590.798
654.015;  136.748; -356.112; -303.799
654.286;  -60.876; -642.111; -663.799
654.557;  -59.674; -586.111; -521.799
654.828; -162.622;-1114.111;-1088.800
655.099;  -92.795; -404.111; -291.800
655.370;  -97.368; -427.111; -543.801
655.641; -126.492; -656.110; -714.801
655.911; -113.790; -618.110; -638.801
656.182;   28.037;  437.890;  387.198
656.453;   97.014;  830.890;  746.198
656.724;  -81.984; -466.110; -426.802
656.994; -104.307; -553.109; -568.803
657.265; -119.681; -862.109; -873.803
657.536;  -92.354; -500.109; -377.804
657.806; -108.202; -561.109; -593.804
658.077; -139.600; -866.109; -950.804
658.347; -100.998; -523.108; -598.805
658.618; -112.846; -646.108; -694.805
658.888;  -23.820;  -41.108;  112.195
659.159;  -82.243; -432.108; -548.806
659.429;  -12.941; -292.108; -349.806
659.700;   11.186; -435.107; -390.807
659.970;  -23.137; -370.107; -359.807
660.241;   19.214; -754.107; -921.807
660.511;  498.141; -147.107; -174.808
660.781;   90.193; -793.106; -748.808
661.052;  -56.705; -222.106; -381.808
661.322;  -27.578;   21.894;   -9.809
661.592;    4.749;  257.894;  148.191
661.862;  -85.075; -369.106; -382.810
662.133; -103.873; -551.105; -502.810
662.403; -125.271; -770.105; -676.810
662.673;  -64.869; -256.105; -213.811
662.943; -106.567; -612.105; -551.811
663.213;    1.534;  -85.105;  -81.811
663.483;  -86.539; -593.104; -568.812
663.753;  -43.862; -194.104; -152.812
664.023;  -10.235;   68.896;  -32.813
664.293;  -59.958; -319.104; -126.813
664.563; -102.406; -694.104; -648.813
664.833; -121.430; -743.103; -608.814
665.103; -135.403; -730.103; -793.814
665.373; -123.201; -766.103; -806.814
665.643;  -82.249; -863.103; -918.815
665.913;   23.053; -534.103; -714.815
666.182;  157.904; -685.102; -719.816
666.452;  283.556;  -22.102;  -89.816
666.722;  -17.067; -724.102; -784.816
666.992; -141.065; -948.102; -921.817
667.261;  -97.263; -824.102; -808.817
667.531;  207.664;  134.899;   45.183
667.801;  523.590; -440.101; -412.818
668.070;  246.667;  714.899;  697.182
668.340; -104.406; -883.101; -840.819
668.609;   96.721;  588.900;  301.181
668.879;  -81.077; -490.100; -558.819
669.149;  -87.576; -539.100; -516.820
669.418; -114.699; -698.100; -726.820
669.688;  -42.472; -482.100; -666.820
669.957;   68.455; -423.099; -546.821
670.226;  -37.843; -268.099; -331.821
670.496; -101.566; -431.099; -635.822
670.765;  -86.715; -418.099; -501.822
671.034; -139.513; -872.099; -828.822
671.304;  -20.061;   55.902; -111.823
671.573; -152.384;-1085.098; -957.823
671.842;   62.243; -380.098; -294.823
672.112;   26.895; -692.098; -586.824
672.381;  -13.004; -239.098; -214.824
672.650; -145.777;-1005.097;-1021.825
672.919;  -97.975; -631.097; -507.825
673.188;  -94.773; -681.097; -878.825
673.457; -152.771;-1101.097;-1143.826
673.726;  -89.245; -579.096; -646.826
673.995;  -60.168; -533.096; -479.826
674.265;  -10.966; -263.096; -333.827
674.534;   -4.414; -183.096; -235.827
674.802;   11.113; -618.096; -703.828
675.071; 1073.890; -886.095; -801.828
675.340; 4017.291; -464.095; -339.828
675.609; 1349.868;  103.905;   82.171
675.878;   72.645; -949.095; -893.829
676.147;   31.822;  -26.095;   -8.829
676.416;   95.724; -210.094; -294.830
676.685;  757.350; 1000.906; -622.830
676.953;  100.302; -603.094; -452.831
677.222;  -25.621; -193.094; -273.831
677.491;  -19.794;  -24.094; -127.831
677.759;  -14.517;   11.907;  172.168
678.028;  -14.065; -279.093; -222.832
678.297;   -5.139;   71.907;  197.168
678.565; -141.037; -898.093; -944.833
678.834;  -72.085; -311.093; -268.833
679.102;  -88.683; -411.092; -391.834
679.371; -144.006; -898.092; -727.834
679.639; -141.530; -797.092; -786.834
679.908; -136.153; -794.092; -724.835
680.176; -151.151; -895.091; -941.835
680.445;  -76.824; -346.091; -352.835
680.713;  -25.472;  -58.091;  -23.836
680.982; -103.345; -523.091; -525.836
681.250; -119.244; -578.091; -507.837
681.518; -111.342; -534.090; -751.837
681.787;  -27.340; -204.090; -167.837
682.055;  -77.913; -490.090; -422.838
682.323; -152.286; -993.090; -992.838
682.591;   22.416; -216.090; -538.838
682.859;   79.492;    9.911;  -35.839
683.128;   -2.631;  232.911;  497.161
683.396; -174.829;-1102.089;-1122.840
683.664;  -39.352; -241.089;   21.160
683.932;    8.775;  144.911;  -76.840
684.200;  -83.674; -576.088; -320.841
684.468;  -37.997;  -73.088; -124.841
684.736;  -37.395; -214.088; -175.841
685.004; -131.818;-1024.088; -982.842
685.272;  -65.791; -880.088; -774.842
685.540;  -73.914; -499.087; -557.843
685.808;  -90.988; -651.087; -682.843
686.076;  -99.661; -894.087; -969.843
686.343;  -70.059; -601.087; -815.844
686.611;   40.468; -195.087; -224.844
686.879;  492.445; -530.086; -553.844
687.147; 3446.421; -483.086; -480.845
687.414;  961.273;  -12.086; -169.845
687.682;    8.500; -658.086; -757.846
687.950;  309.577;  259.915;  263.154
688.217;   10.004; -792.085; -760.846
688.485;   -5.494; -632.085; -636.847
688.753;  547.757;  -11.085; -102.847
689.020;  163.909; -820.085; -851.847
689.288; -100.639; -853.084; -787.848
689.555;  -28.737; -195.084; -148.848
689.823;  -68.135; -241.084; -345.849
690.090; -102.384; -546.084; -651.849
690.358; -152.382; -877.084; -897.849
690.625;  -14.305;  120.917;   45.150
690.892;  -80.628; -403.083; -369.850
691.160;  -21.076;   72.917;  -35.850
691.427;   -6.899;  141.917;  130.149
691.694; -145.448; -855.083; -929.851
691.962; -149.646;-1177.082;-1060.852
692.229;   13.731;  127.918;   56.148
692.496;   85.783;  130.918;  -49.852
692.763;    3.735; -164.082; -201.853
693.031;  -80.939; -739.082; -716.853
693.298;  -48.312; -509.081; -368.853
693.565;  330.640; -155.081; -163.854
693.832; 1314.192;   -5.081;   -9.854
694.099;  161.119; -643.081; -642.855
694.366;  -66.104; -882.081; -896.855
694.633;  -55.178; -920.080; -633.855
694.900;  746.949; 4367.920; -114.856
695.167;  418.051; -214.080; -380.856
695.434;  104.253; -646.080; -623.856
695.701;  195.405;  121.921;  -61.857
695.968;  458.157; -365.079; -361.857
696.234; 1015.558; -415.079; -646.858
696.501;10318.185; -776.079; -614.858
696.768; 5110.062; -554.079; -617.858
697.035;  291.364; -632.078; -667.859
697.302;   34.866; -448.078; -552.859
697.568;    1.492; -458.078; -497.859
697.835;  -39.756; -683.078; -624.860
698.102;  -46.704; -498.078; -407.860
698.368;   76.448;  384.923;  396.139
698.635;  -49.500;  -47.077; -424.861
698.901;  -24.698; -240.077; -348.861
699.168;   83.178; -534.077; -456.862
699.435;   74.630;  -72.077;  -13.862
699.701; -120.743; -868.076; -764.862
699.968;  -54.341;  144.924; -441.863
700.234;  -99.714; -783.076; -822.863
700.500;  -59.288; -448.076; -539.864
700.767;   -6.986;   -1.075;   26.136
701.033; -140.109;-1015.075; -963.864
701.299;  -68.132; -450.075; -483.865
701.566;  125.645;  950.925;  763.135
701.832;    9.597;  -31.075;  -76.865
702.098;  -98.852;-1054.074;-1034.866
702.365;  -85.675;-1098.074;-1030.866
702.631;  -23.348;-1038.074;-1063.867
702.897; 1420.604; -765.074; -676.867
703.163; 2233.781;  348.926;  254.133
703.429;  135.832; -256.073; -273.868
703.695;  -45.266; -796.073; -792.868
703.961;   14.586; -214.073; -210.868
704.227;  -62.137; -630.073; -725.869
704.493;  123.915;  613.927;  510.131
704.759;  -36.733; -565.072; -540.870
705.025;   30.093; -203.072; -194.870
705.291;  -18.355; -666.072; -562.870
705.557;  176.322;  719.928;   34.129
705.823;   31.749; -742.072; -694.871
706.089;  123.376; -307.071; -326.871
706.355;  368.278; -315.071; -244.872
706.620; 5484.379; -776.071; -729.872
706.886; 7618.431; -309.071; -362.873
707.152;  702.783; -818.070; -973.873
707.418;  -21.040;-1153.070;-1186.873
707.683;  -16.613; -550.070; -530.874
707.949;  -48.737; -547.070; -578.874
708.215;  -20.835; -129.070; -207.874
708.480;  -25.058; -520.069; -420.875
708.746;   86.494;   68.931;   28.125
709.011;  -76.654; -578.069; -612.876
709.277;  -89.677; -538.069; -543.876
709.542;  -52.076; -428.069; -387.876
709.808;  -14.899;  -59.068;   89.123
710.073;  -85.122; -577.068; -695.877
710.339;  -29.970; -242.068; -228.877
710.604;   93.682; -780.068; -845.878
710.869;  313.483; -277.068; -366.878
711.135;  -88.165; -715.067; -628.879
711.400;  -95.288; -507.067; -608.879
711.665;  -66.486; -404.067; -479.879
711.931; -109.559; -661.067; -677.880
712.196; -129.532; -876.067; -954.880
712.461;  118.844; -402.066; -490.880
712.726;  142.321; -727.066; -771.881
712.991;  -97.677; -647.066; -664.881
713.256;  -57.600; -350.066; -332.882
713.521;  -70.173; -417.065; -381.882
713.787;  -66.147; -454.065; -472.882
714.052;  -40.370; -214.065; -400.883
714.317;  -93.868;-1045.065; -981.883
714.581; 1024.809; -374.065; -268.883
714.846; 1330.411; -822.064; -888.884
715.111;  105.063;  261.936;  257.116
715.376;  -31.836;  -86.064; -223.885
715.641;  -15.759; -365.064; -367.885
715.906;  307.843;   15.936; -551.885
716.171;  126.245;  221.937;  209.114
716.436;   42.622;  -78.063; -104.886
716.700; -131.252; -818.063; -692.886
716.965; -122.800; -794.063; -807.887
717.230;  -78.073; -339.063; -392.887
717.494;  -32.671;  -40.062; -134.888
717.759; -116.344; -784.062; -640.888
718.024;   -1.692;  269.938;  250.112
718.288;   66.984;  685.938;  395.111
718.553; -153.714; -803.062; -977.889
718.817; -151.637; -883.061; -899.889
719.082;  -26.635; -115.061; -125.890
719.346; -150.733;-1000.061; -947.890
719.611;  -45.506; -300.061; -255.891
719.875; -112.505; -568.060; -537.891
720.140;  -72.378; -453.060; -603.891
720.404;   29.324; -136.060; -249.892
720.668;  883.051; -475.060; -411.892
720.933;  323.003;  146.940;  137.108
721.197;  -87.271; -667.059; -600.893
721.461; -143.844; -851.059; -826.893
721.725;   -4.892;  -21.059; -250.894
721.990;  -60.440; -284.059; -204.894
722.254;  -37.138;  -26.059; -108.894
722.518;  -96.661; -286.058; -442.895
722.782;  -87.510; -743.058; -594.895
723.046;  109.542;  614.942;  570.105
723.310;   36.769;  374.942;  210.104
723.574; -115.454; -654.058; -614.896
723.838; -103.827; -576.057; -642.897
724.102;  -58.651; -226.057; -239.897
724.366; -142.474;-1032.057; -978.897
724.630; -110.147; -749.057; -571.898
724.894;  -81.270; -722.057; -514.898
725.158;   -8.818;   38.944; -295.898
725.422;  -60.516; -394.056; -327.899
725.685;  -83.165; -441.056; -349.899
725.949;  -79.688; -566.056; -519.900
726.213;  -90.911; -732.056; -811.900
726.477;  184.066;-1020.055; -933.900
726.740;  150.193; -274.055; -104.901
727.004;  344.119; -384.055; -510.901
727.268; 3287.371; -442.055; -400.901
727.531;  856.123; -961.055; -775.902
727.795;  -50.450; -713.054; -673.902
728.059;  -75.423; -552.054; -557.903
728.322; -100.196; -841.054; -669.903
728.586;   22.605; -692.054; -701.903
728.849;  -81.993; -695.053; -756.904
729.112; -113.341; -812.053; -912.904
729.376; -140.864; -959.053; -905.904
729.639;  -79.437; -536.053; -536.905
729.903; -108.186; -733.053; -699.905
730.166;  -52.084; -437.052; -399.906
730.429;  -26.532; -317.052; -468.906
730.693;  -67.630; -355.052; -894.906
730.956;  217.897;  810.948;  651.093
731.219;  708.074; -310.052; -103.907
731.482;  137.800;-1003.051; -894.907
731.745;  109.077; -794.051; -935.908
732.009;   17.204;  -30.051;   50.092
732.272;  -97.919; -904.051; -771.909
732.535;  -53.617; -300.051; -310.909
732.798; -155.965;-1083.050;-1166.909
733.061;  -74.989; -430.050; -456.910
733.324;   10.088;   31.950; -180.910
733.587;   54.190;  290.950;  365.090
733.850;  -81.733; -973.049;-1050.911
734.113;   26.344;   33.951;   32.089
734.376;   12.620; -328.049; -447.912
734.639;  210.897; 1188.951; 1011.088
734.901;   73.724; -180.049; -402.912
735.164;  529.251; -883.048; -837.913
735.427; 1313.478; -166.048; -355.913
735.690;  126.630; -205.048; -234.913
735.952;  -40.594; -923.048; -925.914
736.215;  -32.617;-1113.048;-1009.914
736.478;   43.335; -771.047; -774.915
736.740;  212.012;   33.953;  129.085
737.003;  749.289; -658.047; -672.915
737.266; 4123.415;  -94.047;   46.084
737.528;  433.417; -682.047; -660.916
737.791;  301.619; -316.046; -327.916
738.053;  816.471;  465.954;  649.083
738.316;11078.198; -162.046; -136.917
738.578; 7369.625; -770.046; -736.918
738.841;  421.476; -382.046; -446.918
739.103;  174.603; -875.045; -777.918
739.365;  502.305;   79.955;  -69.919
739.628;   -5.393; -884.045; -805.919
739.890;  -48.691; -758.045; -710.919
740.152;  -45.265; -692.044; -754.920
740.414;   -8.563; -408.044; -359.920
740.677;  -53.461; -785.044; -634.921
740.939;  -39.409; -587.044; -487.921
741.201;  274.743; -432.044; -572.921
741.463;   43.170; -689.043; -745.922
741.725;   22.071;  -21.043; -199.922
741.987;   38.673;  220.957;  116.078
742.249;    2.125; -751.043; -859.923
742.511;  217.027; -703.043; -794.923
742.773;    8.229; -546.042; -546.924
743.035;  132.606;  796.958;  533.076
743.297;  -44.818; -963.042;-1013.924
743.559;  758.309; -278.042; -262.925
743.821;   65.136; -735.042; -744.925
744.083;   -3.837;  -44.041; -149.925
744.345;  -93.560; -869.041; -892.926
744.607;   34.291;   75.959;  122.074
744.868;  -56.057; -490.041; -554.927
745.130; -123.580; -994.041;-1008.927
745.392;   46.172;   -1.040;  -44.927
745.653;  -24.051; -411.040; -378.928
745.915;  144.576;  896.960;  631.072
746.177;   41.077;   35.960;  -43.928
746.438;  -16.821; -428.040; -543.929
746.700;  -61.244; -947.039; -988.929
746.961;  -15.442; -659.039; -740.930
747.223;  132.085; -190.039;  -74.930
747.484;   74.986; -391.039; -471.930
747.746;  129.338;  -23.038; -106.931
748.007;  112.315; -647.038; -689.931
748.269;  327.217; -468.038; -440.931
748.530;  499.819; -852.038; -638.932
748.791;  255.196; -354.038; -420.932
749.053;  432.472;  286.963;  163.067
749.314;  450.949; -236.037; -169.933
749.575;  518.701; -945.037; -905.933
749.836;  852.803; -217.037;   86.066
750.098; 2636.655;  -60.037;  -21.934
750.359;37701.781;  414.964;  555.066
750.620; 9108.408; -121.036; -220.935
750.881; 1032.910; -585.036; -513.935
751.142; 1378.112; -950.036; -938.936
751.403;17256.839; -789.036; -705.936
751.664; 7148.791;-1034.035; -999.936
751.925;  480.442; -175.035; -262.937
752.186;  281.819; -298.035; -278.937
752.447;  139.371; -590.035; -445.937
752.708;   40.673; -532.035; -648.938
752.969;    2.500; -566.034; -576.938
753.230;   12.276; -777.034; -672.939
753.491;   -9.322; -650.034; -631.939
753.751;   61.930;  109.966;   19.061
754.012;   86.932;  258.967;  181.060
754.273;   60.434; -174.033;  -71.940
754.534;   -3.914; -487.033; -580.940
754.794;  -93.888; -926.033; -911.941
755.055;  129.489; 1051.967;  881.059
755.316;  -38.634; -700.032; -566.942
755.576;  -39.507; -606.032; -576.942
755.837;  -61.030; -527.032; -695.942
756.097;  -49.603; -530.032; -564.943
756.358;  -71.127; -725.032; -770.943
756.618;  -53.925; -705.031; -641.943
756.879;    1.602; -254.031; -349.944
757.139; -154.746;-1098.031;-1116.944
757.400;  -43.244; -538.031; -553.945
757.660;  -33.543; -365.031; -401.945
757.920;   18.359; -266.030; -228.945
758.181;  -23.889; -468.030; -351.946
758.441; -110.937; -870.030; -809.946
758.701;  -33.485; -308.030; -215.946
758.961;  -38.758; -220.030; -278.947
759.222;  -57.107; -574.029; -502.947
759.482;  -92.080; -683.029; -723.948
759.742;  -94.853; -706.029; -547.948
760.002;    2.799;  -83.029; -143.948
760.262;    7.251;   50.972;  182.051
760.522;  -52.123; -498.028; -574.949
760.782;  -67.746; -738.028; -612.949
761.042;  -43.169; -618.028; -573.950
761.302;   53.533;   55.972;  -18.950
761.562;   50.385; -164.027; -154.951
761.822;   80.437; -710.027; -551.951
762.082;  -55.762;-1104.027;-1093.951
762.342;   59.065; -328.027; -403.952
762.601;   62.617; -567.027; -506.952
762.861;  371.544; -281.026; -207.952
763.121;  407.696; -406.026; -411.953
763.381; 7699.872; -499.026; -485.953
763.640; 7967.624; -139.026; -307.954
763.900;  349.976; -242.026; -203.954
764.160;   71.678; -458.025; -491.954
764.419;  -35.920; -726.025; -782.955
764.679;  -87.143; -795.025; -726.955
764.939;  -18.992; -124.025; -210.955
765.198;  -80.265; -608.025; -563.956
765.458;  -91.613; -710.024; -612.956
765.717;  -95.511; -454.024; -590.957
765.976;  -67.634; -428.024; -411.957
766.236;  -83.582; -475.024; -610.957
766.495;    9.094;  260.977;   73.042
766.755; -103.479;-1090.023; -987.958
767.014;   -1.852; -594.023; -665.958
767.273;  -53.275; -373.023; -397.959
767.533;  -47.148; -228.023; -307.959
767.792;  -39.897; -151.022; -188.960
768.051;  -48.470; -228.022; -276.960
768.310;  -93.668; -546.022; -650.960
768.569;   -6.741; -161.022;    4.039
768.828;  -40.664; -285.022; -363.961
769.088; -112.087;-1050.021; -942.961
769.347;  -97.711; -755.021; -599.962
769.606;  -89.059; -876.021; -857.962
769.865; -121.082;-1016.021;-1033.963
770.124;  -13.780; -411.021; -336.963
770.383;  -46.803; -778.020; -910.963
770.641;  -15.152; -398.020; -400.964
770.900;  -76.925; -953.020; -846.964
771.159;  -77.898; -851.020; -951.964
771.418;  -25.346; -917.020; -779.965
771.677;  121.956; -224.019; -293.965
771.936;  129.008; -794.019; -865.966
772.194; 2298.184; -465.019; -437.966
772.453;10782.536; -213.019; -391.966
772.712;  724.163;  416.982;  329.033
772.970;  120.015;   32.982;   63.033
773.229;   87.767;  -22.018;  102.033
773.488;  -94.907; -814.018; -770.968
773.746;   34.845;  296.982;  335.032
774.005;   -0.328;  190.983;  -22.969
774.263;   -0.151;  243.983;  177.031
774.522; -100.899; -422.017; -548.969
774.780;  -83.272; -484.017; -417.970
775.039;  -97.471; -551.017; -531.970
775.297;  -20.244; -135.016; -351.970
775.555; -107.792; -489.016; -612.971
775.814; -127.015; -618.016; -570.971
776.072; -125.138; -749.016; -740.971
776.330; -103.062; -630.016; -520.972
776.589; -132.485; -703.015; -721.972
776.847; -143.183; -645.015; -624.973
777.105; -165.231;-1016.015;-1032.973
777.363;  -88.004; -459.015; -454.973
777.621; -150.677; -660.015; -717.974
777.879;  -50.151;  -42.014;   32.026
778.138; -105.249; -554.014; -717.974
778.396; -119.572; -585.014; -526.975
778.654; -171.995;-1015.014; -970.975
778.912;  -73.743; -269.014; -371.976
779.170; -143.141; -880.013; -803.976
779.427; -165.390; -922.013; -897.976
779.685; -127.513; -880.013; -832.977
779.943;  -95.211; -654.013; -593.977
780.201; -158.309; -964.012; -883.978
780.459; -128.407; -651.012; -610.978
780.717;  -94.981; -440.012; -390.978
780.974; -109.254; -449.012; -490.979
781.232;  -87.477; -358.012; -338.979
781.490;  -87.600; -551.011; -472.979
781.747;  -87.648; -555.011; -476.980
782.005;    0.979;  462.989;  254.020
782.263; -165.370; -542.011;-1004.981
782.520;  -94.743; -326.011; -501.981
782.778; -183.316;-1013.010;-1051.981
783.035; -172.014; -962.010; -938.982
783.293;  -57.937; -248.010; -206.982
783.550;  -76.461; -134.010; -198.982
783.808; -138.334; -764.010; -776.983
784.065; -168.332; -745.009; -874.983
784.322;  -43.530;   25.991;  -86.984
784.580; -156.828; -915.009; -771.984
784.837;  -98.101; -392.009; -466.984
785.094; -134.475; -783.009; -762.985
785.352;  -78.198; -304.008; -404.985
785.609; -106.496; -934.008; -839.985
785.866;  -86.744; -345.008; -401.986
786.123;  -79.067; -639.008; -583.986
786.380; -109.541; -665.008; -604.987
786.637;  -45.464; -225.007; -380.987
786.895;  -22.637; -456.007; -543.987
787.152;  -50.485; -135.007; -267.988
787.409;  -50.958; -123.007; -225.988
787.666;  -94.356; -299.006; -378.988
787.923; -126.480; -616.006; -695.989
788.179; -119.853; -551.006; -584.989
788.436; -108.351; -585.006; -585.990
788.693;  -41.999;  -92.006;  -87.990
788.950;  160.853; -125.005; -112.990
789.207;  196.254; -381.005; -372.991
789.464;  -58.719; -161.005; -301.991
789.720;  -23.242;  150.995;  110.009
789.977; -169.815;-1003.005; -671.992
790.234;  -48.138;   44.996;  -66.992
790.490; -153.511; -884.004;-1031.993
790.747;  -15.135;  -85.004;   22.007
791.004;  -20.008; -426.004; -348.993
791.260;  -73.731; -430.004; -560.994
791.517; -105.354; -843.003; -788.994
791.773;  -52.852; -379.003; -342.994
792.030; -111.325; -596.003; -660.995
792.286; -103.799; -686.003; -636.995
792.543;  -18.597;  -74.002; -159.995
792.799;  -72.470; -584.002; -382.996
793.055; -170.218;-1179.002;-1210.996
793.312; -105.641; -827.002; -816.997
793.568;  -65.415; -746.002; -599.997
793.824;    4.387; -226.001; -284.997
794.081;   13.789; -447.001; -508.998
794.337;   46.266; -664.001; -561.998
794.593; 1435.943; -319.001; -271.999
794.849; 6488.995; -746.001; -772.999
795.105;  298.871; -270.000; -261.999
795.361;    5.948; -490.000; -457.000
795.617;  -69.725; -875.000; -945.000
795.873;  -73.525; -360.000; -407.000
796.129;  -37.725; -368.000; -306.000
796.385;  -14.375; -124.000; -156.000
796.641;   65.775;  412.000;  550.000
796.897;  -89.925; -666.000; -635.000
797.153;   56.475;  453.000;  357.000
797.409; -101.750; -785.000; -868.000
797.665;  -82.200; -625.000; -732.000
797.921;  -86.800; -775.000; -762.000
798.176;  -63.500; -744.000; -747.000
798.432;  -65.250; -824.000; -596.000
798.688;  -93.675;-1174.000;-1078.000
798.943;   74.800; -165.000; -147.000
799.199;  -11.050;-1005.000; -959.000
799.455;  212.000;  369.000;  316.000
799.710;  128.275; -813.000; -380.000
799.966;  281.775; -162.000; -160.000
800.221;  477.750; -638.000; -721.000
800.477;10895.300; -743.000; -710.000
800.732; 8870.800; -773.000; -800.000
800.988;  596.350;  205.000;  -19.000
801.243; 1858.625; -454.000; -344.000
801.498; 7288.550; -814.000; -739.000
801.754;  411.075; -289.000; -163.000
802.009;   70.950; -257.000; -335.000
802.264;  -54.900; -967.000;-1033.000
802.520;    4.400;  222.000;   -3.000
802.775;  -62.400; -524.000; -359.000
803.030;   62.975;  395.000;  356.000
803.285; -126.125; -840.000; -903.000
803.540;  -54.875; -686.000; -699.000
803.795;  -44.800; -648.000; -583.000
804.051;  -65.600; -279.000; -346.000
804.306;   12.075;  168.000;  128.000
804.561;  129.350;  451.000;  362.000
804.816;  134.500;  714.000;  861.000
805.071;   12.625; -185.000; -280.000
805.325;  204.025; -257.000; -427.000
805.580; -120.025; -841.000; -877.000
805.835;  -19.000; -204.000; -297.000
806.090;  -82.125; -760.000; -676.000
806.345;  -27.275; -344.000; -264.000
806.600;  -41.900; -549.000; -632.000
806.854;  -41.975; -408.000; -538.000
807.109;  -36.000; -493.000; -577.000
807.364;  -17.625; -407.000; -328.000
807.618;  -11.225; -415.000; -381.000
807.873;   41.050; -470.000; -494.000
808.128;   80.475; -257.000; -518.000
808.382;  105.850; -224.000; -332.000
808.637;   64.625; -440.000; -511.000
808.891;  188.575; -257.000; -180.000
809.146;   98.125; -902.000; -794.000
809.400;  272.275; -848.000; -923.000
809.654;  346.925; -779.000; -551.000
809.909;  493.200; -841.000; -927.000
810.163; 7191.300; -813.000; -651.000
810.418;17227.250; -940.000; -861.000
810.672;  984.250; -685.000; -690.000
810.926;  731.675; -993.000; -973.000
811.180; 1421.375; -439.000; -372.000
811.434;32171.175;  240.000;  135.000
811.689;11882.300; -231.000; -365.000
811.943;  590.350; -936.000; -953.000
812.197;  301.850; -893.000; -671.000
812.451;  118.050; -379.000; -514.000
812.705;  -33.975; -809.000; -619.000
812.959;  -10.425; -263.000; -388.000
813.213;  -11.250; -283.000; -209.000
813.467;   81.650;  470.000;  253.000
813.721; -114.200; -764.000; -792.000
813.975; -126.925; -826.000; -877.000
814.229;   48.975;  430.000;  353.000
814.482;  -88.600; -517.000; -566.000
814.736; -143.225; -766.000; -744.000
814.990; -131.000; -779.000; -872.000
815.244;  -63.250; -228.000; -285.000
815.497;  -96.075; -636.000; -601.000
815.751;  -16.975; -141.000;   82.000
816.005;  -87.225; -470.000; -586.000
816.258;  -80.800; -510.000; -363.000
816.512; -115.975; -693.000; -610.000
816.766;  -14.375;  121.000;  157.000
817.019;   14.975;  148.000;  149.000
817.273; -125.375;-1000.000; -802.000
817.526;  -34.775; -206.000; -173.000
817.779;  -50.325;-1049.000; -960.000
818.033;  -74.550; -693.000; -807.000
818.286; -130.775; -725.000; -792.000
818.540;  -96.775; -403.000; -403.000
818.793;  -89.350; -402.000; -489.000
819.046; -110.225; -582.000; -520.000
819.299;  -38.525; -157.000; -166.000
819.553; -125.825; -552.000; -592.000
819.806; -181.575;-1016.000; -838.000
820.059;  -68.250; -334.000; -354.000
820.312;    6.450;  152.000;  185.000
820.565;  -28.075;  110.000;  -27.000
820.818;  -54.150;  -59.000; -173.000
821.071; -172.500;-1041.000; -957.000
821.324; -119.225; -536.000; -540.000
821.577; -111.175; -457.000; -483.000
821.830;  -70.825; -270.000; -172.000
822.083; -140.300; -733.000; -288.000
822.336;  -69.950; -261.000; -167.000
822.589; -142.325; -805.000; -688.000
822.842; -164.450; -875.000; -770.000
823.094; -179.450;-1076.000;-1114.000
823.347; -135.150; -925.000; -729.000
823.600;   17.375;  402.000;  187.000
823.853;  -61.950; -311.000; -267.000
824.105;  -71.250; -331.000; -575.000
824.358; -123.750; -617.000; -716.000
824.611;   27.350;  234.000;   40.000
824.863;  -55.550; -612.000; -591.000
825.116;   51.725;  -33.000;   27.000
825.368;   69.450; -366.000; -372.000
825.621;  148.275; -186.000; -240.000
825.873;   72.475; -704.000; -737.000
826.126;  619.200; -669.000; -641.000
826.378;11840.050; -389.000; -505.000
826.630; 2653.200; -890.000; -898.000
826.883;   26.100; -754.000; -693.000
827.135;   51.125; -279.000; -270.000
827.387; -122.925; -893.000; -839.000
827.639;  -31.625;  -86.000;   32.000
827.892; -130.075; -742.000; -582.000
828.144; -135.600; -848.000; -804.000
828.396;  -43.600;  104.000;  -80.000
828.648; -101.950; -440.000; -333.000
828.900; -158.825; -702.000; -795.000
829.152; -132.175; -684.000; -683.000
829.404;  -83.850; -215.000; -267.000
829.656;   -9.450;  321.000;  214.000
829.908;  -27.325;  393.000;  229.000
830.160; -161.450;-1064.000;-1047.000
830.412; -110.850; -481.000; -430.000
830.664; -134.575; -557.000; -665.000
830.916;  -91.500; -268.000; -206.000
831.167; -187.175;-1073.000; -951.000
831.419; -117.000; -623.000; -566.000
831.671; -152.650; -764.000; -809.000
831.923;  -98.175; -311.000; -447.000
832.174;  -79.675; -273.000; -331.000
832.426; -120.050; -493.000; -582.000
832.678; -183.675;-1043.000;-1091.000
832.929; -182.125; -947.000; -935.000
833.181;  -64.125; -575.000; -677.000
833.432;  -57.300;  -59.000; -186.000
833.684;  -23.375;  112.000;  -27.000
833.935; -125.725; -610.000; -566.000
834.187; -131.825; -829.000; -823.000
834.438;  -58.325;  -58.000;  -25.000
834.689;  -57.375; -255.000; -123.000
834.941;  -73.100; -343.000; -244.000
835.192;  -87.625; -590.000; -533.000
835.443; -116.450; -419.000; -506.000
835.695;  -16.250;  138.000;  -16.000
835.946; -100.100; -608.000; -378.000
836.197; -120.950; -599.000; -622.000
836.448; -108.700; -528.000; -395.000
836.699;  -67.575; -253.000; -341.000
836.950;  -17.025;   72.000;    7.000
837.201; -160.900;-1003.000; -987.000
837.452;  -64.000; -356.000; -170.000
837.703; -132.425; -791.000; -737.000
837.954;  -54.800; -205.000; -365.000
838.205;  -76.950;-1029.000;-1008.000
838.456;  156.600; -196.000; -282.000
838.707;   -3.125; -423.000; -519.000
838.958;    5.625; -634.000; -647.000
839.209;  276.850;   18.000;   40.000
839.460;  107.350; -439.000; -201.000
839.710;  179.125; -135.000; -297.000
839.961;  412.600;  730.000;  612.000
840.212;  344.300; -382.000; -497.000
840.462; 1164.925; -328.000; -277.000
840.713;18498.300; -571.000; -536.000
840.964; 6836.925;  -62.000; -143.000
841.214;  500.150; -384.000; -624.000
841.465;  560.475; -214.000; -141.000
841.715;  519.400; -417.000; -380.000
841.966;  676.650; -746.000; -685.000
842.216; 9995.425; -330.000; -431.000
842.466;35186.275; -169.000; -313.000
842.717; 1758.650; -964.000; -952.000
842.967;  326.425; -635.000; -641.000
843.217;  275.150;   20.000;   28.000
843.468;   81.800; -104.000; -132.000
843.718;  -37.200; -718.000; -726.000
843.968;  -98.425; -837.000; -765.000
844.218;   10.025; -315.000; -262.000
844.469;  -67.175; -577.000; -561.000
844.719; -116.650; -537.000; -682.000
844.969;  -94.225; -550.000; -580.000
845.219; -140.150; -814.000; -862.000
845.469;  -85.400; -392.000; -342.000
845.719; -142.800; -792.000; -884.000
845.969;  -20.350;  119.000;  174.000
846.219; -127.250; -738.000; -720.000
846.469;   19.025;  464.000;  432.000
846.718;  -44.825; -115.000;   31.000
846.968; -142.425; -827.000; -827.000
847.218;  -55.975; -224.000; -371.000
847.468;    2.700; -586.000; -555.000
847.718; -150.050; -827.000; -798.000
847.967; -154.975; -826.000; -915.000
848.217; -101.850; -449.000; -569.000
848.467;  -81.000; -405.000; -376.000
848.716; -118.575; -708.000; -725.000
848.966;   -6.400; -372.000; -358.000
849.215;  -76.875; -428.000; -419.000
849.465; -102.475; -785.000; -615.000
849.714; -148.275;-1132.000;-1150.000
849.964;  -58.525; -551.000; -613.000
850.213;  -38.125; -393.000; -355.000
850.463;   77.950;  137.000;  340.000
850.712;   -7.325; -542.000; -567.000
850.961;    8.500; -739.000; -678.000
851.211;   91.525; -513.000; -504.000
851.460;  147.750; -635.000; -650.000
851.709;  560.450;  -25.000;   18.000
851.958;10790.975; -912.000; -750.000
852.208;12293.725; -859.000; -879.000
852.457;  438.125; -181.000;  -13.000
852.706;   71.250; -791.000; -823.000
852.955;   11.975; -507.000; -528.000
853.204;  -70.925; -521.000; -461.000
853.453;  -89.350; -418.000; -458.000
853.702; -141.150; -660.000; -750.000
853.951; -109.100; -532.000; -520.000
854.200; -110.750; -613.000; -562.000
854.449; -139.550; -695.000; -661.000
854.698;  -96.475; -340.000; -279.000
854.946;  -99.300; -181.000; -284.000
855.195; -163.525; -843.000; -868.000
855.444;  -95.350; -395.000; -420.000
855.693; -129.600; -345.000; -432.000
855.941; -121.075; -387.000; -516.000
856.190;  -59.850; -256.000; -382.000
856.439; -139.925; -652.000; -703.000
856.687;  -65.375;  -99.000;  -72.000
856.936; -130.075; -621.000; -323.000
857.184; -186.950;-1067.000;-1020.000
857.433; -117.000; -423.000; -512.000
857.681; -169.575; -989.000; -953.000
857.930;  -77.925; -282.000; -433.000
858.178; -180.675; -856.000; -929.000
858.427; -163.700; -802.000; -781.000
858.675; -119.650; -377.000; -544.000
858.923; -124.600; -527.000; -819.000
859.172; -196.275;-1094.000;-1070.000
859.420;  -94.675; -339.000; -239.000
859.668; -132.700; -624.000; -628.000
859.916;  -24.050;  109.000;  115.000
860.164; -120.175; -699.000; -603.000
860.413;  316.150; -878.000; -696.000
860.661;  217.425; -709.000; -577.000
860.909;  -95.975; -339.000; -325.000
861.157;  -90.000; -277.000; -444.000
861.405; -133.200; -534.000; -670.000
861.653;   22.250;  310.000;  310.000
861.901;  185.125; -543.000; -613.000
862.149;  -12.250; -801.000; -824.000
862.396;  -85.925; -297.000; -187.000
862.644; -110.375; -368.000; -347.000
862.892;  -63.575;   98.000;  138.000
863.140; -121.450; -549.000; -530.000
863.388; -165.775; -815.000; -759.000
863.635; -137.525; -642.000; -601.000
863.883;  -25.425;  231.000;  190.000
864.131; -109.975; -288.000; -357.000
864.378; -159.625; -675.000; -540.000
864.626; -118.275; -347.000; -415.000
864.873; -120.675; -556.000; -505.000
865.121; -145.050; -714.000; -799.000
865.368;  -56.875; -173.000;   75.000
865.616;  -46.250;  -33.000;  -40.000
865.863;  -86.900; -462.000; -506.000
866.111; -118.125; -795.000; -824.000
866.358;   17.800; -426.000; -420.000
866.605; 2264.850;  -64.000; -804.000
866.853; 2165.225; -621.000; -537.000
867.100;  -51.575; -728.000; -775.000
867.347; -108.375; -672.000; -611.000
867.594;  -88.500; -740.000; -714.000
867.841;   75.125;   97.000;   17.000
868.089; -160.450; -746.000; -698.000
868.336; -124.775; -477.000; -420.000
868.583; -152.375; -637.000; -741.000
868.830;  -60.450; -131.000; -170.000
869.077; -178.350; -859.000; -787.000
869.324; -145.675; -502.000; -458.000
869.571; -128.500; -398.000; -430.000
869.818; -136.750; -485.000; -439.000
870.065; -111.200; -439.000; -513.000
870.311; -114.450; -456.000; -542.000
870.558; -101.125; -332.000; -311.000
870.805; -105.400; -320.000; -384.000
871.052; -119.025; -494.000; -369.000
871.298;  -59.050; -204.000; -131.000
871.545;  -76.350; -151.000; -185.000
871.792;  -88.600; -173.000; -222.000
872.038;  -62.800;   43.000; -126.000
872.285; -135.050; -496.000; -387.000
872.532; -102.075; -357.000; -387.000
872.778;   -7.075;  556.000;  403.000
873.025;  -89.925; -384.000; -359.000
873.271;   10.500;  501.000;  578.000
873.517;  -26.575; -133.000; -209.000
873.764;  -34.175; -193.000;  -80.000
874.010;  -68.450; -143.000; -230.000
874.257;  -45.650;  123.000;   90.000
874.503; -141.725; -579.000; -479.000
874.749;  -80.100;   31.000;  275.000
874.995;  -73.000;  -80.000;  -20.000
875.242; -130.400; -540.000; -478.000
875.488; -107.775; -414.000; -439.000
875.734;  -68.950; -106.000; -234.000
875.980;  215.175; -872.000;-1032.000
876.226;  356.050; -157.000; -255.000
876.472;   -8.725;  343.000;  237.000
876.718;  -49.575;  184.000;  158.000
876.964;  -43.500;   56.000;   55.000
877.210; -177.725; -547.000; -677.000
877.456; -149.200; -630.000; -557.000
877.702; -185.950; -821.000; -832.000
877.948; -104.075; -377.000; -497.000
878.193;   -0.925;  361.000;  255.000
878.439; -107.875; -487.000; -472.000
878.685;  -93.575; -272.000; -343.000
878.931; -139.150; -618.000; -676.000
879.176;  -82.300; -201.000; -201.000
879.422; -173.200; -933.000; -820.000
879.668;   62.275;   10.000;   79.000
879.913;  134.300;   53.000;  137.000
880.159;  -80.850; -112.000;  -17.000
880.404;  -57.450; -152.000; -162.000
880.650;  -57.375;   91.000;  141.000
880.895; -172.975; -670.000; -710.000
881.141; -135.950; -454.000; -428.000
881.386; -168.375; -503.000; -658.000
881.631;  -81.975; -311.000; -166.000
881.877;  -40.075;  112.000;  -13.000
882.122; -153.200; -684.000; -600.000
882.367;  -81.750; -136.000; -186.000
882.612;  -80.350;  -80.000; -176.000
882.858; -182.825; -877.000; -823.000
883.103; -107.000; -297.000; -267.000
883.348; -162.350; -759.000; -852.000
883.593; -161.775; -677.000; -602.000
883.838;  -72.675; -311.000;  -24.000
884.083;   29.950;  353.000;  288.000
884.328;  -99.325; -564.000; -545.000
884.573;  -61.525; -196.000; -143.000
884.818;  220.425; -694.000; -531.000
885.063;  181.325; -348.000; -315.000
885.308; -100.750; -475.000; -398.000
885.553;  -23.800;  245.000;  325.000
885.797; -128.825; -545.000; -615.000
886.042;  -54.025;    8.000;   58.000
886.287;  -83.425; -253.000; -211.000
886.532;  -65.300;   26.000;  204.000
886.776;  -98.900; -407.000; -525.000
887.021; -152.050; -621.000; -574.000
887.265; -163.125; -685.000; -689.000
887.510; -147.025; -557.000; -496.000
887.755; -102.175; -194.000; -164.000
887.999; -144.525; -552.000; -575.000
888.244;  -72.875;  -58.000;  161.000
888.488;  -19.550;  371.000;  393.000
888.732; -141.150; -368.000; -520.000
888.977; -147.350; -622.000; -567.000
889.221; -168.475; -683.000; -659.000
889.465; -127.300; -422.000; -566.000
889.710;  -93.350;  -56.000; -299.000
889.954;   -9.800;  579.000;  467.000
890.198; -153.025; -584.000; -707.000
890.442; -161.400; -716.000; -712.000
890.687; -173.625; -800.000; -753.000
890.931; -100.175; -273.000; -210.000
891.175; -147.250; -502.000; -500.000
891.419;  -86.875; -105.000; -110.000
891.663;  -98.975; -239.000; -112.000
891.907; -175.675; -801.000; -545.000
892.151; -188.525; -920.000; -815.000
892.395; -121.325; -274.000; -387.000
892.638;  -19.225;  408.000;  291.000
892.882; -187.775; -780.000; -867.000
893.126;   12.025;  758.000;  558.000
893.370; -102.250; -167.000; -168.000
893.614; -160.150; -714.000; -715.000
893.857; -101.025; -183.000; -197.000
894.101; -144.875; -527.000; -631.000
894.345;  -58.325;  300.000;  150.000
894.588;    0.875;  569.000;  380.000
894.832;  -90.150; -178.000;  -84.000
895.075;  -99.450;   15.000;  -92.000
895.319; -133.525; -552.000; -420.000
895.563; -132.875; -413.000; -353.000
895.806; -143.450; -628.000; -741.000
896.049;  -61.125; -576.000; -368.000
896.293;   88.400;  527.000;  405.000
896.536;  -87.150; -465.000; -468.000
896.779;  -72.400; -149.000;   -1.000
897.023; -143.650; -751.000; -714.000
897.266;  -36.125;  325.000;  269.000
897.509; -191.850; -900.000; -901.000
897.752;  -54.250;  149.000;  171.000
897.996; -192.750; -972.000; -864.000
898.239;  -53.600;  168.000;  102.000
898.482; -138.350; -431.000; -453.000
898.725;  -43.975;  101.000;   53.000
898.968; -162.175; -609.000; -744.000
899.211; -118.350; -513.000; -361.000
899.454; -135.475; -633.000; -539.000
899.697;  -72.225;   90.000;  -43.000
899.940; -174.850; -761.000; -757.000
900.182; -111.725; -335.000; -405.000
900.425; -101.425; -150.000; -298.000
900.668;  -16.250;  491.000;  350.000
900.911;  -99.075; -292.000; -345.000
901.154;  -66.750;  141.000;   -3.000
901.396; -158.000; -407.000; -412.000
901.639; -148.475; -430.000; -496.000
901.882; -191.650; -790.000; -809.000
902.124;  -90.625;  -29.000; -143.000
902.367; -130.750; -315.000; -361.000
902.609; -142.925; -476.000; -453.000
902.852;  -96.800; -108.000; -260.000
903.094; -147.050; -458.000; -337.000
903.337;  -70.575;  -26.000;   53.000
903.579; -132.050; -228.000; -441.000
903.821; -161.150; -597.000; -744.000
904.064;  -74.175;   85.000;  127.000
904.306;  -84.725; -126.000; -166.000
904.548; -115.750; -152.000; -366.000
904.790; -112.750; -195.000; -340.000
905.033; -152.050; -625.000; -577.000
905.275; -117.350; -513.000; -524.000
905.517;   38.900;  468.000;  256.000
905.759;  -63.150; -667.000; -761.000
906.001; -114.550; -322.000; -369.000
906.243;  -75.350; -162.000; -224.000
906.485;  113.725; -265.000; -207.000
906.727;   93.750; -499.000; -542.000
906.969;  -39.400;  -30.000; -135.000
907.211;  126.600; -316.000; -382.000
907.453;  277.525; -188.000; -237.000
907.695;  -13.125; -158.000; -385.000
907.936;   18.725;  818.000;  706.000
908.178;  -69.025;   92.000; -135.000
908.420;  -82.150; -111.000; -162.000
908.662; -146.050; -633.000; -682.000
908.903; -103.350; -208.000; -123.000
909.145;  -58.400; -240.000; -305.000
909.386;   -6.600;  315.000;  280.000
909.628;   31.375;  363.000;  397.000
909.870;    3.850;   29.000;  264.000
910.111; -107.075; -809.000; -949.000
910.353;    3.125; -123.000; -161.000
910.594;  -18.850; -574.000; -606.000
910.835;   76.150; -265.000; -326.000
911.077;  142.600; -503.000; -604.000
911.318;  282.200; -505.000; -471.000
911.559;  451.750; -577.000; -880.000
911.801; 1361.625; -284.000; -280.000
912.042;10901.550;  -50.000; -159.000
912.283;26539.450;  404.000;  371.000
912.524; 3709.475; -396.000; -457.000
912.765;  459.025; -193.000;   79.000
913.006;  208.525; -307.000; -338.000
913.247;   28.875; -270.000; -290.000
913.488;   -9.650;  -43.000;   30.000
913.729;  -99.125; -373.000; -373.000
913.970;  -75.375;  -96.000; -292.000
914.211;  -81.675; -160.000; -198.000
914.452;  -68.200; -118.000;  -11.000
914.693;    4.700;  510.000;  592.000
914.934;   14.625;  510.000;  440.000
915.175;  -78.450;   53.000;  -95.000
915.415;  -75.225; -137.000;   27.000
915.656;  -67.300;  -28.000;  192.000
915.897;  -96.950; -252.000;  -82.000
916.137;  -76.475;   74.000;   -9.000
916.378; -151.675; -573.000; -517.000
916.619; -104.150; -159.000;  -63.000
916.859;  -32.900;  303.000;  330.000
917.100;  120.625; 1655.000; 1070.000
917.340;   39.350;  930.000;  728.000
917.581;   32.150;  965.000;  789.000
917.821;  -36.600; -171.000;  143.000
918.061;   -1.575; -199.000;  -72.000
918.302;  -65.625; -152.000; -211.000
918.542;  -37.700;  -22.000;    3.000
918.782;   36.575;  369.000;  377.000
919.023;  115.400;  360.000;  427.000
919.263; 1834.900; 8131.000;  202.000
919.503; 1068.175; -137.000;  -54.000
919.743;  642.975;  390.000;  266.000
919.983;  248.375; -134.000;  -26.000
920.223;   75.400;  135.000;   14.000
920.463;  118.850;  631.000;  554.000
920.703;  122.275;   84.000;   39.000
920.943;  133.575; -110.000;   90.000
921.183;  234.800; -414.000; -405.000
921.423;  480.150;  307.000;  546.000
921.663;  705.375; -174.000; -257.000
921.903; 1592.650;  237.000;  173.000
922.143; 8999.925;  372.000;  389.000
922.383;33466.300;  158.000;  115.000
922.622;10425.450; -120.000;  -15.000
922.862; 1119.350;  796.000;  785.000
923.102;  440.775;  -51.000;   33.000
923.341;  147.025;   59.000;   74.000
923.581;   85.325;  450.000;  360.000
923.821;   15.300;  301.000;  398.000
924.060;    8.100;  351.000;  193.000
924.300;  -70.825;  -16.000; -128.000
924.539;  -14.100;  584.000;  473.000
924.779;    3.050;  812.000;  597.000
925.018;  -43.775;  247.000;  353.000
925.257;   -7.275;  595.000;  666.000
925.497;  -47.875;  447.000;  412.000
925.736;  -88.525;  -35.000;  102.000
925.975;    3.450;  687.000;  669.000
926.214;   26.175;  907.000;  850.000
926.454;   22.250;  706.000;  757.000
926.693;  -35.425;  419.000;  543.000
926.932;   27.000; 1021.000;  825.000
927.171;   52.450; 1107.000; 1044.000
927.410;   60.175; 1144.000;  967.000
927.649;   15.025;  924.000;  742.000
927.888;  -15.050;  590.000;  564.000
928.127;  -17.275;  680.000;  678.000
928.366;    7.425;  842.000;  826.000
928.605;   29.475;  831.000;  737.000
928.844;  236.375; 1451.000; 1393.000
929.083;  629.875;  770.000;  613.000
929.321;  317.575; 1335.000; 1359.000
929.560;   76.800; 1158.000; 1122.000
929.799;  -18.750;  574.000;  475.000
930.038;   79.800; 1025.000; 1394.000
930.276;  -70.300;  334.000;  397.000
930.515;  -10.925;  827.000;  681.000
930.753;  -15.175;  614.000;  589.000
930.992;  -28.750;  664.000;  717.000
931.230;   -1.475;  847.000;  847.000
931.469;  162.450; 2162.000;  892.000
931.707;   63.925;  840.000;  751.000
931.946;   59.675; 1278.000; 1344.000
932.184;   52.725; 1437.000; 1175.000
932.423;   42.950; 1265.000;  963.000
932.661;   99.450; 1296.000; 1428.000
932.899;   11.125;  987.000;  821.000
933.137;    5.500;  754.000;  564.000
933.376;  141.100; 1664.000; 1335.000
933.614;  159.850; 1759.000; 1196.000
933.852;   55.675; 1357.000; 1171.000
934.090;  124.050; 1722.000; 1747.000
934.328;   92.250; 1252.000; 1457.000
934.566;   99.150; 1431.000; 1110.000
934.804;  114.675; 1263.000; 1309.000
935.042;  440.675; 1861.000; 1850.000
935.280; 1756.775; 2088.000; 2063.000
935.518; 1566.300; 2113.000; 2007.000
935.756;  353.275; 2481.000; 2316.000
935.994;  155.825; 1808.000; 1751.000
936.231;  344.550; 2890.000; 2950.000
936.469;  194.700; 2367.000; 2378.000
936.707;  160.475; 2220.000; 2167.000
936.945;  231.125; 2825.000; 2882.000
937.182;  196.100; 2679.000; 2741.000
937.420;  298.225; 3602.000; 3031.000
937.657;  402.125; 3365.000; 3478.000
937.895;  355.925; 3331.000; 3488.000
938.133;  318.200; 3540.000; 3528.000
938.370;  338.850; 3896.000; 4191.000
938.607;  394.800; 4488.000; 4205.000
938.845;  559.325; 5587.000; 5549.000
939.082;  467.825; 5387.000; 5177.000
939.320;  554.200; 5799.000; 5728.000
939.557;  629.900; 6549.000; 6491.000
939.794;  732.175; 7285.000; 7097.000
940.031;  934.025; 8421.000; 8368.000
940.269; 1134.725; 9552.000; 9107.000
940.506; 1114.575;10901.000;10507.000

