
Integration time [ms]: 100.000
Averaging Nr. [scans]: 40
Smoothing Nr. [pixels]: 0
Data measured with spectrometer [name]: 2101013U2
Wave   ;Sample   ;Dark     ;Reference
[nm]   ;[counts] ;[counts] ;[counts] 

394.013;   74.235; -450.257; -315.536
394.305;  225.933; -461.258; -419.536
394.596; 1064.156; -676.269; -527.514
394.887; 2528.898; -796.268; -654.518
395.178;  978.578;  145.736;   11.476
395.470;   79.614; -210.263; -356.526
395.761;  241.512;  305.734;  394.479
396.052;  351.758; -545.284; -306.489
396.343;  374.727; -557.276; -454.503
396.634;  138.471; -200.279; -290.497
396.926;  166.695; -618.268; -565.517
397.217;  122.556;   11.725;  -17.504
397.508;   69.822; -366.273; -154.507
397.799;   77.021; -555.279; -571.497
398.090;   22.116; -973.280; -902.495
398.381;  143.810;   11.708;  -11.473
398.672;   12.036; -585.292; -742.473
398.963;   71.577; -348.279; -373.498
399.254;  119.820;   54.709; -209.475
399.545;  -19.491;-1017.266; -883.520
399.836;   90.291; -407.277; -343.501
400.127;   68.561; -205.295; -209.468
400.418;   67.842; -423.274; -392.506
400.709;   81.253; -359.281; -333.493
401.000;   72.349; -268.291; -309.476
401.290;  111.749;  225.698;  115.545
401.581;   71.066; -166.286; -228.485
401.872;   40.384; -542.298; -486.462
402.163;   61.479; -313.296; -252.467
402.454;  102.695; -123.291; -163.475
402.744;   99.645; -844.297; -813.465
403.035;  526.551; -226.293;  -86.471
403.326;  708.564; -366.292; -384.474
403.617;  437.053;  204.701;  165.539
403.907;  252.089; -593.283; -679.490
404.198; 2248.629; -545.307; -599.446
404.489; 5958.494; -618.283; -588.491
404.779; 2112.052; -618.302; -660.456
405.070;  239.081;  -67.304; -174.451
405.360;  334.878; -259.293; -238.472
405.651;  362.589;  125.699;   98.542
405.942;  220.737;  209.714;  127.516
406.232;  349.026; -432.285; -413.487
406.523;  568.696;  641.706;  758.530
406.813;  143.664; -579.286; -644.484
407.104;  410.634;  261.708;  144.527
407.394;  252.305; -604.299; -591.462
407.685;  171.150;  336.715;  222.513
407.975;   86.992; -400.283; -382.490
408.265;  132.860; -134.289; -190.478
408.556;   84.042; -472.291; -459.475
408.846;  179.347;  474.706;  429.530
409.137;   93.343;   -1.288; -216.480
409.427;   61.051; -193.285; -271.487
409.717;   45.100; -776.273; -692.508
410.007;  160.020;    4.715; -170.486
410.298;  103.989; -360.295; -342.469
410.588;   73.448; -495.285; -510.486
410.878;   44.154; -792.287; -873.482
411.168;  131.511; -481.298; -478.463
411.459;  129.712; -295.283; -242.489
411.749;   55.816; -609.292; -507.474
412.039;   74.466; -755.289; -386.480
412.329;  222.609;   40.722;  132.501
412.619;  212.889;  -62.286; -148.485
412.909;  384.662;  639.711;  594.521
413.199;  370.591; -130.280; -251.495
413.490;  447.528;  521.710;  352.523
413.780;  156.020;-1013.279; -913.496
414.070;  341.203;  -46.276;  235.497
414.360;  410.406; -729.278; -666.498
414.650;  446.900; -726.288; -688.482
414.940;  512.819; -538.280; -441.496
415.230;  912.022;   50.712;   74.519
415.520; 5825.231;  155.730;   66.486
415.809;22849.778; -305.281; -125.493
416.099;17678.569; -388.277; -229.501
416.389; 4834.439;  435.726;  236.494
416.679; 2809.042;   91.738;   85.473
416.969;  512.283; -527.287; -503.483
417.259;  447.922;  341.721;  171.503
417.549;  700.227;  522.718;  318.508
417.838; 1556.822; -205.268; -147.518
418.128; 5107.358;  650.710;  492.522
418.418; 4258.806; -491.272; -579.509
418.708; 2914.390;    9.726;  -48.506
418.997;10727.686; -474.275; -480.505
419.287;11148.346; -733.273; -790.507
419.577;10350.736; -160.283; -123.489
419.866;34676.392; -588.277; -498.501
420.156;36115.077; -242.270;  -55.513
420.446; 6619.210; -112.263;  -26.526
420.735;  960.821; -376.271; -446.512
421.025;  868.205; 1830.722;  315.502
421.314;  782.594; -203.271; -226.512
421.604; 1804.840;   89.732;  233.484
421.893; 1063.765; -705.271; -602.511
422.183;  247.060; -487.263; -461.526
422.472;  390.742;  -36.271; -107.511
422.762;  473.465; -416.266; -379.521
423.051;  284.754; -916.276; -916.503
423.341;  345.498; -491.273; -439.507
423.630;  450.771; -121.265;   15.477
423.919;  412.135;   58.725;   49.495
424.209;  381.491;  -31.263;   56.473
424.498;  484.970;   68.732;  161.483
424.787; 1044.076; -535.267; -601.518
425.077; 3265.644;   34.735;   29.478
425.366; 4958.321; -734.262; -744.528
425.655; 9366.049;  639.727;  259.493
425.945;19105.673; -313.247; -268.554
426.234;10752.693;  117.741;  300.467
426.523; 4830.098;  -86.259; -350.534
426.812; 6635.311;  107.734;  159.480
427.101; 9615.787; -127.269; -323.515
427.390;12348.131;  -55.270;  -86.514
427.680; 3186.318; -624.257; -411.538
427.969;  534.803; -330.255; -301.540
428.258;  337.610; -385.257; -477.536
428.547;  573.611;  449.728;  397.490
428.836; 1481.219; -421.253; -398.543
429.125; 2165.775; -199.259;  -72.534
429.414;  883.667; -330.251; -294.548
429.703; 2962.917; -231.251; -213.548
429.992; 8750.570; -938.250; -828.549
430.281; 5764.053; -397.264; -331.524
430.570;  620.157;  -21.252;   32.454
430.859;  666.098;  279.741;  352.466
431.148;  485.969;  636.752;  631.446
431.437;  311.757;  391.748;  367.454
431.725;  163.861; -544.257; -481.536
432.014;  137.101; -845.253; -756.545
432.303;  410.643; -149.239; -105.569
432.592;  682.435; -460.263; -178.525
432.881; 1033.620; -601.248; -437.554
433.169; 5677.704; -343.255;  -61.540
433.458;11593.576;  445.765;  540.424
433.747; 4986.427; -397.261; -289.529
434.036;  995.419; -275.242; -280.564
434.324; 2057.407; -395.249; -379.551
434.613; 3477.963;   40.757;  159.437
434.902; 1234.158;  333.760;  439.433
435.190;  755.367;   75.761;  295.431
435.479;  420.920;  -52.245;   83.441
435.767;  142.853; -411.244; -427.561
436.056;  252.490; -340.242; -294.563
436.345;  378.436; -372.240; -223.568
436.633;  410.853;   60.750;  383.450
436.922;  328.463;  208.760;  414.432
437.210;  846.066; -194.236;    1.426
437.499; 2688.324; -583.235; -432.576
437.787; 2910.766; -339.236;  -10.574
438.075;  689.772;   56.761;  162.430
438.364;  943.225;  -44.238;  250.429
438.652;  574.703; -286.226; -138.592
438.941;  178.242;    3.770;  269.415
439.229;   41.529; -665.252; -466.545
439.517;   52.632; -160.234;  -85.577
439.806;    3.943; -501.225; -290.595
440.094;  230.815;  377.766;  650.421
440.382;  265.219; -653.233; -302.580
440.670;  262.424; -361.235; -285.576
440.959;   43.135; -347.223; -170.599
441.247;   80.953; -151.229; -109.587
441.535;  146.381; -266.235;   31.423
441.823;   56.312; -497.234; -305.578
442.111;  206.133;  173.771;  327.412
442.400;  669.844; -628.245; -335.559
442.688; 1858.690; -111.234; -620.579
442.976; 1400.471; -786.213; -450.617
443.264;  147.250; -324.224; -364.597
443.552;  141.904; -258.226;   51.408
443.840;  191.005;  602.765;  876.423
444.128;  127.068;  265.767;  269.420
444.416;   14.385; -694.228; -312.588
444.704;   49.189; -465.219;  -92.605
444.992;   83.781;   -0.226;  240.407
445.280;   65.918; -517.230;  -94.585
445.568;   70.425; -694.212; -396.618
445.856;  419.249; -174.221;  357.398
446.143; 1013.935;  -54.220;   -7.604
446.431;  800.714;  -25.228;  625.411
446.719;  290.433;  489.783;  675.391
447.007;  185.687;  481.769;  705.416
447.295;  203.282;  597.777;  871.402
447.583;  105.126; -464.229;  -34.587
447.870;  189.320; -434.221; -202.601
448.158;  512.642; -104.230;  129.415
448.446;  380.711; -800.219; -338.604
448.733;  189.776;   13.776;  269.403
449.021;  296.174;   60.788;  341.382
449.309;  203.189; -296.210;  208.379
449.596;  225.629;  128.783;   59.392
449.884;  167.789; -571.222; -325.600
450.172;  152.244; -756.227; -406.590
450.459;  411.905;  645.786;  780.387
450.747; 2145.903; -411.218; -147.608
451.034; 6829.190;  493.772;  889.411
451.322; 5627.583; -413.214; -170.614
451.609;  498.127;  292.777;  508.403
451.897;  541.101; -550.203; -183.634
452.184; 1650.457; -622.223; -400.598
452.472; 1585.760;   97.792;  269.375
452.759;  360.237;  512.781;  864.395
453.047;  128.747; -407.212; -125.617
453.334;   94.720; -732.219; -216.606
453.621;  110.060; -438.214; -161.615
453.909;  133.143;   13.796;  384.368
454.196;  125.212; -299.199; -123.641
454.483;  223.639;  317.798;  540.364
454.771;  144.988; -215.208;  196.374
455.058;   58.591; -316.207;  102.374
455.345;  102.192;   71.807;  344.347
455.632;   86.019; -128.207;  235.373
455.919;   59.235;  -82.196;  182.354
456.207;  -63.058; -774.198; -450.642
456.494;    0.200; -475.200;  -66.639
456.781;   15.659; -399.202; -198.635
457.068;   67.326; -253.206;  -29.628
457.355;   -4.573; -698.206; -401.629
457.642;    5.482; -552.205; -290.630
457.929;   13.758; -778.194; -417.651
458.216;   71.897; -575.212; -354.617
458.503;  214.387; -173.193;  -19.652
458.790;  205.736; -864.208; -630.625
459.077;  269.939;  -77.202;  110.364
459.364;  757.801; -350.195; -210.649
459.651; 1579.724;  -46.206;  220.372
459.938;  734.701; -864.209; -665.623
460.225;  151.692;  132.799;  276.363
460.512;  -39.543; -836.197; -688.645
460.799;   99.102;  -32.218;  320.392
461.086;  100.230; -370.200; -251.640
461.372;   63.292; -509.198; -279.642
461.659;  157.161; -165.196;  108.354
461.946;   87.911; -445.193;  -54.651
462.233;  253.903;  842.800;  888.361
462.519;  339.324; -814.201; -464.639
462.806;  943.757; -768.197; -497.645
463.093;  832.581; -445.191;  -66.656
463.380;  -14.928; -920.186; -824.664
463.666;   67.534; -259.197;  -18.646
463.953;   97.596; -406.195; -243.648
464.239;  200.346; -173.195;  -77.648
464.526;  426.481;  413.806;  743.350
464.813;  385.618; -565.190; -304.658
465.099;  375.562;  606.807;  607.348
465.386;  379.491;  903.807;  921.348
465.672;   64.807; -694.197; -522.645
465.959;   40.960; -598.188; -520.662
466.245;   43.741; -468.193; -359.652
466.532;  128.919; -109.195;   63.352
466.818;   94.971; -357.186; -216.664
467.104;   23.361; -488.182; -415.672
467.391;   -7.730; -628.189; -459.658
467.677;   28.450; -289.186;    9.335
467.964;   31.226; -682.189; -471.660
468.250;   81.878; -331.186; -160.665
468.536;   98.971;   90.811;  180.341
468.822;  -29.836; -821.184; -574.668
469.109;  148.915;  351.827;  471.311
469.395;  193.150;  729.808;  787.346
469.681;  197.074;   46.811;  156.341
469.967; 1152.953; -699.188; -382.660
470.254; 2466.461; -494.188; -306.662
470.540; 1598.759; -601.196; -476.646
470.826;  233.097; -488.181; -397.675
471.112;  272.543;  288.816;  113.331
471.398;   97.797; -253.183;  -58.670
471.684;   56.974; -626.177; -447.680
471.970;    2.775; -918.180; -981.675
472.256;   25.699; -521.192; -441.654
472.542;   32.901; -499.171; -434.691
472.828;   31.582; -743.182; -607.672
473.114;   42.593; -380.166; -283.700
473.400;   37.866; -504.175; -293.684
473.686;   40.450; -452.166; -400.701
473.972;   59.330; -230.174; -131.687
474.258;  -42.085; -925.173; -843.689
474.544;  181.791; -183.178;   -2.679
474.830;  286.767;  -65.175;   45.316
475.116;  415.469; -123.190; -196.658
475.401;  570.653; -558.180; -467.676
475.687;  186.402; -725.180; -718.676
475.973;   19.065; -673.181; -770.673
476.259;  276.170;  736.825;  764.315
476.544;  362.132; -539.176; -437.682
476.830;  692.572; -398.172; -322.690
477.116;  610.831; -430.177; -336.682
477.401;  139.752;  346.820;  358.324
477.687;  -24.659; -289.175; -405.684
477.973;   54.293;   21.819;   28.326
478.258;    2.170; -448.163; -348.706
478.544;   63.933;   21.815;   61.334
478.829;  -49.769; -818.171; -738.692
479.115;  -26.803; -749.172; -651.690
479.401;  -21.799; -444.174; -449.686
479.686;   36.051; -253.180;  -74.676
479.972;  -36.929; -886.178; -776.680
480.257;   23.120; -258.166;  -65.700
480.542;   -5.815; -614.170; -469.693
480.828;  240.589; 1288.824; 1392.317
481.113;  -20.838; -464.176; -426.683
481.399;    9.918; -236.161; -202.711
481.684;  -54.931; -620.166; -462.700
481.969;   24.706; -158.159;  -73.713
482.255;   -3.105; -439.169; -285.695
482.540;    4.947; -569.178; -441.680
482.825;   -0.733; -395.187; -404.663
483.110;   85.024;  -85.169; -105.696
483.396;  160.152; -840.157; -652.718
483.681;  441.605;  543.826;  730.313
483.966;  137.300; -696.160; -700.712
484.251;   18.854; -404.174; -310.687
484.536;  -10.370; -356.165; -378.703
484.822;   22.082; -205.173; -218.687
485.107;  -40.235; -599.152; -502.726
485.392;  135.235;  662.836;  541.296
485.677;   81.458;  354.832;  163.302
485.962;  109.500;  160.843;  270.283
486.247;   87.652;  -14.162;   -8.707
486.532;   45.321; -178.166; -325.701
486.817;  161.637;  381.839;  431.291
487.102;  130.073; -453.154; -514.722
487.387;  579.754; -637.156; -652.718
487.672; 1015.741; -154.164;  -38.705
487.957;  649.694; -394.160; -286.711
488.241;  201.306; -290.150; -314.729
488.526;  661.116; -280.152; -148.726
488.811; 1041.849; -881.177; -818.680
489.096;  804.951; -666.154; -702.723
489.381;  446.262;    3.847;  162.275
489.666;  318.468; -428.161; -510.710
489.950;  171.754;  558.846;  627.277
490.235;  -29.424; -480.151; -458.728
490.520;  -34.283; -756.161; -723.710
490.804;  -56.969; -827.156; -736.719
491.089;   18.872; -469.149; -299.732
491.374;   36.439; -132.164;  -75.704
491.658;   -8.167; -817.147; -717.735
491.943;  176.895; -657.152; -609.727
492.227;  293.594; -178.155;  -38.721
492.512;   65.224; -294.157; -341.717
492.797;  -52.584; -713.149; -716.731
493.081;  -57.414; -588.147; -598.735
493.366;  -32.332; -751.161; -635.711
493.650;  210.463;  831.859;  917.254
493.935;   33.107; -648.147; -447.734
494.219;  -46.475; -778.142; -687.743
494.503;  -47.239; -585.150; -487.730
494.788;   45.791;   46.842;   74.285
495.072;  108.107;  184.850;  434.271
495.356;  150.675; -463.148; -343.733
495.641;  471.592; -812.146; -736.736
495.925;  468.811; -976.156; -903.719
496.209;   43.771; -599.149; -451.732
496.494;  -40.499; -763.142; -544.744
496.778;   13.273; -364.154; -360.722
497.062;  -53.265; -819.156; -627.719
497.346;  -44.004; -869.160; -640.711
497.631;  146.453;  580.852;  560.266
497.915;   72.677;  -64.145;  175.261
498.199;   61.127; -341.157; -277.718
498.483;   42.614; -562.152; -508.725
498.767;  190.259;  301.850;  300.271
499.051;  169.169; -126.149; -100.732
499.335;   22.817; -693.149; -739.731
499.619;  -20.238; -381.129; -423.767
499.903;   24.468; -272.155;  -65.721
500.187;   32.305; -588.153; -316.724
500.471;   42.770; -796.152; -595.727
500.755;  125.892;   62.839;  -96.710
501.039;   27.118; -270.155; -357.721
501.323;   95.539;  -21.141;  264.254
501.607;   43.070; -447.163; -503.706
501.891;   18.904; -607.156; -512.718
502.174;  -23.662; -726.144; -585.741
502.458;   77.198;   89.849;  370.273
502.742;   47.063; -180.138; -191.751
503.026;   72.732; -412.147; -254.734
503.310;  143.830; -437.159; -375.713
503.593;  103.383; -464.147; -325.735
503.877;  127.302; -232.133; -156.760
504.161;  200.833;    2.847;  -50.724
504.444;  140.418; -841.158; -710.716
504.728;  406.288; -487.164; -522.704
505.012;  637.405; -257.150;  -76.729
505.295;  507.343; -417.161; -212.711
505.579;  488.210; -256.156; -496.719
505.862;  659.224; -555.145; -333.738
506.146;  627.207; -681.159; -758.714
506.429;  400.408;  568.841;  461.286
506.713;   54.428; -732.151; -667.728
506.996;  286.198;   90.846;  295.278
507.280;  302.634; -633.165; -474.703
507.563;  225.091; -469.155; -261.721
507.847;   73.656; -423.153; -112.724
508.130;   70.669; -665.161; -456.711
508.413;   96.116; -758.167; -577.700
508.697;  217.741; -151.167;   12.300
508.980;  130.707; -422.153; -312.724
509.263;   -1.712; -466.155; -450.720
509.547;   30.130; -124.150;   82.271
509.830;   49.171; -172.160;  140.289
510.113;   77.285;  128.844;  298.281
510.396;   38.588; -530.152; -300.725
510.680;  223.850; -818.145; -812.738
510.963;  851.427;  184.846;  180.277
511.246;  765.188; -493.150; -357.730
511.529;  291.455; -482.145;  -83.739
511.812;  331.624; -250.134;   10.241
512.095;  224.075; -740.151; -396.728
512.378;   58.012; -317.147; -245.736
512.661;   26.695; -703.137; -623.753
512.944;   16.352; -750.142; -637.744
513.227;   55.517; -170.137; -171.752
513.510;   39.063; -479.144; -671.741
513.793;   24.693; -485.140; -435.747
514.076;  149.432;  -43.127;  -39.771
514.359;  106.872; -294.149; -135.732
514.642;   82.930; -442.142; -567.744
514.925;  667.292;  581.860;  561.253
515.208;  872.745; -498.134; -443.758
515.491;  582.684; -276.133; -182.761
515.773;  331.442; -410.143; -337.742
516.056; 1850.251;  249.864;  409.246
516.339; 2563.855; -754.136; -652.755
516.622; 2017.585; -518.150; -488.730
516.904; 1579.549;  882.857;  975.257
517.187;  738.941; -730.138; -523.752
517.470;  416.723; -568.143; -510.743
517.752;  393.233; -624.136; -470.756
518.035;  319.454; -708.139; -725.749
518.318;  321.130; -799.136; -744.755
518.600; 2059.462; -300.132; -325.762
518.883; 2885.779;  310.858;   88.256
519.165; 1415.684; -585.138; -426.751
519.448;  402.387;  -61.132;  -19.762
519.730;  229.614; -573.126; -415.773
520.013;  339.430;  588.867;  664.240
520.295; 1084.350;  -94.134;  -15.759
520.578; 2432.825; -335.131; -305.764
520.860; 2686.637; -254.132;   56.238
521.143; 1342.960; -763.135; -584.756
521.425;  478.752; -251.125; -279.775
521.707;  627.882; -622.127; -380.771
521.990; 1578.958; -199.127;  167.229
522.272; 1795.570; -116.140;   -4.748
522.554;  908.542; -237.143; -157.742
522.836;  424.598;  -24.134;   99.241
523.119;  242.006; -496.148; -189.734
523.401;  164.331; -448.130; -314.766
523.683;   84.321; -865.137; -693.753
523.965;  259.089;  408.862;  260.248
524.247;  247.098;   54.878;  170.220
524.529;  193.950; -451.134; -367.759
524.812;  337.858;   -3.130;  191.234
525.094;  761.114; -773.138; -631.751
525.376; 1204.436; -143.124;   78.223
525.658;  728.103; -441.136; -339.754
525.940;   13.296; -805.131; -671.764
526.222;   49.081; -188.136;  -88.755
526.504;  137.619; -190.131;   32.237
526.786;  265.853; -960.133; -647.760
527.068;  403.366; -124.123;  -67.778
527.349;  191.749; -865.137; -774.754
527.631;  145.662; -137.132;   22.238
527.913;  122.057; -664.127; -450.771
528.195;  137.420; -761.125; -639.774
528.477;  222.295;  -93.134;  -30.758
528.759;  106.058; -648.130; -522.766
529.040;   46.890; -569.123; -293.778
529.322;   49.448; -235.125;  -10.774
529.604;  164.860;  -47.130;   93.233
529.886;  172.489; -546.126; -302.773
530.167;  137.027;  232.870;  192.235
530.449;   39.062;    1.853;   63.265
530.731;   12.247; -572.122; -459.779
531.012;   63.792; -513.120; -216.784
531.294;   59.656; -118.116;  -43.792
531.575;  143.652;  290.875;  538.225
531.857;   38.440; -548.135; -266.757
532.138;   95.888; -113.141;   40.254
532.420;  208.087;  294.865;  403.244
532.701;  278.405; -722.133; -751.760
532.983;  386.883;  232.867;  182.239
533.264;  170.762; -243.126;  175.228
533.546;  -26.894; -491.136; -508.755
533.827;   69.877;  173.867;   -1.759
534.109;   62.665; -352.135;  -80.757
534.390;  121.816; -725.132; -582.762
534.671;  252.336; -270.135;  -82.756
534.953;  133.393; -751.123; -611.779
535.234;    9.241; -426.117; -255.789
535.515;  -73.374; -891.119; -735.785
535.796;  -14.097; -431.128; -193.770
536.078; -114.464;-1050.124; -904.777
536.359;   14.569;  -22.123;    3.221
536.640;   -9.253; -480.125; -197.774
536.921;  162.666;  225.871;  143.232
537.202;  362.610;  -87.138;  -16.751
537.483;  426.199;  251.869;  377.236
537.764;  150.777;   17.870;   98.235
538.045;  -31.630; -543.134; -371.758
538.326;  -32.733; -596.129; -447.768
538.607;   15.183; -686.127; -476.771
538.888;  161.284;   98.879;    5.218
539.169;  161.428; -704.122; -535.781
539.450;  336.364;  236.871;   16.233
539.731;  219.087; -361.121; -182.783
540.012;  141.592;  199.880;  412.216
540.293;   89.755;   82.876;  158.224
540.574;   36.376; -895.113; -717.796
540.855;  459.786;  435.879;  377.218
541.136;  517.051;   47.878;  139.220
541.416;  262.434; -161.130; -220.766
541.697;  182.945; -274.131; -170.763
541.978;  942.889; -270.135; -315.757
542.259; 1173.133; -211.127; -236.771
542.539;  559.175; -191.116; -186.790
542.820;  191.677;  461.875;  480.225
543.101;  145.527;  -52.145;  -77.738
543.381;   52.758; -638.127; -591.771
543.662;  253.956;  159.873; -254.771
543.942;  508.654; -751.127; -830.770
544.223;  923.027;  193.878;  161.219
544.504;  599.160; -275.124; -182.777
544.784;  522.939; -592.126; -408.773
545.065; 1491.728;  104.884; -254.791
545.345; 1774.626;  227.881;   14.215
545.626; 1150.150;  -14.113; -108.796
545.906;  766.877;   77.869;   98.235
546.186;  314.894;   92.874;  -95.773
546.467;  173.988;   99.877;  -95.778
546.747;  304.599;  264.884;  327.210
547.027;  332.434;   91.876;  111.223
547.308;  278.853; -376.127; -530.770
547.588;  358.043;  299.871;  371.232
547.868;  195.753;  458.870;  588.235
548.149;  187.761;  609.885;  593.207
548.429;  106.756; -347.127; -299.771
548.709;  160.217; -645.120; -461.784
548.989;  411.060;   84.882;   88.213
549.269; 1843.810;   10.868;  139.239
549.550; 4221.292;  215.877;  117.222
549.830; 3751.493; -758.111; -556.799
550.110;  753.750; -468.110; -320.801
550.390;  685.372; -128.122;  -56.779
550.670;  983.771; -868.114; -783.795
550.950;  723.786; -509.121; -471.782
551.230;  178.882;  549.879;  460.218
551.510;  -15.166; -381.121; -326.782
551.790;   26.833; -173.109; -127.803
552.070;  240.413;  940.877; 1181.223
552.350;  346.630; -492.119; -377.786
552.630;  493.430;   -2.121;   77.219
552.909;  302.929;  181.884;   73.209
553.189;  212.992;  -49.132;   33.237
553.469;  156.654; -703.119; -514.786
553.749;  159.609; -469.127; -357.772
554.029;  147.845;   33.883;  -24.790
554.308;  123.365; -154.115;  -37.794
554.588;   55.377; -196.128; -204.770
554.868;   66.186; -366.121;  -47.782
555.147;  113.262; -114.115;  -46.793
555.427;  518.506; -260.116; -250.792
555.707; 3373.085; -284.115; -200.793
555.986; 4068.071; -719.111; -538.800
556.266; 2144.073;   23.884;   72.210
556.546;   88.085; -888.121; -675.782
556.825;  222.844; -657.114; -556.794
557.105; 1565.575; -125.128;   17.230
557.384; 1815.928;  122.884;  187.209
557.664;  667.480; -717.116; -508.792
557.943;   75.636; -557.121; -411.782
558.222;  148.388; -345.118; -344.788
558.502;  242.963; -116.115;  -76.793
558.781;  427.859;  194.885;  499.208
559.061;  349.913; -232.118; -227.788
559.340;  243.318;  302.883;  353.211
559.619;  593.473;   93.884;  148.210
559.899;  884.220; -239.117; -266.789
560.178;  801.413; -778.115; -593.793
560.457; 2744.721; -623.117; -562.790
560.736; 3807.797; -472.111; -482.800
561.015; 2525.323; -500.128; -502.769
561.295;  340.602;  180.893;  215.193
561.574;  322.585;  119.885;  116.207
561.853;  465.537;  274.891;  303.197
562.132;  434.990;  -45.114;  182.206
562.411;  387.905;  396.879;  553.219
562.690;  101.209; -592.115; -458.792
562.969;  126.257;  472.888;  630.203
563.248;  486.103; 2966.878; 2487.219
563.527;  238.572; -290.111; -408.800
563.806;  314.006; -650.127; -521.771
564.085;  357.867; -297.105; -206.810
564.364;  196.523; -594.117; -405.790
564.643;  432.056; -276.121; -223.781
564.922; 1606.931;  221.890;  397.198
565.201; 1614.760; -640.109; -700.803
565.479;  659.982; -297.115; -219.792
565.758;  277.900; -810.128; -712.770
566.037;  408.461; -155.109; -100.803
566.316;  214.853; -286.116;  -28.791
566.595;   49.310;  -17.115;  -12.793
566.873;   79.548; -166.111;  -79.801
567.152;  -54.593; -490.113; -590.797
567.431;    0.774; -113.116;    6.210
567.709;    1.102; -344.107; -212.807
567.988;  206.944; -810.114; -769.794
568.266;  462.410; -160.115;  -68.793
568.545;  317.438; -644.100; -514.819
568.824;  505.682;  160.885;  356.208
569.102;  455.893; -351.114; -235.794
569.381;  190.806; -492.116; -407.792
569.659;  -43.722; -553.113; -553.796
569.938;   25.526; -743.122; -465.780
570.216;   95.563; -225.109; -225.804
570.494;  -43.478; -632.114; -572.795
570.773;   36.584;  202.879;  114.218
571.051;   -8.459; -373.123; -357.778
571.330;   42.276; -221.113; -174.796
571.608;   20.981; -181.098; -173.823
571.886;  -74.659; -671.111; -581.799
572.164;  -69.089; -739.121; -621.782
572.443;  -45.304; -562.105; -512.811
572.721;  -35.554; -399.117; -289.790
572.999;  -26.485; -280.117; -168.788
573.277;   97.764;  379.894;  620.191
573.555;  265.641;   94.894;   37.190
573.834; 1144.665;  -86.117; -114.788
574.112; 1386.405;  880.893;  811.193
574.390;  408.873; -143.111;  -96.801
574.668;    2.633;  -91.112;  -61.797
574.946;  -15.108; -165.106; -187.810
575.224;   13.109;   71.891;  -16.803
575.502;  -18.599; -200.116; -204.791
575.780;  -90.266; -767.112; -829.798
576.058;  192.497; 1589.889; 1004.200
576.336;  -15.673; -210.110; -129.801
576.614;  -48.866; -511.112; -340.798
576.891;   34.389; -711.115; -823.794
577.169;  386.971; -158.108; -285.805
577.447;  509.054;  169.893;  202.193
577.725;  246.138;  629.888;  854.201
578.003;   12.211;  -71.112; -371.798
578.280;   85.804; -208.104; -242.812
578.558;   59.413; -450.115; -422.793
578.836;  127.671; -210.114; -145.795
579.114;   60.282; -630.112; -670.797
579.391;   72.766;   -6.117;  -18.789
579.669;  -71.010; -595.114; -704.794
579.947;  137.576; -326.107; -127.806
580.224;  275.651; -692.107; -524.806
580.502;  269.005;  127.893;   76.193
580.779;   25.747;  -42.117;   75.210
581.057;  -67.411; -584.109; -470.804
581.334;  -93.231; -726.102; -695.815
581.612;   40.342;   54.895;  511.190
581.889;  -22.843;  -83.101; -129.818
582.167;  -25.904; -298.099; -190.821
582.444; -102.423; -845.102; -814.817
582.721;   97.727;  657.899;  715.183
582.999;   44.693; -326.100; -167.821
583.276;  426.920; -812.123; -713.779
583.553;  589.422; -364.102; -294.816
583.831;  168.376; -607.104; -631.812
584.108;   63.469;  349.892;  174.195
584.385;    7.493; -122.102;  -98.815
584.662;  -70.276; -651.111; -828.801
584.940;   27.673;  204.889;  204.199
585.217;   -7.197;  -73.113; -303.796
585.494;   44.482;   71.890;  118.198
585.771;  186.514; -250.109; -354.804
586.048;  438.578; -196.113;  -76.796
586.325;  265.176; -721.110; -773.801
586.602;   83.105;  230.896;  213.188
586.879;  -17.435; -499.100; -580.820
587.156;   48.793; -156.105; -331.810
587.433;  -39.625; -701.102; -667.817
587.710;   55.935;  152.888;  234.202
587.987;  268.273; -264.105; -236.811
588.264;  711.686;  315.888;  387.202
588.541; 1212.132;  -61.104;   26.187
588.818; 2433.291;   72.892;  171.196
589.095; 2062.978; -163.104; -174.812
589.371;  338.037; -459.109; -414.804
589.648;    7.205; -581.107; -437.807
589.925;   18.897; -517.114; -621.795
590.202;    1.134; -741.112; -607.798
590.478;   80.775; -166.105;  -73.811
590.755;  215.547; -241.108; -132.806
591.032; 2156.178; -741.110; -699.802
591.308; 2924.520; -732.094; -790.831
591.585; 1512.903; -573.110; -560.802
591.862;  105.126;-1056.102; -950.817
592.138;   44.045; -475.108; -474.805
592.415;  126.881; -486.104; -495.813
592.691; 1293.203;  460.896;  518.188
592.968; 1682.657; -208.098; -123.824
593.244;  795.874; -695.116; -595.790
593.521;   54.052; -105.102;  -42.817
593.797;  -36.376; -810.122; -720.780
594.074;  283.420; -611.096; -588.826
594.350;  588.681;  828.905;  729.172
594.626;  276.199; -303.111; -283.801
594.903;   82.277; -643.101; -645.817
595.179;  168.409;  243.896;  418.187
595.455;   14.681; -136.107; -150.807
595.731;    6.536;  -19.103;  -38.814
596.008;  -40.307; -464.111; -434.800
596.284;   15.442; -187.100; -242.820
596.560;   39.151; -501.093; -493.833
596.836;  162.170; -173.105;  -70.810
597.112;  294.046; -582.108; -437.805
597.388;  236.843;  -49.097;  -48.826
597.665;  108.755;  437.887;  530.203
597.941;  -56.470; -572.089; -658.839
598.217;   12.506; -323.110; -293.802
598.493;  236.566;   61.891; -204.804
598.769;  445.887; -175.100;  -50.819
599.045;  255.324; -490.108; -562.806
599.321;   51.041; -193.100; -261.820
599.597;  116.215; -355.109; -476.804
599.872;  425.182;  409.896;  429.187
600.148;  335.319;  -61.097; -172.826
600.424;  259.453;   91.893;  202.193
600.700;  204.831; -170.107; -280.807
600.976;   97.964; -442.097; -464.825
601.252;  202.787; -226.109; -272.803
601.527;  156.858; -833.104; -840.813
601.803;  128.951; -453.105; -404.812
602.079;  168.187; -124.100; -118.819
602.354;  469.286; -620.092; -531.835
602.630;  717.753; -140.113; -482.796
602.906; 2002.532; -910.101; -863.818
603.181; 5852.554; -627.119; -534.786
603.457; 4947.917;   98.903; -278.826
603.733;  734.613; -605.120; -626.783
604.008;  847.042; -245.106; -164.810
604.284; 2696.053; -636.101; -580.817
604.559; 2289.088;   -3.112;  -42.799
604.835;  419.445; -163.105; -225.810
605.110;  339.671; -732.099; -892.821
605.385;  590.204;  224.907;  267.167
605.661;  555.158; -625.095; -729.829
605.936;  993.199; -664.108; -737.806
606.211;  843.942;  -17.103; -170.815
606.487;  179.042; -329.114; -376.794
606.762;    7.380; -791.119; -745.786
607.037;  -21.405; -501.105; -433.810
607.313;  -38.348; -589.096; -574.828
607.588;  -17.258; -375.106; -137.810
607.863;   34.057;  -28.101; -143.818
608.138;  164.780;  513.890;  516.198
608.413;    9.600; -576.099; -592.822
608.688;   15.195; -203.108; -267.805
608.964;  157.861; -509.106; -218.809
609.239;  213.342; -107.105; -212.810
609.514;  230.650;  281.895;  240.188
609.789;  573.854; -187.104; -716.812
610.064;  769.626; -435.096; -609.827
610.339;  740.887; -855.109; -799.804
610.614; 1020.417; -131.100; -315.820
610.889;  564.400;  215.895;  107.188
611.163;   28.276; -407.104; -591.812
611.438;   65.068;   81.886; -167.794
611.713;   -0.472; -467.101; -499.817
611.988;   39.981; -144.101; -328.818
612.263;  -34.631; -771.102; -717.815
612.538;  181.827;  385.887;  251.204
612.812;  110.143; -832.100; -911.820
613.087;  108.030; -358.098; -338.823
613.362;  -64.144; -497.107; -557.807
613.637;   21.613;  261.897;  138.186
613.911;  -29.689; -256.092; -345.835
614.186;   97.079; -249.107; -292.807
614.460;  555.828; -842.081; -758.854
614.735;  664.653;  -55.087;  -17.843
615.010;  128.418;   43.912;  -82.841
615.284;  238.720;  360.892;  246.195
615.559;  311.910; -792.092; -955.835
615.833;  264.723;  -76.099;  -87.822
616.108;   -4.303; -225.090; -390.837
616.382;  120.979;  274.913;  402.156
616.656;  124.922; -241.090; -232.837
616.931;  438.649; -785.099; -700.822
617.205;  937.984; -973.104; -979.813
617.480;  834.450;  -91.125;    6.225
617.754;  130.448; -396.125; -128.774
618.028;   -6.631; -369.129; -382.768
618.302;   57.343;   73.892;  -25.805
618.577;  -52.385; -371.103; -518.815
618.851;  -68.966; -399.109; -600.803
619.125;  -61.875; -335.134; -378.759
619.399;  -38.691; -244.104; -374.813
619.673;  -54.743; -330.115; -515.792
619.947;  -46.279; -333.114; -448.795
620.222;  -25.675; -198.110; -204.801
620.496;   -5.539;  -47.121;  -96.782
620.770;   18.353; -187.122;  -93.781
621.044;  193.893;  323.895;  346.190
621.318;  634.589; -653.120; -614.783
621.592;  564.337; -430.121; -409.783
621.866;  290.889; -476.112; -572.799
622.140;   15.051; -207.116; -356.791
622.413;   66.118;  138.889;  112.200
622.687;  -58.921; -746.101; -492.817
622.961;    8.243; -130.108; -143.805
623.235;  -69.081; -633.111; -661.800
623.509; -108.675; -816.105; -848.811
623.783;   -4.673;  -12.107;   48.193
624.056;  -19.435; -254.120; -280.783
624.330;   36.858;   63.888;   -3.797
624.604;   17.823; -271.116; -355.790
624.877;   74.029;  180.890;   26.198
625.151;   12.766; -249.114; -238.794
625.425;  -63.614; -150.103; -283.814
625.698;  -57.251; -367.119; -374.785
625.972;  -97.043; -799.110; -765.802
626.245;   70.774;  685.884;  484.210
626.519;  -56.606; -426.120; -340.784
626.792;  -46.620; -192.107; -380.807
627.066;  -89.404; -485.122; -662.779
627.339; -111.722; -736.110; -663.802
627.613;   39.068;  351.880;  148.216
627.886;   40.908;  187.891; -612.803
628.160;   -9.036;  312.880; -161.783
628.433; -102.172; -695.125; -703.775
628.706;  -91.756; -517.120; -615.784
628.979;   16.909;  296.876;  117.223
629.253; -100.596; -785.119; -833.786
629.526;  305.288; -334.126; -253.772
629.799;  281.891; -641.123; -479.778
630.072;  122.320; -497.128; -516.769
630.346;  -72.576;-1115.116;-1080.790
630.619;  391.906; -467.107; -545.808
630.892;  541.595;  709.889;  593.200
631.165;  297.684;  790.896;  679.187
631.438;  -90.739;-1092.112;-1055.798
631.711;   40.994;  453.877;  257.221
631.984;  -56.680; -523.117; -624.789
632.257;  -72.009; -636.117; -681.789
632.530;  -52.251; -412.119; -433.785
632.803;   19.464; -109.115;    7.207
633.076;  -77.462; -360.123; -422.777
633.349;   19.699;  173.872;  121.231
633.622;  -50.302; -187.119; -240.785
633.895; -123.685; -903.120; -823.783
634.167;  -68.585; -496.126; -525.773
634.440;  -17.244;  -19.116; -137.792
634.713;   -9.772;  -22.119; -120.786
634.986;   72.264;  593.871;  453.233
635.258;  -85.288; -507.115; -597.793
635.531;   89.787;  742.882; -343.788
635.804;  -32.806; -303.117; -318.789
636.077;  -77.098; -830.116; -852.791
636.349;  -12.914; -586.115; -474.793
636.622;  353.337; 1695.874; 1392.228
636.894;  189.219; -474.120; -909.784
637.167;  109.856; -836.127; -789.771
637.439;   16.377; -278.128; -213.770
637.712;  -45.887; -312.126; -293.772
637.984;  -80.223; -635.116; -707.791
638.257;  357.313;  515.877;  488.222
638.529;  518.979; -881.125; -924.776
638.802;  209.570; -508.128; -449.769
639.074; -109.223; -927.122; -952.781
639.346; -120.333; -942.135; -930.757
639.619;    3.678;  -79.142; -319.744
639.891;  -17.104;  -83.122; -168.779
640.163;  -85.927; -689.122; -756.780
640.435;   26.875;  273.878;  103.220
640.708;    9.876;  -72.122; -132.780
640.980;  -40.972; -366.122; -362.781
641.252;  175.880;  -25.121;  -71.781
641.524; 1670.157;  580.879;  573.219
641.796; 1658.609;-1094.121; -907.782
642.068;  316.660; -191.121; -300.782
642.340;  -53.838; -486.121; -566.783
642.613;   25.639;  294.880;  323.217
642.885;  -94.359; -787.120; -878.783
643.157;  -61.807; -810.120; -658.784
643.428;   48.394;  170.880;  218.216
643.700;  -70.329; -498.120; -425.784
643.972;  -36.027;  -16.119; -133.785
644.244;  -92.725; -474.119; -559.785
644.516;  -59.199; -250.119; -114.786
644.788;   51.078;  662.881;  548.214
645.060;  -28.395;  -12.119; -124.786
645.332; -100.193; -525.118; -535.787
645.603;   25.684;  479.882;  342.213
645.875;  -82.540; -334.118; -369.787
646.147;  163.512; 1487.882; 1242.212
646.418;  -76.986; -931.117; -918.788
646.690;   97.291; -714.117; -715.789
646.962;    6.793; -413.117; -451.789
647.233;   -6.631;   15.883;   11.211
647.505; -119.379; -595.117; -475.790
647.776;   29.898;  328.884;  229.210
648.048;  -22.725; -248.116; -418.790
648.320;  -82.573; -752.116; -679.791
648.591; -157.972;-1055.116; -958.791
648.862;  -88.795; -505.116; -577.792
649.134;    7.732;  115.885;  198.208
649.405;  -61.416; -661.115; -618.792
649.677;  -63.815; -475.115; -598.793
649.948;  -19.738; -181.115; -296.793
650.219;  -18.111;  -37.115; -147.793
650.491;  -77.934; -431.114; -520.794
650.762; -133.232; -705.114; -731.794
651.033;  -80.781; -437.114; -424.795
651.304;  -94.979; -743.114; -728.795
651.576;  -76.202; -680.114; -645.795
651.847;  -44.925; -250.113; -140.796
652.118;  -15.898;  -32.113; -189.796
652.389; -109.247; -639.113; -722.796
652.660;  -38.370; -147.113;  -89.797
652.931; -150.143; -897.112; -871.797
653.202;  -85.791; -382.112; -541.798
653.473;  -66.139; -633.112; -533.798
653.744;  126.212; -595.112; -590.798
654.015;  119.589; -356.112; -303.799
654.286;  -69.834; -642.111; -663.799
654.557;  -74.732; -586.111; -521.799
654.828; -162.606;-1114.111;-1088.800
655.099;  -76.754; -404.111; -291.800
655.370;  -96.127; -427.111; -543.801
655.641; -120.025; -656.110; -714.801
655.911; -103.998; -618.110; -638.801
656.182;   41.553;  437.890;  387.198
656.453;   91.955;  830.890;  746.198
656.724;  -67.343; -466.110; -426.802
656.994;  -81.941; -553.109; -568.803
657.265; -106.789; -862.109; -873.803
657.536;  -77.988; -500.109; -377.804
657.806; -104.786; -561.109; -593.804
658.077; -137.734; -866.109; -950.804
658.347;  -93.082; -523.108; -598.805
658.618; -118.005; -646.108; -694.805
658.888;  -22.579;  -41.108;  112.195
659.159;  -82.002; -432.108; -548.806
659.429;  -27.850; -292.108; -349.806
659.700;   13.052; -435.107; -390.807
659.970;  -27.147; -370.107; -359.807
660.241;   -5.595; -754.107; -921.807
660.511;  440.032; -147.107; -174.808
660.781;   63.659; -793.106; -748.808
661.052;  -54.289; -222.106; -381.808
661.322;  -24.088;   21.894;   -9.809
661.592;   18.964;  257.894;  148.191
661.862;  -78.134; -369.106; -382.810
662.133;  -89.082; -551.105; -502.810
662.403; -118.355; -770.105; -676.810
662.673;  -56.754; -256.105; -213.811
662.943; -115.777; -612.105; -551.811
663.213;  -18.150;  -85.105;  -81.811
663.483;  -80.423; -593.104; -568.812
663.753;  -51.596; -194.104; -152.812
664.023;  -21.670;   68.896;  -32.813
664.293;  -57.593; -319.104; -126.813
664.563; -113.841; -694.104; -648.813
664.833; -113.089; -743.103; -608.814
665.103; -123.238; -730.103; -793.814
665.373; -117.236; -766.103; -806.814
665.643; -102.634; -863.103; -918.815
665.913;   24.468; -534.103; -714.815
666.182;  121.445; -685.102; -719.816
666.452;  237.596;  -22.102;  -89.816
666.722;  -43.452; -724.102; -784.816
666.992; -138.575; -948.102; -921.817
667.261;  -87.523; -824.102; -808.817
667.531;  184.279;  134.899;   45.183
667.801;  520.105; -440.101; -412.818
668.070;  228.132;  714.899;  697.182
668.340;  -99.816; -883.101; -840.819
668.609;   86.961;  588.900;  301.181
668.879;  -88.487; -490.100; -558.819
669.149;  -79.061; -539.100; -516.820
669.418; -110.809; -698.100; -726.820
669.688;  -35.632; -482.100; -666.820
669.957;   36.095; -423.099; -546.821
670.226;  -31.779; -268.099; -331.821
670.496; -101.677; -431.099; -635.822
670.765;  -89.775; -418.099; -501.822
671.034; -141.773; -872.099; -828.822
671.304;  -10.446;   55.902; -111.823
671.573; -160.470;-1085.098; -957.823
671.842;   53.357; -380.098; -294.823
672.112;    6.259; -692.098; -586.824
672.381;  -16.364; -239.098; -214.824
672.650; -138.187;-1005.097;-1021.825
672.919;  -87.361; -631.097; -507.825
673.188;  -99.834; -681.097; -878.825
673.457; -167.457;-1101.097;-1143.826
673.726;  -82.680; -579.096; -646.826
673.995;  -52.328; -533.096; -479.826
674.265;  -33.252; -263.096; -333.827
674.534;   -6.175; -183.096; -235.827
674.802;  -24.523; -618.096; -703.828
675.071;  873.829; -886.095; -801.828
675.340; 3429.230; -464.095; -339.828
675.609; 1144.682;  103.905;   82.171
675.878;   39.159; -949.095; -893.829
676.147;   16.811;  -26.095;   -8.829
676.416;   67.763; -210.094; -294.830
676.685;  643.014; 1000.906; -622.830
676.953;   78.816; -603.094; -452.831
677.222;  -42.632; -193.094; -273.831
677.491;  -34.980;  -24.094; -127.831
677.759;  -24.828;   11.907;  172.168
678.028;  -26.877; -279.093; -222.832
678.297;   -4.950;   71.907;  197.168
678.565; -149.523; -898.093; -944.833
678.834;  -62.271; -311.093; -268.833
679.102;  -78.644; -411.092; -391.834
679.371; -151.418; -898.092; -727.834
679.639; -144.891; -797.092; -786.834
679.908; -117.739; -794.092; -724.835
680.176; -158.212; -895.091; -941.835
680.445;  -75.686; -346.091; -352.835
680.713;  -21.259;  -58.091;  -23.836
680.982;  -91.757; -523.091; -525.836
681.250; -102.305; -578.091; -507.837
681.518; -103.528; -534.090; -751.837
681.787;  -26.977; -204.090; -167.837
682.055;  -72.750; -490.090; -422.838
682.323; -145.123; -993.090; -992.838
682.591;   11.079; -216.090; -538.838
682.859;   62.206;    9.911;  -35.839
683.128;   13.682;  232.911;  497.161
683.396; -164.841;-1102.089;-1122.840
683.664;  -41.914; -241.089;   21.160
683.932;    4.763;  144.911;  -76.840
684.200;  -86.935; -576.088; -320.841
684.468;  -34.784;  -73.088; -124.841
684.736;  -35.707; -214.088; -175.841
685.004; -136.530;-1024.088; -982.842
685.272;  -55.953; -880.088; -774.842
685.540;  -80.802; -499.087; -557.843
685.808;  -79.250; -651.087; -682.843
686.076; -104.923; -894.087; -969.843
686.343;  -59.396; -601.087; -815.844
686.611;   20.606; -195.087; -224.844
686.879;  384.807; -530.086; -553.844
687.147; 2885.259; -483.086; -480.845
687.414;  824.236;  -12.086; -169.845
687.682;  -27.837; -658.086; -757.846
687.950;  269.515;  259.915;  263.154
688.217;  -14.059; -792.085; -760.846
688.485;  -23.132; -632.085; -636.847
688.753;  457.895;  -11.085; -102.847
689.020;  127.272; -820.085; -851.847
689.288; -104.926; -853.084; -787.848
689.555;  -28.300; -195.084; -148.848
689.823;  -54.573; -241.084; -345.849
690.090;  -87.621; -546.084; -651.849
690.358; -159.169; -877.084; -897.849
690.625;    1.157;  120.917;   45.150
690.892;  -83.991; -403.083; -369.850
691.160;  -23.939;   72.917;  -35.850
691.427;   -0.337;  141.917;  130.149
691.694; -135.935; -855.083; -929.851
691.962; -152.659;-1177.082;-1060.852
692.229;    8.293;  127.918;   56.148
692.496;   61.820;  130.918;  -49.852
692.763;    5.872; -164.082; -201.853
693.031;  -75.526; -739.082; -716.853
693.298;  -41.825; -509.081; -368.853
693.565;  274.827; -155.081; -163.854
693.832; 1103.404;   -5.081;   -9.854
694.099;  109.131; -643.081; -642.855
694.366;  -55.142; -882.081; -896.855
694.633;  -51.541; -920.080; -633.855
694.900;  729.186; 4367.920; -114.856
695.167;  363.388; -214.080; -380.856
695.434;  100.215; -646.080; -623.856
695.701;  196.541;  121.921;  -61.857
695.968;  407.568; -365.079; -361.857
696.234;  944.970; -415.079; -646.858
696.501;10319.147; -776.079; -614.858
696.768; 5225.124; -554.079; -617.858
697.035;  307.500; -632.078; -667.859
697.302;   33.102; -448.078; -552.859
697.568;   -6.321; -458.078; -497.859
697.835;  -37.619; -683.078; -624.860
698.102;  -35.542; -498.078; -407.860
698.368;   72.859;  384.923;  396.139
698.635;  -44.889;  -47.077; -424.861
698.901;  -39.412; -240.077; -348.861
699.168;   51.390; -534.077; -456.862
699.435;   51.117;  -72.077;  -13.862
699.701; -129.432; -868.076; -764.862
699.968;   10.170;  144.924; -441.863
700.234; -105.828; -783.076; -822.863
700.500;  -57.026; -448.076; -539.864
700.767;  -12.700;   -1.075;   26.136
701.033; -121.298;-1015.075; -963.864
701.299;  -52.996; -450.075; -483.865
701.566;  107.531;  950.925;  763.135
701.832;   24.133;  -31.075;  -76.865
702.098;  -95.316;-1054.074;-1034.866
702.365;  -98.939;-1098.074;-1030.866
702.631;  -31.712;-1038.074;-1063.867
702.897; 1247.490; -765.074; -676.867
703.163; 2110.142;  348.926;  254.133
703.429;  151.418; -256.073; -273.868
703.695;  -40.630; -796.073; -792.868
703.961;   13.322; -214.073; -210.868
704.227;  -68.526; -630.073; -725.869
704.493;  125.401;  613.927;  510.131
704.759;  -26.623; -565.072; -540.870
705.025;   28.404; -203.072; -194.870
705.291;   -6.344; -666.072; -562.870
705.557;  189.608;  719.928;   34.129
705.823;   32.734; -742.072; -694.871
706.089;  149.636; -307.071; -326.871
706.355;  359.063; -315.071; -244.872
706.620; 5843.815; -776.071; -729.872
706.886; 7945.042; -309.071; -362.873
707.152;  731.018; -818.070; -973.873
707.418;  -17.955;-1153.070;-1186.873
707.683;   -2.078; -550.070; -530.874
707.949;  -48.451; -547.070; -578.874
708.215;    0.576; -129.070; -207.874
708.480;  -10.323; -520.069; -420.875
708.746;   81.754;   68.931;   28.125
709.011;  -63.994; -578.069; -612.876
709.277;  -79.517; -538.069; -543.876
709.542;  -58.090; -428.069; -387.876
709.808;   -7.664;  -59.068;   89.123
710.073;  -94.612; -577.068; -695.877
710.339;  -29.810; -242.068; -228.877
710.604;   58.492; -780.068; -845.878
710.869;  289.543; -277.068; -366.878
711.135;  -66.755; -715.067; -628.879
711.400;  -79.453; -507.067; -608.879
711.665;  -56.326; -404.067; -479.879
711.931;  -93.799; -661.067; -677.880
712.196; -115.298; -876.067; -954.880
712.461;   67.654; -402.066; -490.880
712.726;   98.456; -727.066; -771.881
712.991;  -86.617; -647.066; -664.881
713.256;  -37.465; -350.066; -332.882
713.521;  -53.789; -417.065; -381.882
713.787;  -80.312; -454.065; -472.882
714.052;  -23.735; -214.065; -400.883
714.317; -106.283;-1045.065; -981.883
714.581; 1060.344; -374.065; -268.883
714.846; 1432.395; -822.064; -888.884
715.111;  136.197;  261.936;  257.116
715.376;  -17.526;  -86.064; -223.885
715.641;  -21.674; -365.064; -367.885
715.906;  248.777;   15.936; -551.885
716.171;  101.479;  221.937;  209.114
716.436;   28.331;  -78.063; -104.886
716.700; -109.692; -818.063; -692.886
716.965; -133.765; -794.063; -807.887
717.230;  -67.889; -339.063; -392.887
717.494;  -38.987;  -40.062; -134.888
717.759;  -95.785; -784.062; -640.888
718.024;   -5.458;  269.938;  250.112
718.288;   52.294;  685.938;  395.111
718.553; -140.205; -803.062; -977.889
718.817; -133.003; -883.061; -899.889
719.082;  -28.876; -115.061; -125.890
719.346; -145.974;-1000.061; -947.890
719.611;  -47.697; -300.061; -255.891
719.875; -114.496; -568.060; -537.891
720.140;  -67.044; -453.060; -603.891
720.404;   31.033; -136.060; -249.892
720.668;  739.435; -475.060; -411.892
720.933;  288.211;  146.940;  137.108
721.197; -106.112; -667.059; -600.893
721.461; -129.535; -851.059; -826.893
721.725;  -18.508;  -21.059; -250.894
721.990;  -57.706; -284.059; -204.894
722.254;  -32.680;  -26.059; -108.894
722.518;  -68.878; -286.058; -442.895
722.782;  -96.426; -743.058; -594.895
723.046;  105.326;  614.942;  570.105
723.310;   23.528;  374.942;  210.104
723.574; -105.371; -654.058; -614.896
723.838; -108.794; -576.057; -642.897
724.102;  -51.267; -226.057; -239.897
724.366; -139.090;-1032.057; -978.897
724.630; -111.738; -749.057; -571.898
724.894;  -74.437; -722.057; -514.898
725.158;  -14.310;   38.944; -295.898
725.422;  -53.108; -394.056; -327.899
725.685;  -60.256; -441.056; -349.899
725.949;  -81.580; -566.056; -519.900
726.213;  -84.103; -732.056; -811.900
726.477;  118.824;-1020.055; -933.900
726.740;  118.876; -274.055; -104.901
727.004;  318.953; -384.055; -510.901
727.268; 3401.654; -442.055; -400.901
727.531;  914.781; -961.055; -775.902
727.795;  -52.217; -713.054; -673.902
728.059;  -68.140; -552.054; -557.903
728.322;  -81.838; -841.054; -669.903
728.586;   12.438; -692.054; -701.903
728.849;  -83.910; -695.053; -756.904
729.112; -116.133; -812.053; -912.904
729.376; -125.406; -959.053; -905.904
729.639;  -83.404; -536.053; -536.905
729.903; -115.353; -733.053; -699.905
730.166;  -43.901; -437.052; -399.906
730.429;  -32.049; -317.052; -468.906
730.693;  -68.947; -355.052; -894.906
730.956;  201.929;  810.948;  651.093
731.219;  631.656; -310.052; -103.907
731.482;   93.333;-1003.051; -894.907
731.745;   63.860; -794.051; -935.908
732.009;   12.112;  -30.051;   50.092
732.272; -106.837; -904.051; -771.909
732.535;  -52.735; -300.051; -310.909
732.798; -154.808;-1083.050;-1166.909
733.061;  -72.056; -430.050; -456.910
733.324;   -5.204;   31.950; -180.910
733.587;   57.897;  290.950;  365.090
733.850;  -62.901; -973.049;-1050.911
734.113;   36.451;   33.951;   32.089
734.376;   -7.797; -328.049; -447.912
734.639;  197.855; 1188.951; 1011.088
734.901;   60.006; -180.049; -402.912
735.164;  444.433; -883.048; -837.913
735.427; 1175.460; -166.048; -355.913
735.690;  111.162; -205.048; -234.913
735.952;  -39.787; -923.048; -925.914
736.215;  -33.860;-1113.048;-1009.914
736.478;   24.317; -771.047; -774.915
736.740;  195.319;   33.953;  129.085
737.003;  603.271; -658.047; -672.915
737.266; 3617.522;  -94.047;   46.084
737.528;  383.449; -682.047; -660.916
737.791;  306.301; -316.046; -327.916
738.053;  781.253;  465.954;  649.083
738.316;10739.655; -162.046; -136.917
738.578; 7544.306; -770.046; -736.918
738.841;  431.233; -382.046; -446.918
739.103;  165.610; -875.045; -777.918
739.365;  458.212;   79.955;  -69.919
739.628;  -21.962; -884.045; -805.919
739.890;  -27.135; -758.045; -710.919
740.152;  -42.258; -692.044; -754.920
740.414;  -13.881; -408.044; -359.920
740.677;  -44.904; -785.044; -634.921
740.939;  -53.003; -587.044; -487.921
741.201;  223.849; -432.044; -572.921
741.463;   16.976; -689.043; -745.922
741.725;   12.528;  -21.043; -199.922
741.987;   42.505;  220.957;  116.078
742.249;  -18.894; -751.043; -859.923
742.511;  174.783; -703.043; -794.923
742.773;   -2.415; -546.042; -546.924
743.035;  129.987;  796.958;  533.076
743.297;  -50.661; -963.042;-1013.924
743.559;  684.765; -278.042; -262.925
743.821;   39.842; -735.042; -744.925
744.083;    6.844;  -44.041; -149.925
744.345;  -89.279; -869.041; -892.926
744.607;   34.372;   75.959;  122.074
744.868;  -55.776; -490.041; -554.927
745.130; -108.549; -994.041;-1008.927
745.392;   28.328;   -1.040;  -44.927
745.653;  -20.795; -411.040; -378.928
745.915;  149.756;  896.960;  631.072
746.177;   53.383;   35.960;  -43.928
746.438;  -14.290; -428.040; -543.929
746.700;  -52.338; -947.039; -988.929
746.961;   -2.436; -659.039; -740.930
747.223;  121.690; -190.039;  -74.930
747.484;   66.417; -391.039; -471.930
747.746;  138.619;  -23.038; -106.931
748.007;   98.121; -647.038; -689.931
748.269;  278.023; -468.038; -440.931
748.530;  435.024; -852.038; -638.932
748.791;  235.401; -354.038; -420.932
749.053;  404.053;  286.963;  163.067
749.314;  408.005; -236.037; -169.933
749.575;  469.656; -945.037; -905.933
749.836;  783.883; -217.037;   86.066
750.098; 2288.610;  -60.037;  -21.934
750.359;34532.962;  414.964;  555.066
750.620; 8750.139; -121.036; -220.935
750.881;  978.265; -585.036; -513.935
751.142; 1272.917; -950.036; -938.936
751.403;16366.319; -789.036; -705.936
751.664; 7208.071;-1034.035; -999.936
751.925;  444.448; -175.035; -262.937
752.186;  264.024; -298.035; -278.937
752.447;  115.451; -590.035; -445.937
752.708;   38.853; -532.035; -648.938
752.969;    4.580; -566.034; -576.938
753.230;    1.682; -777.034; -672.939
753.491;   -2.842; -650.034; -631.939
753.751;   66.810;  109.966;   19.061
754.012;   90.612;  258.967;  181.060
754.273;   51.439; -174.033;  -71.940
754.534;   -5.710; -487.033; -580.940
754.794;  -79.183; -926.033; -911.941
755.055;  125.144; 1051.967;  881.059
755.316;  -46.354; -700.032; -566.942
755.576;  -34.702; -606.032; -576.942
755.837;  -39.351; -527.032; -695.942
756.097;  -47.924; -530.032; -564.943
756.358;  -86.447; -725.032; -770.943
756.618;  -58.520; -705.031; -641.943
756.879;  -11.543; -254.031; -349.944
757.139; -136.892;-1098.031;-1116.944
757.400;  -70.990; -538.031; -553.945
757.660;  -26.038; -365.031; -401.945
757.920;    4.214; -266.030; -228.945
758.181;  -27.234; -468.030; -351.946
758.441;  -96.533; -870.030; -809.946
758.701;  -27.156; -308.030; -215.946
758.961;  -29.504; -220.030; -278.947
759.222;  -51.952; -574.029; -502.947
759.482;  -95.701; -683.029; -723.948
759.742;  -79.424; -706.029; -547.948
760.002;    1.553;  -83.029; -143.948
760.262;   10.480;   50.972;  182.051
760.522;  -40.468; -498.028; -574.949
760.782;  -61.542; -738.028; -612.949
761.042;  -43.915; -618.028; -573.950
761.302;   47.837;   55.972;  -18.950
761.562;   38.289; -164.027; -154.951
761.822;   66.841; -710.027; -551.951
762.082;  -47.108;-1104.027;-1093.951
762.342;   52.594; -328.027; -403.952
762.601;   71.871; -567.027; -506.952
762.861;  334.423; -281.026; -207.952
763.121;  389.925; -406.026; -411.953
763.381; 7233.826; -499.026; -485.953
763.640; 7923.903; -139.026; -307.954
763.900;  337.480; -242.026; -203.954
764.160;   84.857; -458.025; -491.954
764.419;  -25.892; -726.025; -782.955
764.679;  -70.215; -795.025; -726.955
764.939;  -19.038; -124.025; -210.955
765.198;  -79.936; -608.025; -563.956
765.458;  -92.484; -710.024; -612.956
765.717;  -88.633; -454.024; -590.957
765.976;  -73.381; -428.024; -411.957
766.236;  -80.129; -475.024; -610.957
766.495;   -0.802;  260.977;   73.042
766.755; -102.425;-1090.023; -987.958
767.014;  -13.549; -594.023; -665.958
767.273;  -55.047; -373.023; -397.959
767.533;  -44.645; -228.023; -307.959
767.792;  -35.968; -151.022; -188.960
768.051;  -63.141; -228.022; -276.960
768.310;  -90.640; -546.022; -650.960
768.569;  -14.863; -161.022;    4.039
768.828;  -41.786; -285.022; -363.961
769.088; -115.034;-1050.021; -942.961
769.347;  -96.333; -755.021; -599.962
769.606; -109.631; -876.021; -857.962
769.865; -124.379;-1016.021;-1033.963
770.124;   -3.577; -411.021; -336.963
770.383;  -59.850; -778.020; -910.963
770.641;   -5.774; -398.020; -400.964
770.900;  -65.747; -953.020; -846.964
771.159;  -42.295; -851.020; -951.964
771.418;  -19.243; -917.020; -779.965
771.677;  122.484; -224.019; -293.965
771.936;  151.110; -794.019; -865.966
772.194; 2297.212; -465.019; -437.966
772.453;11292.564; -213.019; -391.966
772.712;  784.616;  416.982;  329.033
772.970;  103.718;   32.982;   63.033
773.229;   84.969;  -22.018;  102.033
773.488;  -91.154; -814.018; -770.968
773.746;   52.948;  296.982;  335.032
774.005;    0.025;  190.983;  -22.969
774.263;   13.851;  243.983;  177.031
774.522;  -48.522; -422.017; -548.969
774.780;  -79.345; -484.017; -417.970
775.039; -112.843; -551.017; -531.970
775.297;  -25.041; -135.016; -351.970
775.555;  -99.515; -489.016; -612.971
775.814; -127.388; -618.016; -570.971
776.072; -125.936; -749.016; -740.971
776.330; -105.484; -630.016; -520.972
776.589; -137.082; -703.015; -721.972
776.847; -136.831; -645.015; -624.973
777.105; -153.679;-1016.015;-1032.973
777.363;  -76.502; -459.015; -454.973
777.621; -133.300; -660.015; -717.974
777.879;  -37.123;  -42.014;   32.026
778.138;  -95.772; -554.014; -717.974
778.396; -108.320; -585.014; -526.975
778.654; -166.443;-1015.014; -970.975
778.912;  -80.316; -269.014; -371.976
779.170; -117.265; -880.013; -803.976
779.427; -149.938; -922.013; -897.976
779.685; -137.186; -880.013; -832.977
779.943;  -97.859; -654.013; -593.977
780.201; -155.907; -964.012; -883.978
780.459; -119.881; -651.012; -610.978
780.717;  -84.779; -440.012; -390.978
780.974; -100.977; -449.012; -490.979
781.232;  -94.050; -358.012; -338.979
781.490;  -91.248; -551.011; -472.979
781.747;  -97.822; -555.011; -476.980
782.005;   16.580;  462.989;  254.020
782.263; -172.618; -542.011;-1004.981
782.520;  -95.841; -326.011; -501.981
782.778; -165.814;-1013.010;-1051.981
783.035; -172.013; -962.010; -938.982
783.293;  -65.986; -248.010; -206.982
783.550;  -55.184; -134.010; -198.982
783.808; -132.032; -764.010; -776.983
784.065; -152.306; -745.009; -874.983
784.322;  -42.529;   25.991;  -86.984
784.580; -146.427; -915.009; -771.984
784.837; -114.100; -392.009; -466.984
785.094; -144.873; -783.009; -762.985
785.352;  -79.772; -304.008; -404.985
785.609; -123.320; -934.008; -839.985
785.866;  -83.818; -345.008; -401.986
786.123;  -87.166; -639.008; -583.986
786.380; -120.764; -665.008; -604.987
786.637;  -46.838; -225.007; -380.987
786.895;  -28.411; -456.007; -543.987
787.152;  -53.484; -135.007; -267.988
787.409;  -50.382; -123.007; -225.988
787.666;  -95.730; -299.006; -378.988
787.923; -114.804; -616.006; -695.989
788.179; -103.777; -551.006; -584.989
788.436; -114.675; -585.006; -585.990
788.693;  -44.248;  -92.006;  -87.990
788.950;  110.078; -125.005; -112.990
789.207;  166.730; -381.005; -372.991
789.464;  -45.993; -161.005; -301.991
789.720;  -12.516;  150.995;  110.009
789.977; -173.614;-1003.005; -671.992
790.234;  -39.188;   44.996;  -66.992
790.490; -153.411; -884.004;-1031.993
790.747;  -38.584;  -85.004;   22.007
791.004;  -29.907; -426.004; -348.993
791.260;  -84.905; -430.004; -560.994
791.517; -103.604; -843.003; -788.994
791.773;  -60.277; -379.003; -342.994
792.030; -126.150; -596.003; -660.995
792.286; -105.048; -686.003; -636.995
792.543;  -35.346;  -74.002; -159.995
792.799;  -50.645; -584.002; -382.996
793.055; -181.493;-1179.002;-1210.996
793.312; -104.691; -827.002; -816.997
793.568;  -74.314; -746.002; -599.997
793.824;    5.637; -226.001; -284.997
794.081;    4.114; -447.001; -508.998
794.337;   51.891; -664.001; -561.998
794.593; 1266.868; -319.001; -271.999
794.849; 6323.745; -746.001; -772.999
795.105;  307.771; -270.000; -261.999
795.361;    7.048; -490.000; -457.000
795.617;  -61.925; -875.000; -945.000
795.873;  -46.200; -360.000; -407.000
796.129;  -49.675; -368.000; -306.000
796.385;  -25.875; -124.000; -156.000
796.641;   51.400;  412.000;  550.000
796.897;  -84.200; -666.000; -635.000
797.153;   62.300;  453.000;  357.000
797.409;  -94.225; -785.000; -868.000
797.665;  -76.525; -625.000; -732.000
797.921;  -98.200; -775.000; -762.000
798.176;  -54.750; -744.000; -747.000
798.432;  -51.150; -824.000; -596.000
798.688;  -81.325;-1174.000;-1078.000
798.943;   69.300; -165.000; -147.000
799.199;  -13.150;-1005.000; -959.000
799.455;  233.075;  369.000;  316.000
799.710;  122.525; -813.000; -380.000
799.966;  302.700; -162.000; -160.000
800.221;  481.200; -638.000; -721.000
800.477;10418.275; -743.000; -710.000
800.732; 9310.450; -773.000; -800.000
800.988;  627.625;  205.000;  -19.000
801.243; 1931.900; -454.000; -344.000
801.498; 8394.975; -814.000; -739.000
801.754;  485.500; -289.000; -163.000
802.009;   86.900; -257.000; -335.000
802.264;  -52.025; -967.000;-1033.000
802.520;   27.075;  222.000;   -3.000
802.775;  -58.500; -524.000; -359.000
803.030;   48.475;  395.000;  356.000
803.285; -118.200; -840.000; -903.000
803.540;  -64.600; -686.000; -699.000
803.795;  -60.850; -648.000; -583.000
804.051;  -46.275; -279.000; -346.000
804.306;   16.950;  168.000;  128.000
804.561;  118.050;  451.000;  362.000
804.816;  133.725;  714.000;  861.000
805.071;    1.100; -185.000; -280.000
805.325;  178.500; -257.000; -427.000
805.580; -108.350; -841.000; -877.000
805.835;  -35.700; -204.000; -297.000
806.090;  -78.900; -760.000; -676.000
806.345;  -13.175; -344.000; -264.000
806.600;  -38.425; -549.000; -632.000
806.854;  -56.400; -408.000; -538.000
807.109;  -17.825; -493.000; -577.000
807.364;   -4.000; -407.000; -328.000
807.618;  -10.900; -415.000; -381.000
807.873;   53.775; -470.000; -494.000
808.128;   86.025; -257.000; -518.000
808.382;  100.275; -224.000; -332.000
808.637;   52.400; -440.000; -511.000
808.891;  171.350; -257.000; -180.000
809.146;   93.800; -902.000; -794.000
809.400;  235.250; -848.000; -923.000
809.654;  297.625; -779.000; -551.000
809.909;  442.425; -841.000; -927.000
810.163; 6141.400; -813.000; -651.000
810.418;15917.475; -940.000; -861.000
810.672;  989.950; -685.000; -690.000
810.926;  695.525; -993.000; -973.000
811.180; 1380.575; -439.000; -372.000
811.434;31593.925;  240.000;  135.000
811.689;12829.950; -231.000; -365.000
811.943;  619.850; -936.000; -953.000
812.197;  331.075; -893.000; -671.000
812.451;  126.275; -379.000; -514.000
812.705;  -32.700; -809.000; -619.000
812.959;   -6.300; -263.000; -388.000
813.213;   -2.750; -283.000; -209.000
813.467;   69.275;  470.000;  253.000
813.721; -101.825; -764.000; -792.000
813.975; -119.200; -826.000; -877.000
814.229;   45.075;  430.000;  353.000
814.482;  -76.100; -517.000; -566.000
814.736; -124.725; -766.000; -744.000
814.990; -135.825; -779.000; -872.000
815.244;  -48.525; -228.000; -285.000
815.497; -109.600; -636.000; -601.000
815.751;  -35.650; -141.000;   82.000
816.005;  -86.575; -470.000; -586.000
816.258;  -76.125; -510.000; -363.000
816.512; -115.600; -693.000; -610.000
816.766;   -1.300;  121.000;  157.000
817.019;   14.250;  148.000;  149.000
817.273; -139.425;-1000.000; -802.000
817.526;  -33.750; -206.000; -173.000
817.779;  -67.950;-1049.000; -960.000
818.033;  -81.650; -693.000; -807.000
818.286; -115.000; -725.000; -792.000
818.540;  -95.550; -403.000; -403.000
818.793;  -87.825; -402.000; -489.000
819.046; -112.550; -582.000; -520.000
819.299;  -36.225; -157.000; -166.000
819.553; -126.025; -552.000; -592.000
819.806; -174.400;-1016.000; -838.000
820.059;  -66.750; -334.000; -354.000
820.312;   -7.025;  152.000;  185.000
820.565;  -21.075;  110.000;  -27.000
820.818;  -41.475;  -59.000; -173.000
821.071; -176.200;-1041.000; -957.000
821.324; -102.825; -536.000; -540.000
821.577; -106.625; -457.000; -483.000
821.830;  -80.925; -270.000; -172.000
822.083; -129.525; -733.000; -288.000
822.336;  -50.775; -261.000; -167.000
822.589; -151.800; -805.000; -688.000
822.842; -140.775; -875.000; -770.000
823.094; -177.375;-1076.000;-1114.000
823.347; -142.600; -925.000; -729.000
823.600;   13.400;  402.000;  187.000
823.853;  -66.100; -311.000; -267.000
824.105;  -77.075; -331.000; -575.000
824.358; -108.425; -617.000; -716.000
824.611;   13.475;  234.000;   40.000
824.863;  -61.525; -612.000; -591.000
825.116;   37.225;  -33.000;   27.000
825.368;   74.900; -366.000; -372.000
825.621;  139.450; -186.000; -240.000
825.873;   82.850; -704.000; -737.000
826.126;  565.450; -669.000; -641.000
826.378;11363.825; -389.000; -505.000
826.630; 2807.800; -890.000; -898.000
826.883;   42.300; -754.000; -693.000
827.135;   32.625; -279.000; -270.000
827.387; -118.825; -893.000; -839.000
827.639;  -36.325;  -86.000;   32.000
827.892; -132.500; -742.000; -582.000
828.144; -147.050; -848.000; -804.000
828.396;  -44.800;  104.000;  -80.000
828.648; -105.375; -440.000; -333.000
828.900; -155.000; -702.000; -795.000
829.152; -126.700; -684.000; -683.000
829.404;  -83.125; -215.000; -267.000
829.656;  -50.900;  321.000;  214.000
829.908;  -27.125;  393.000;  229.000
830.160; -160.450;-1064.000;-1047.000
830.412; -105.050; -481.000; -430.000
830.664; -130.625; -557.000; -665.000
830.916;  -70.075; -268.000; -206.000
831.167; -172.550;-1073.000; -951.000
831.419; -123.425; -623.000; -566.000
831.671; -159.125; -764.000; -809.000
831.923;  -91.275; -311.000; -447.000
832.174;  -88.875; -273.000; -331.000
832.426; -121.950; -493.000; -582.000
832.678; -197.275;-1043.000;-1091.000
832.929; -168.425; -947.000; -935.000
833.181;  -85.550; -575.000; -677.000
833.432;  -64.575;  -59.000; -186.000
833.684;  -37.550;  112.000;  -27.000
833.935; -123.475; -610.000; -566.000
834.187; -122.350; -829.000; -823.000
834.438;  -50.550;  -58.000;  -25.000
834.689;  -68.275; -255.000; -123.000
834.941;  -66.250; -343.000; -244.000
835.192; -115.625; -590.000; -533.000
835.443; -103.525; -419.000; -506.000
835.695;  -17.950;  138.000;  -16.000
835.946; -102.800; -608.000; -378.000
836.197; -115.975; -599.000; -622.000
836.448;  -95.675; -528.000; -395.000
836.699;  -64.075; -253.000; -341.000
836.950;    3.250;   72.000;    7.000
837.201; -152.925;-1003.000; -987.000
837.452;  -64.425; -356.000; -170.000
837.703; -123.625; -791.000; -737.000
837.954;  -56.675; -205.000; -365.000
838.205; -100.175;-1029.000;-1008.000
838.456;  138.950; -196.000; -282.000
838.707;   -4.525; -423.000; -519.000
838.958;    9.450; -634.000; -647.000
839.209;  250.450;   18.000;   40.000
839.460;   88.425; -439.000; -201.000
839.710;  164.200; -135.000; -297.000
839.961;  391.250;  730.000;  612.000
840.212;  327.075; -382.000; -497.000
840.462; 1074.500; -328.000; -277.000
840.713;17744.900; -571.000; -536.000
840.964; 7157.800;  -62.000; -143.000
841.214;  466.425; -384.000; -624.000
841.465;  521.975; -214.000; -141.000
841.715;  447.375; -417.000; -380.000
841.966;  588.775; -746.000; -685.000
842.216; 8244.000; -330.000; -431.000
842.466;31603.575; -169.000; -313.000
842.717; 1741.375; -964.000; -952.000
842.967;  279.650; -635.000; -641.000
843.217;  229.550;   20.000;   28.000
843.468;   62.500; -104.000; -132.000
843.718;  -58.975; -718.000; -726.000
843.968; -104.525; -837.000; -765.000
844.218;    3.175; -315.000; -262.000
844.469;  -68.425; -577.000; -561.000
844.719; -117.975; -537.000; -682.000
844.969;  -99.850; -550.000; -580.000
845.219; -138.175; -814.000; -862.000
845.469;  -82.300; -392.000; -342.000
845.719; -143.275; -792.000; -884.000
845.969;  -20.350;  119.000;  174.000
846.219; -120.675; -738.000; -720.000
846.469;    3.125;  464.000;  432.000
846.718;  -61.100; -115.000;   31.000
846.968; -141.775; -827.000; -827.000
847.218;  -62.150; -224.000; -371.000
847.468;    1.400; -586.000; -555.000
847.718; -151.650; -827.000; -798.000
847.967; -143.150; -826.000; -915.000
848.217;  -95.675; -449.000; -569.000
848.467;  -72.700; -405.000; -376.000
848.716; -123.450; -708.000; -725.000
848.966;  -17.275; -372.000; -358.000
849.215;  -71.200; -428.000; -419.000
849.465; -103.425; -785.000; -615.000
849.714; -145.150;-1132.000;-1150.000
849.964;  -74.150; -551.000; -613.000
850.213;  -28.575; -393.000; -355.000
850.463;   78.825;  137.000;  340.000
850.712;  -13.475; -542.000; -567.000
850.961;   10.725; -739.000; -678.000
851.211;  102.650; -513.000; -504.000
851.460;  136.275; -635.000; -650.000
851.709;  558.500;  -25.000;   18.000
851.958;10153.600; -912.000; -750.000
852.208;12632.875; -859.000; -879.000
852.457;  457.650; -181.000;  -13.000
852.706;   60.200; -791.000; -823.000
852.955;    3.950; -507.000; -528.000
853.204;  -94.200; -521.000; -461.000
853.453;  -96.900; -418.000; -458.000
853.702; -140.000; -660.000; -750.000
853.951; -111.150; -532.000; -520.000
854.200; -124.975; -613.000; -562.000
854.449; -150.200; -695.000; -661.000
854.698; -104.275; -340.000; -279.000
854.946;  -67.425; -181.000; -284.000
855.195; -155.650; -843.000; -868.000
855.444;  -95.000; -395.000; -420.000
855.693; -129.625; -345.000; -432.000
855.941; -118.675; -387.000; -516.000
856.190;  -64.050; -256.000; -382.000
856.439; -138.450; -652.000; -703.000
856.687;  -66.550;  -99.000;  -72.000
856.936; -121.750; -621.000; -323.000
857.184; -188.250;-1067.000;-1020.000
857.433; -106.150; -423.000; -512.000
857.681; -173.775; -989.000; -953.000
857.930;  -75.750; -282.000; -433.000
858.178; -180.425; -856.000; -929.000
858.427; -147.625; -802.000; -781.000
858.675; -126.375; -377.000; -544.000
858.923; -114.500; -527.000; -819.000
859.172; -180.675;-1094.000;-1070.000
859.420;  -94.950; -339.000; -239.000
859.668; -134.250; -624.000; -628.000
859.916;  -22.800;  109.000;  115.000
860.164; -134.300; -699.000; -603.000
860.413;  219.700; -878.000; -696.000
860.661;  180.125; -709.000; -577.000
860.909;  -95.325; -339.000; -325.000
861.157;  -90.925; -277.000; -444.000
861.405; -134.525; -534.000; -670.000
861.653;  -13.175;  310.000;  310.000
861.901;  124.375; -543.000; -613.000
862.149;  -40.750; -801.000; -824.000
862.396;  -90.250; -297.000; -187.000
862.644;  -98.525; -368.000; -347.000
862.892;  -31.150;   98.000;  138.000
863.140; -129.600; -549.000; -530.000
863.388; -173.500; -815.000; -759.000
863.635; -131.550; -642.000; -601.000
863.883;  -11.550;  231.000;  190.000
864.131; -108.850; -288.000; -357.000
864.378; -145.325; -675.000; -540.000
864.626; -109.625; -347.000; -415.000
864.873; -122.025; -556.000; -505.000
865.121; -156.825; -714.000; -799.000
865.368;  -48.675; -173.000;   75.000
865.616;  -30.425;  -33.000;  -40.000
865.863;  -77.950; -462.000; -506.000
866.111; -116.950; -795.000; -824.000
866.358;   42.825; -426.000; -420.000
866.605; 2482.600;  -64.000; -804.000
866.853; 2582.650; -621.000; -537.000
867.100;  -46.175; -728.000; -775.000
867.347;  -95.600; -672.000; -611.000
867.594;  -90.800; -740.000; -714.000
867.841;   70.825;   97.000;   17.000
868.089; -154.625; -746.000; -698.000
868.336; -112.950; -477.000; -420.000
868.583; -135.325; -637.000; -741.000
868.830;  -59.325; -131.000; -170.000
869.077; -165.525; -859.000; -787.000
869.324; -133.700; -502.000; -458.000
869.571; -139.075; -398.000; -430.000
869.818; -131.125; -485.000; -439.000
870.065; -121.550; -439.000; -513.000
870.311; -127.825; -456.000; -542.000
870.558; -113.775; -332.000; -311.000
870.805;  -92.900; -320.000; -384.000
871.052; -107.575; -494.000; -369.000
871.298;  -66.325; -204.000; -131.000
871.545;  -73.650; -151.000; -185.000
871.792;  -89.000; -173.000; -222.000
872.038;  -77.775;   43.000; -126.000
872.285; -129.650; -496.000; -387.000
872.532; -101.275; -357.000; -387.000
872.778;    7.850;  556.000;  403.000
873.025; -107.525; -384.000; -359.000
873.271;   19.250;  501.000;  578.000
873.517;  -44.800; -133.000; -209.000
873.764;  -51.050; -193.000;  -80.000
874.010;  -80.275; -143.000; -230.000
874.257;  -53.500;  123.000;   90.000
874.503; -134.850; -579.000; -479.000
874.749;  -69.375;   31.000;  275.000
874.995;  -65.475;  -80.000;  -20.000
875.242; -124.100; -540.000; -478.000
875.488; -121.625; -414.000; -439.000
875.734;  -67.000; -106.000; -234.000
875.980;  120.925; -872.000;-1032.000
876.226;  310.900; -157.000; -255.000
876.472;  -11.925;  343.000;  237.000
876.718;  -45.100;  184.000;  158.000
876.964;  -53.275;   56.000;   55.000
877.210; -144.675; -547.000; -677.000
877.456; -145.275; -630.000; -557.000
877.702; -181.650; -821.000; -832.000
877.948; -115.400; -377.000; -497.000
878.193;    6.925;  361.000;  255.000
878.439;  -98.150; -487.000; -472.000
878.685; -100.625; -272.000; -343.000
878.931; -131.225; -618.000; -676.000
879.176;  -92.175; -201.000; -201.000
879.422; -172.250; -933.000; -820.000
879.668;   46.450;   10.000;   79.000
879.913;  126.175;   53.000;  137.000
880.159;  -67.800; -112.000;  -17.000
880.404;  -55.100; -152.000; -162.000
880.650;  -57.150;   91.000;  141.000
880.895; -162.225; -670.000; -710.000
881.141; -135.275; -454.000; -428.000
881.386; -159.250; -503.000; -658.000
881.631;  -93.675; -311.000; -166.000
881.877;  -45.800;  112.000;  -13.000
882.122; -130.275; -684.000; -600.000
882.367; -103.550; -136.000; -186.000
882.612;  -84.350;  -80.000; -176.000
882.858; -171.050; -877.000; -823.000
883.103; -106.625; -297.000; -267.000
883.348; -148.700; -759.000; -852.000
883.593; -149.900; -677.000; -602.000
883.838;  -70.075; -311.000;  -24.000
884.083;   11.425;  353.000;  288.000
884.328;  -97.375; -564.000; -545.000
884.573;  -60.125; -196.000; -143.000
884.818;  159.100; -694.000; -531.000
885.063;  141.625; -348.000; -315.000
885.308; -115.725; -475.000; -398.000
885.553;  -12.200;  245.000;  325.000
885.797; -132.575; -545.000; -615.000
886.042;  -47.775;    8.000;   58.000
886.287; -103.050; -253.000; -211.000
886.532;  -56.025;   26.000;  204.000
886.776; -110.925; -407.000; -525.000
887.021; -155.850; -621.000; -574.000
887.265; -163.350; -685.000; -689.000
887.510; -129.725; -557.000; -496.000
887.755; -103.000; -194.000; -164.000
887.999; -141.250; -552.000; -575.000
888.244;  -64.000;  -58.000;  161.000
888.488;  -15.375;  371.000;  393.000
888.732; -130.775; -368.000; -520.000
888.977; -135.400; -622.000; -567.000
889.221; -174.425; -683.000; -659.000
889.465; -132.075; -422.000; -566.000
889.710;  -85.350;  -56.000; -299.000
889.954;  -10.700;  579.000;  467.000
890.198; -141.150; -584.000; -707.000
890.442; -147.050; -716.000; -712.000
890.687; -174.625; -800.000; -753.000
890.931;  -94.200; -273.000; -210.000
891.175; -143.725; -502.000; -500.000
891.419;  -71.800; -105.000; -110.000
891.663;  -94.825; -239.000; -112.000
891.907; -178.400; -801.000; -545.000
892.151; -188.775; -920.000; -815.000
892.395; -124.900; -274.000; -387.000
892.638;  -26.400;  408.000;  291.000
892.882; -191.550; -780.000; -867.000
893.126;   10.175;  758.000;  558.000
893.370; -109.150; -167.000; -168.000
893.614; -142.200; -714.000; -715.000
893.857;  -95.475; -183.000; -197.000
894.101; -152.450; -527.000; -631.000
894.345;  -63.900;  300.000;  150.000
894.588;    6.025;  569.000;  380.000
894.832;  -70.550; -178.000;  -84.000
895.075;  -91.925;   15.000;  -92.000
895.319; -125.675; -552.000; -420.000
895.563; -115.700; -413.000; -353.000
895.806; -152.650; -628.000; -741.000
896.049;  -66.000; -576.000; -368.000
896.293;   67.050;  527.000;  405.000
896.536;  -96.300; -465.000; -468.000
896.779;  -62.875; -149.000;   -1.000
897.023; -154.550; -751.000; -714.000
897.266;  -41.825;  325.000;  269.000
897.509; -198.450; -900.000; -901.000
897.752;  -44.875;  149.000;  171.000
897.996; -189.975; -972.000; -864.000
898.239;  -64.825;  168.000;  102.000
898.482; -138.750; -431.000; -453.000
898.725;  -49.250;  101.000;   53.000
898.968; -164.725; -609.000; -744.000
899.211; -112.650; -513.000; -361.000
899.454; -117.325; -633.000; -539.000
899.697;  -74.650;   90.000;  -43.000
899.940; -168.825; -761.000; -757.000
900.182; -110.750; -335.000; -405.000
900.425; -103.300; -150.000; -298.000
900.668;  -30.050;  491.000;  350.000
900.911; -117.725; -292.000; -345.000
901.154;  -61.925;  141.000;   -3.000
901.396; -151.200; -407.000; -412.000
901.639; -139.650; -430.000; -496.000
901.882; -184.025; -790.000; -809.000
902.124;  -90.425;  -29.000; -143.000
902.367; -129.025; -315.000; -361.000
902.609; -124.425; -476.000; -453.000
902.852; -100.550; -108.000; -260.000
903.094; -132.425; -458.000; -337.000
903.337;  -79.325;  -26.000;   53.000
903.579; -116.125; -228.000; -441.000
903.821; -154.300; -597.000; -744.000
904.064;  -63.175;   85.000;  127.000
904.306; -100.625; -126.000; -166.000
904.548; -105.700; -152.000; -366.000
904.790; -101.400; -195.000; -340.000
905.033; -145.825; -625.000; -577.000
905.275; -137.150; -513.000; -524.000
905.517;   16.175;  468.000;  256.000
905.759;  -86.675; -667.000; -761.000
906.001; -100.625; -322.000; -369.000
906.243;  -75.500; -162.000; -224.000
906.485;   79.625; -265.000; -207.000
906.727;   83.725; -499.000; -542.000
906.969;  -49.725;  -30.000; -135.000
907.211;   81.725; -316.000; -382.000
907.453;  232.075; -188.000; -237.000
907.695;   -7.200; -158.000; -385.000
907.936;   34.500;  818.000;  706.000
908.178;  -73.000;   92.000; -135.000
908.420;  -92.250; -111.000; -162.000
908.662; -149.175; -633.000; -682.000
908.903;  -92.525; -208.000; -123.000
909.145;  -80.900; -240.000; -305.000
909.386;   -8.650;  315.000;  280.000
909.628;   32.375;  363.000;  397.000
909.870;    4.500;   29.000;  264.000
910.111; -104.450; -809.000; -949.000
910.353;   -2.200; -123.000; -161.000
910.594;   -9.525; -574.000; -606.000
910.835;   56.225; -265.000; -326.000
911.077;  148.075; -503.000; -604.000
911.318;  256.475; -505.000; -471.000
911.559;  423.900; -577.000; -880.000
911.801; 1323.450; -284.000; -280.000
912.042;10211.175;  -50.000; -159.000
912.283;26458.425;  404.000;  371.000
912.524; 4050.975; -396.000; -457.000
912.765;  445.950; -193.000;   79.000
913.006;  206.500; -307.000; -338.000
913.247;   48.975; -270.000; -290.000
913.488;  -19.350;  -43.000;   30.000
913.729;  -99.100; -373.000; -373.000
913.970;  -81.950;  -96.000; -292.000
914.211;  -76.175; -160.000; -198.000
914.452;  -67.825; -118.000;  -11.000
914.693;   -5.475;  510.000;  592.000
914.934;    5.125;  510.000;  440.000
915.175;  -81.950;   53.000;  -95.000
915.415;  -99.525; -137.000;   27.000
915.656;  -67.825;  -28.000;  192.000
915.897; -102.100; -252.000;  -82.000
916.137;  -82.325;   74.000;   -9.000
916.378; -143.650; -573.000; -517.000
916.619; -103.150; -159.000;  -63.000
916.859;  -34.900;  303.000;  330.000
917.100;  128.275; 1655.000; 1070.000
917.340;   45.275;  930.000;  728.000
917.581;   38.275;  965.000;  789.000
917.821;  -44.250; -171.000;  143.000
918.061;  -14.925; -199.000;  -72.000
918.302;  -55.500; -152.000; -211.000
918.542;  -48.300;  -22.000;    3.000
918.782;   20.925;  369.000;  377.000
919.023;  113.600;  360.000;  427.000
919.263; 1693.100; 8131.000;  202.000
919.503; 1046.675; -137.000;  -54.000
919.743;  564.100;  390.000;  266.000
919.983;  216.375; -134.000;  -26.000
920.223;   76.075;  135.000;   14.000
920.463;  143.675;  631.000;  554.000
920.703;  126.575;   84.000;   39.000
920.943;  163.700; -110.000;   90.000
921.183;  224.875; -414.000; -405.000
921.423;  521.500;  307.000;  546.000
921.663;  728.050; -174.000; -257.000
921.903; 1588.250;  237.000;  173.000
922.143; 8891.350;  372.000;  389.000
922.383;34424.875;  158.000;  115.000
922.622;11681.750; -120.000;  -15.000
922.862; 1228.375;  796.000;  785.000
923.102;  486.150;  -51.000;   33.000
923.341;  180.100;   59.000;   74.000
923.581;   81.800;  450.000;  360.000
923.821;   25.350;  301.000;  398.000
924.060;    5.825;  351.000;  193.000
924.300;  -62.700;  -16.000; -128.000
924.539;    4.825;  584.000;  473.000
924.779;   11.950;  812.000;  597.000
925.018;  -63.575;  247.000;  353.000
925.257;   -9.725;  595.000;  666.000
925.497;  -45.925;  447.000;  412.000
925.736;  -75.825;  -35.000;  102.000
925.975;   -7.625;  687.000;  669.000
926.214;   15.175;  907.000;  850.000
926.454;   11.325;  706.000;  757.000
926.693;  -31.775;  419.000;  543.000
926.932;   36.175; 1021.000;  825.000
927.171;   62.675; 1107.000; 1044.000
927.410;   53.825; 1144.000;  967.000
927.649;   10.175;  924.000;  742.000
927.888;  -15.875;  590.000;  564.000
928.127;   -7.475;  680.000;  678.000
928.366;   23.800;  842.000;  826.000
928.605;   26.900;  831.000;  737.000
928.844;  232.500; 1451.000; 1393.000
929.083;  564.700;  770.000;  613.000
929.321;  307.050; 1335.000; 1359.000
929.560;   71.250; 1158.000; 1122.000
929.799;  -31.250;  574.000;  475.000
930.038;   65.375; 1025.000; 1394.000
930.276;  -56.200;  334.000;  397.000
930.515;   -2.500;  827.000;  681.000
930.753;  -38.450;  614.000;  589.000
930.992;  -16.050;  664.000;  717.000
931.230;   -0.925;  847.000;  847.000
931.469;  159.350; 2162.000;  892.000
931.707;   78.925;  840.000;  751.000
931.946;   59.800; 1278.000; 1344.000
932.184;   76.275; 1437.000; 1175.000
932.423;   36.600; 1265.000;  963.000
932.661;   74.625; 1296.000; 1428.000
932.899;   27.400;  987.000;  821.000
933.137;    6.325;  754.000;  564.000
933.376;  143.550; 1664.000; 1335.000
933.614;  162.050; 1759.000; 1196.000
933.852;   63.725; 1357.000; 1171.000
934.090;  120.250; 1722.000; 1747.000
934.328;  105.450; 1252.000; 1457.000
934.566;   97.825; 1431.000; 1110.000
934.804;  128.500; 1263.000; 1309.000
935.042;  490.025; 1861.000; 1850.000
935.280; 2011.675; 2088.000; 2063.000
935.518; 1887.475; 2113.000; 2007.000
935.756;  397.450; 2481.000; 2316.000
935.994;  161.800; 1808.000; 1751.000
936.231;  334.150; 2890.000; 2950.000
936.469;  190.150; 2367.000; 2378.000
936.707;  168.750; 2220.000; 2167.000
936.945;  234.750; 2825.000; 2882.000
937.182;  203.975; 2679.000; 2741.000
937.420;  305.500; 3602.000; 3031.000
937.657;  390.275; 3365.000; 3478.000
937.895;  335.500; 3331.000; 3488.000
938.133;  314.675; 3540.000; 3528.000
938.370;  345.100; 3896.000; 4191.000
938.607;  382.475; 4488.000; 4205.000
938.845;  565.875; 5587.000; 5549.000
939.082;  497.000; 5387.000; 5177.000
939.320;  533.625; 5799.000; 5728.000
939.557;  644.500; 6549.000; 6491.000
939.794;  713.475; 7285.000; 7097.000
940.031;  911.650; 8421.000; 8368.000
940.269; 1071.750; 9552.000; 9107.000
940.506; 1128.050;10901.000;10507.000

