
Integration time [ms]: 100.000
Averaging Nr. [scans]: 40
Smoothing Nr. [pixels]: 0
Data measured with spectrometer [name]: 2101013U2
Wave   ;Sample   ;Dark     ;Reference
[nm]   ;[counts] ;[counts] ;[counts] 

394.013;   38.792; -450.257; -315.536
394.305;  163.540; -461.258; -419.536
394.596; 1570.941; -676.269; -527.514
394.887; 4153.711; -796.268; -654.518
395.178; 1490.998;  145.736;   11.476
395.470;   75.561; -210.263; -356.526
395.761;  134.429;  305.734;  394.479
396.052;  122.141; -545.284; -306.489
396.343;  108.349; -557.276; -454.503
396.634;   47.662; -200.279; -290.497
396.926;   23.183; -618.268; -565.517
397.217;   66.530;   11.725;  -17.504
397.508;   16.024; -366.273; -154.507
397.799;   13.712; -555.279; -571.497
398.090;   -1.270; -973.280; -902.495
398.381;   57.775;   11.708;  -11.473
398.672;  -28.373; -585.292; -742.473
398.963;   28.794; -348.279; -373.498
399.254;   79.763;   54.709; -209.475
399.545;  -28.375;-1017.266; -883.520
399.836;   53.061; -407.277; -343.501
400.127;   40.122; -205.295; -209.468
400.418;   25.867; -423.274; -392.506
400.709;   13.640; -359.281; -333.493
401.000;   22.817; -268.291; -309.476
401.290;  112.121;  225.698;  115.545
401.581;   73.920; -166.286; -228.485
401.872;   26.988; -542.298; -486.462
402.163;   55.888; -313.296; -252.467
402.454;   94.513; -123.291; -163.475
402.744;   40.902; -844.297; -813.465
403.035;  226.615; -226.293;  -86.471
403.326;  291.705; -366.292; -384.474
403.617;  307.357;  204.701;  165.539
403.907;  340.972; -593.283; -679.490
404.198; 3547.341; -545.307; -599.446
404.489; 9074.078; -618.283; -588.491
404.779; 2525.800; -618.302; -660.456
405.070;  271.349;  -67.304; -174.451
405.360;  467.842; -259.293; -238.472
405.651;  460.913;  125.699;   98.542
405.942;  134.339;  209.714;  127.516
406.232;   88.557; -432.285; -413.487
406.523;  229.734;  641.706;  758.530
406.813;   46.317; -579.286; -644.484
407.104;  199.274;  261.708;  144.527
407.394;   79.358; -604.299; -591.462
407.685;  151.980;  336.715;  222.513
407.975;   56.902; -400.283; -382.490
408.265;   98.831; -134.289; -190.478
408.556;   64.285; -472.291; -459.475
408.846;  168.485;  474.706;  429.530
409.137;  100.416;   -1.288; -216.480
409.427;   61.581; -193.285; -271.487
409.717;   45.928; -776.273; -692.508
410.007;  137.998;    4.715; -170.486
410.298;  106.450; -360.295; -342.469
410.588;   80.228; -495.285; -510.486
410.878;   52.729; -792.287; -873.482
411.168;  113.716; -481.298; -478.463
411.459;  132.745; -295.283; -242.489
411.749;   86.933; -609.292; -507.474
412.039;   76.664; -755.289; -386.480
412.329;  220.053;   40.722;  132.501
412.619;  226.217;  -62.286; -148.485
412.909;  366.734;  639.711;  594.521
413.199;  304.830; -130.280; -251.495
413.490;  388.223;  521.710;  352.523
413.780;  198.785;-1013.279; -913.496
414.070;  384.926;  -46.276;  235.497
414.360;  387.898; -729.278; -666.498
414.650;  533.374; -726.288; -688.482
414.940;  718.134; -538.280; -441.496
415.230; 1223.546;   50.712;   74.519
415.520; 8379.590;  155.730;   66.486
415.809;33954.939; -305.281; -125.493
416.099;25692.814; -388.277; -229.501
416.389; 7690.490;  435.726;  236.494
416.679; 4473.065;   91.738;   85.473
416.969;  761.585; -527.287; -503.483
417.259;  637.562;  341.721;  171.503
417.549;  871.063;  522.718;  318.508
417.838; 2378.685; -205.268; -147.518
418.128; 8201.629;  650.710;  492.522
418.418; 6737.135; -491.272; -579.509
418.708; 4484.590;    9.726;  -48.506
418.997;17581.035; -474.275; -480.505
419.287;17947.873; -733.273; -790.507
419.577;17572.569; -160.283; -123.489
419.866;56483.161; -588.277; -498.501
420.156;54795.460; -242.270;  -55.513
420.446; 9129.406; -112.263;  -26.526
420.735;  875.003; -376.271; -446.512
421.025;  890.872; 1830.722;  315.502
421.314;  543.001; -203.271; -226.512
421.604;  689.102;   89.732;  233.484
421.893;  417.821; -705.271; -602.511
422.183;  273.132; -487.263; -461.526
422.472;  392.948;  -36.271; -107.511
422.762;  410.232; -416.266; -379.521
423.051;  263.876; -916.276; -916.503
423.341;  328.725; -491.273; -439.507
423.630;  398.039; -121.265;   15.477
423.919;  427.434;   58.725;   49.495
424.209;  468.738;  -31.263;   56.473
424.498;  627.732;   68.732;  161.483
424.787; 1445.965; -535.267; -601.518
425.077; 4301.912;   34.735;   29.478
425.366; 4724.545; -734.262; -744.528
425.655;13620.951;  639.727;  259.493
425.945;34913.075; -313.247; -268.554
426.234;18438.947;  117.741;  300.467
426.523; 7214.278;  -86.259; -350.534
426.812; 9776.252;  107.734;  159.480
427.101;14848.597; -127.269; -323.515
427.390;17446.840;  -55.270;  -86.514
427.680; 2551.827; -624.257; -411.538
427.969;  510.015; -330.255; -301.540
428.258;  349.467; -385.257; -477.536
428.547;  492.165;  449.728;  397.490
428.836;  764.709; -421.253; -398.543
429.125; 1021.555; -199.259;  -72.534
429.414;  771.987; -330.251; -294.548
429.703; 4477.437; -231.251; -213.548
429.992;13891.816; -938.250; -828.549
430.281; 8794.898; -397.264; -331.524
430.570;  586.600;  -21.252;   32.454
430.859;  423.478;  279.741;  352.466
431.148;  388.995;  636.752;  631.446
431.437;  297.474;  391.748;  367.454
431.725;  211.694; -544.257; -481.536
432.014;  206.268; -845.253; -756.545
432.303;  405.110; -149.239; -105.569
432.592;  550.481; -460.263; -178.525
432.881; 1398.221; -601.248; -437.554
433.169; 9504.366; -343.255;  -61.540
433.458;19236.076;  445.765;  540.424
433.747; 7529.952; -397.261; -289.529
434.036;  940.232; -275.242; -280.564
434.324; 2875.631; -395.249; -379.551
434.613; 5250.399;   40.757;  159.437
434.902; 1502.099;  333.760;  439.433
435.190;  299.809;   75.761;  295.431
435.479;  168.152;  -52.245;   83.441
435.767;  102.937; -411.244; -427.561
436.056;  216.776; -340.242; -294.563
436.345;  474.501; -372.240; -223.568
436.633;  457.550;   60.750;  383.450
436.922;  176.804;  208.760;  414.432
437.210;  233.939; -194.236;    1.426
437.499;  487.349; -583.235; -432.576
437.787;  527.264; -339.236;  -10.574
438.075;  170.941;   56.761;  162.430
438.364;  187.244;  -44.238;  250.429
438.652;  117.619; -286.226; -138.592
438.941;   77.101;    3.770;  269.415
439.229;  -20.653; -665.252; -466.545
439.517;   28.584; -160.234;  -85.577
439.806;   -8.262; -501.225; -290.595
440.094;  142.593;  377.766;  650.421
440.382;   35.323; -653.233; -302.580
440.670;   30.298; -361.235; -285.576
440.959;   -6.941; -347.223; -170.599
441.247;   38.515; -151.229; -109.587
441.535;   38.057; -266.235;   31.423
441.823;   -1.760; -497.234; -305.578
442.111;  159.220;  173.771;  327.412
442.400;  287.501; -628.245; -335.559
442.688;  521.793; -111.234; -620.579
442.976;  238.265; -786.213; -450.617
443.264;   43.896; -324.224; -364.597
443.552;   54.146; -258.226;   51.408
443.840;  127.280;  602.765;  876.423
444.128;  109.297;  265.767;  269.420
444.416;  -15.027; -694.228; -312.588
444.704;   19.445; -465.219;  -92.605
444.992;   54.274;   -0.226;  240.407
445.280;    7.977; -517.230;  -94.585
445.568;    5.469; -694.212; -396.618
445.856;  140.051; -174.221;  357.398
446.143;  220.315;  -54.220;   -7.604
446.431;  215.928;  -25.228;  625.411
446.719;  156.993;  489.783;  675.391
447.007;  150.370;  481.769;  705.416
447.295;  169.256;  597.777;  871.402
447.583;   85.112; -464.229;  -34.587
447.870;  113.822; -434.221; -202.601
448.158;  225.451; -104.230;  129.415
448.446;  132.442; -800.219; -338.604
448.733;  143.973;   13.776;  269.403
449.021;  180.618;   60.788;  341.382
449.309;  157.186; -296.210;  208.379
449.596;  218.738;  128.783;   59.392
449.884;  194.814; -571.222; -325.600
450.172;  253.159; -756.227; -406.590
450.459;  633.119;  645.786;  780.387
450.747; 3802.612; -411.218; -147.608
451.034;12117.029;  493.772;  889.411
451.322; 9801.548; -413.214; -170.614
451.609;  727.300;  292.777;  508.403
451.897;  867.212; -550.203; -183.634
452.184; 2722.306; -622.223; -400.598
452.472; 2391.037;   97.792;  269.375
452.759;  339.292;  512.781;  864.395
453.047;   72.715; -407.212; -125.617
453.334;   22.152; -732.219; -216.606
453.621;   45.526; -438.214; -161.615
453.909;   81.127;   13.796;  384.368
454.196;   95.157; -299.199; -123.641
454.483;  229.627;  317.798;  540.364
454.771;  132.391; -215.208;  196.374
455.058;   48.720; -316.207;  102.374
455.345;  145.448;   71.807;  344.347
455.632;  119.448; -128.207;  235.373
455.919;   60.134;  -82.196;  182.354
456.207;  -43.363; -774.198; -450.642
456.494;   -9.408; -475.200;  -66.639
456.781;   12.647; -399.202; -198.635
457.068;   65.381; -253.206;  -29.628
457.355;   -5.917; -698.206; -401.629
457.642;   -2.636; -552.205; -290.630
457.929;   15.337; -778.194; -417.651
458.216;  107.491; -575.212; -354.617
458.503;  388.393; -173.193;  -19.652
458.790;  406.688; -864.208; -630.625
459.077;  374.653;  -77.202;  110.364
459.364; 1192.104; -350.195; -210.649
459.651; 2529.829;  -46.206;  220.372
459.938; 1107.226; -864.209; -665.623
460.225;  102.532;  132.799;  276.363
460.512;  -40.220; -836.197; -688.645
460.799;  112.960;  -32.218;  320.392
461.086;   99.197; -370.200; -251.640
461.372;    8.887; -509.198; -279.642
461.659;   63.210; -165.196;  108.354
461.946;   34.091; -445.193;  -54.651
462.233;  211.145;  842.800;  888.361
462.519;  474.766; -814.201; -464.639
462.806; 1523.156; -768.197; -497.645
463.093; 1278.191; -445.191;  -66.656
463.380;    5.965; -920.186; -824.664
463.666;   54.608; -259.197;  -18.646
463.953;  129.047; -406.195; -243.648
464.239;  286.247; -173.195;  -77.648
464.526;  394.285;  413.806;  743.350
464.813;  338.080; -565.190; -304.658
465.099;  319.367;  606.807;  607.348
465.386;  281.197;  903.807;  921.348
465.672;   12.356; -694.197; -522.645
465.959;   40.226; -598.188; -520.662
466.245;   -2.328; -468.193; -359.652
466.532;   62.720; -109.195;   63.352
466.818;   25.740; -357.186; -216.664
467.104;  -10.412; -488.182; -415.672
467.391;  -28.893; -628.189; -459.658
467.677;   28.794; -289.186;    9.335
467.964;   -7.160; -682.189; -471.660
468.250;   37.397; -331.186; -160.665
468.536;   65.833;   90.811;  180.341
468.822;  -30.363; -821.184; -574.668
469.109;  135.885;  351.827;  471.311
469.395;  199.159;  729.808;  787.346
469.681;  222.562;   46.811;  156.341
469.967; 1808.493; -699.188; -382.660
470.254; 3996.377; -494.188; -306.662
470.540; 2492.983; -601.196; -476.646
470.826;  362.101; -488.181; -397.675
471.112;  416.216;  288.816;  113.331
471.398;   75.871; -253.183;  -58.670
471.684;   45.310; -626.177; -447.680
471.970;   28.256; -918.180; -981.675
472.256;   68.207; -521.192; -441.654
472.542;    4.673; -499.171; -434.691
472.828;   17.758; -743.182; -607.672
473.114;   18.050; -380.166; -283.700
473.400;   17.430; -504.175; -293.684
473.686;   28.583; -452.166; -400.701
473.972;   50.448; -230.174; -131.687
474.258;  -13.290; -925.173; -843.689
474.544;  327.350; -183.178;   -2.679
474.830;  504.632;  -65.175;   45.316
475.116;  812.931; -123.190; -196.658
475.401; 1104.109; -558.180; -467.676
475.687;  293.432; -725.180; -718.676
475.973;   -4.232; -673.181; -770.673
476.259;  228.760;  736.825;  764.315
476.544;  566.720; -539.176; -437.682
476.830; 1385.818; -398.172; -322.690
477.116; 1228.968; -430.177; -336.682
477.401;  153.183;  346.820;  358.324
477.687;  -14.545; -289.175; -405.684
477.973;   45.447;   21.819;   28.326
478.258;   -9.468; -448.163; -348.706
478.544;   38.204;   21.815;   61.334
478.829;  -54.395; -818.171; -738.692
479.115;  -53.457; -749.172; -651.690
479.401;  -14.558; -444.174; -449.686
479.686;   66.782; -253.180;  -74.676
479.972;    9.731; -886.178; -776.680
480.257;   49.302; -258.166;  -65.700
480.542;   35.059; -614.170; -469.693
480.828;  261.378; 1288.824; 1392.317
481.113;  -27.200; -464.176; -426.683
481.399;   -3.114; -236.161; -202.711
481.684;  -48.674; -620.166; -462.700
481.969;   23.702; -158.159;  -73.713
482.255;   -8.728; -439.169; -285.695
482.540;   12.657; -569.178; -441.680
482.825;   27.984; -395.187; -404.663
483.110;  129.151;  -85.169; -105.696
483.396;  374.478; -840.157; -652.718
483.681;  762.348;  543.826;  730.313
483.966;  289.595; -696.160; -700.712
484.251;   -0.928; -404.174; -310.687
484.536;    3.139; -356.165; -378.703
484.822;   26.800; -205.173; -218.687
485.107;   -9.502; -599.152; -502.726
485.392;  113.496;  662.836;  541.296
485.677;   76.963;  354.832;  163.302
485.962;  105.550;  160.843;  270.283
486.247;  109.592;  -14.162;   -8.707
486.532;   58.853; -178.166; -325.701
486.817;  179.379;  381.839;  431.291
487.102;  157.828; -453.154; -514.722
487.387; 1083.055; -637.156; -652.718
487.672; 1970.577; -154.164;  -38.705
487.957; 1238.862; -394.160; -286.711
488.241;  328.618; -290.150; -314.729
488.526; 1195.625; -280.152; -148.726
488.811; 2004.009; -881.177; -818.680
489.096; 1389.106; -666.154; -702.723
489.381;  718.796;    3.847;  162.275
489.666;  642.910; -428.161; -510.710
489.950;  218.885;  558.846;  627.277
490.235;  -35.238; -480.151; -458.728
490.520;  -43.841; -756.161; -723.710
490.804;  -24.693; -827.156; -736.719
491.089;   28.462; -469.149; -299.732
491.374;   41.875; -132.164;  -75.704
491.658;   -2.274; -817.147; -717.735
491.943;  115.555; -657.152; -609.727
492.227;  201.898; -178.155;  -38.721
492.512;   28.924; -294.157; -341.717
492.797;  -63.870; -713.149; -716.731
493.081;  -41.721; -588.147; -598.735
493.366;  -27.914; -751.161; -635.711
493.650;  212.418;  831.859;  917.254
493.935;   75.550; -648.147; -447.734
494.219;  -30.597; -778.142; -687.743
494.503;  -25.001; -585.150; -487.730
494.788;   62.114;   46.842;   74.285
495.072;  125.870;  184.850;  434.271
495.356;  233.216; -463.148; -343.733
495.641;  538.512; -812.146; -736.736
495.925;  448.838; -976.156; -903.719
496.209;   11.837; -599.149; -451.732
496.494;  -29.897; -763.142; -544.744
496.778;   22.653; -364.154; -360.722
497.062;  -46.587; -819.156; -627.719
497.346;   12.515; -869.160; -640.711
497.631;  167.595;  580.852;  560.266
497.915;   85.825;  -64.145;  175.261
498.199;   47.778; -341.157; -277.718
498.483;   40.348; -562.152; -508.725
498.767;  239.871;  301.850;  300.271
499.051;  266.909; -126.149; -100.732
499.335;   79.882; -693.149; -739.731
499.619;  -43.736; -381.129; -423.767
499.903;    8.221; -272.155;  -65.721
500.187;   21.387; -588.153; -316.724
500.471;   19.729; -796.152; -595.727
500.755;   95.860;   62.839;  -96.710
501.039;    6.347; -270.155; -357.721
501.323;   58.845;  -21.141;  264.254
501.607;    7.333; -447.163; -503.706
501.891;    1.604; -607.156; -512.718
502.174;  -54.037; -726.144; -585.741
502.458;   69.609;   89.849;  370.273
502.742;   61.699; -180.138; -191.751
503.026;  201.575; -412.147; -254.734
503.310;  321.975; -437.159; -375.713
503.593;  206.777; -464.147; -325.735
503.877;  127.022; -232.133; -156.760
504.161;  176.015;    2.847;  -50.724
504.444;  212.267; -841.158; -710.716
504.728;  771.499; -487.164; -522.704
505.012; 1090.268; -257.150;  -76.729
505.295;  798.786; -417.161; -212.711
505.579;  816.212; -256.156; -496.719
505.862; 1225.420; -555.145; -333.738
506.146; 1248.853; -681.159; -758.714
506.429;  572.954;  568.841;  461.286
506.713;  135.814; -732.151; -667.728
506.996;  481.852;   90.846;  295.278
507.280;  560.394; -633.165; -474.703
507.563;  387.695; -469.155; -261.721
507.847;  187.388; -423.153; -112.724
508.130;  165.312; -665.161; -456.711
508.413;  237.097; -758.167; -577.700
508.697;  418.422; -151.167;   12.300
508.980;  278.089; -422.153; -312.724
509.263;   31.940; -466.155; -450.720
509.547;   64.567; -124.150;   82.271
509.830;   55.064; -172.160;  140.289
510.113;   89.062;  128.844;  298.281
510.396;   52.246; -530.152; -300.725
510.680;   41.022; -818.145; -812.738
510.963;  197.958;  184.846;  180.277
511.246;  118.552; -493.150; -357.730
511.529;  271.853; -482.145;  -83.739
511.812;  601.318; -250.134;   10.241
512.095;  476.786; -740.151; -396.728
512.378;  109.507; -317.147; -245.736
512.661;   82.258; -703.137; -623.753
512.944;   91.655; -750.142; -637.744
513.227;   90.779; -170.137; -171.752
513.510;   63.388; -479.144; -671.741
513.793;   39.075; -485.140; -435.747
514.076;  151.539;  -43.127;  -39.771
514.359;  158.288; -294.149; -135.732
514.642;  156.384; -442.142; -567.744
514.925; 1157.823;  581.860;  561.253
515.208; 1679.388; -498.134; -443.758
515.491; 1067.355; -276.133; -182.761
515.773;  587.118; -410.143; -337.742
516.056; 3307.040;  249.864;  409.246
516.339; 4319.745; -754.136; -652.755
516.622; 2024.099; -518.150; -488.730
516.904;  549.501;  882.857;  975.257
517.187;  213.403; -730.138; -523.752
517.470;  431.325; -568.143; -510.743
517.752;  723.324; -624.136; -470.756
518.035;  569.838; -708.139; -725.749
518.318;  625.745; -799.136; -744.755
518.600; 4030.934; -300.132; -325.762
518.883; 5552.908;  310.858;   88.256
519.165; 2556.569; -585.138; -426.751
519.448;  430.509;  -61.132;  -19.762
519.730;  197.723; -573.126; -415.773
520.013;  236.075;  588.867;  664.240
520.295;  307.595;  -94.134;  -15.759
520.578;  670.199; -335.131; -305.764
520.860;  889.934; -254.132;   56.238
521.143;  656.726; -763.135; -584.756
521.425;  608.338; -251.125; -279.775
521.707;  990.515; -622.127; -380.771
521.990; 2825.490; -199.127;  167.229
522.272; 3244.227; -116.140;   -4.748
522.554; 1208.718; -237.143; -157.742
522.836;  260.767;  -24.134;   99.241
523.119;  193.473; -496.148; -189.734
523.401;  181.283; -448.130; -314.766
523.683;  169.208; -865.137; -693.753
523.965;  414.975;  408.862;  260.248
524.247;  444.014;   54.878;  170.220
524.529;  321.220; -451.134; -367.759
524.812;  503.860;   -3.130;  191.234
525.094; 1398.675; -773.138; -631.751
525.376; 2225.999; -143.124;   78.223
525.658; 1347.167; -441.136; -339.754
525.940;   92.571; -805.131; -671.764
526.222;   13.846; -188.136;  -88.755
526.504;   64.968; -190.131;   32.237
526.786;    7.398; -960.133; -647.760
527.068;  101.106; -124.123;  -67.778
527.349;   -0.462; -865.137; -774.754
527.631;  127.284; -137.132;   22.238
527.913;  233.964; -664.127; -450.771
528.195;  335.655; -761.125; -639.774
528.477;  383.414;  -93.134;  -30.758
528.759;  287.910; -648.130; -522.766
529.040;  157.429; -569.123; -293.778
529.322;   91.258; -235.125;  -10.774
529.604;   88.987;  -47.130;   93.233
529.886;   46.798; -546.126; -302.773
530.167;   82.553;  232.870;  192.235
530.449;   40.306;    1.853;   63.265
530.731;   78.463; -572.122; -459.779
531.012;  164.988; -513.120; -216.784
531.294;  142.985; -118.116;  -43.792
531.575;  195.763;  290.875;  538.225
531.857;  156.933; -548.135; -266.757
532.138;  133.493; -113.141;   40.254
532.420;  134.428;  294.865;  403.244
532.701;   87.051; -722.133; -751.760
532.983;  190.279;  232.867;  182.239
533.264;   52.895; -243.126;  175.228
533.546;  -39.379; -491.136; -508.755
533.827;   30.771;  173.867;   -1.759
534.109;   25.457; -352.135;  -80.757
534.390;  105.964; -725.132; -582.762
534.671;  303.553; -270.135;  -82.756
534.953;  204.033; -751.123; -611.779
535.234;   55.742; -426.117; -255.789
535.515;  -50.952; -891.119; -735.785
535.796;  -10.191; -431.128; -193.770
536.078;  -95.901;-1050.124; -904.777
536.359;   13.084;  -22.123;    3.221
536.640;  -17.118; -480.125; -197.774
536.921;  169.694;  225.871;  143.232
537.202;  544.421;  -87.138;  -16.751
537.483;  706.299;  251.869;  377.236
537.764;  270.403;   17.870;   98.235
538.045;  -27.887; -543.134; -371.758
538.326;  -11.279; -596.129; -447.768
538.607;   73.466; -686.127; -476.771
538.888;  277.527;   98.879;    5.218
539.169;  307.696; -704.122; -535.781
539.450;  426.268;  236.871;   16.233
539.731;  267.257; -361.121; -182.783
540.012;  148.738;  199.880;  412.216
540.293;   96.068;   82.876;  158.224
540.574;   -7.341; -895.113; -717.796
540.855;  506.955;  435.879;  377.218
541.136;  663.267;   47.878;  139.220
541.416;  391.836; -161.130; -220.766
541.697;  314.744; -274.131; -170.763
541.978; 1662.080; -270.135; -315.757
542.259; 2088.040; -211.127; -236.771
542.539;  980.177; -191.116; -186.790
542.820;  214.388;  461.875;  480.225
543.101;  151.299;  -52.145;  -77.738
543.381;   44.265; -638.127; -591.771
543.662;  366.012;  159.873; -254.771
543.942;  972.035; -751.127; -830.770
544.223; 1682.244;  193.878;  161.219
544.504; 1093.149; -275.124; -182.777
544.784;  887.823; -592.126; -408.773
545.065; 2489.107;  104.884; -254.791
545.345; 2946.673;  227.881;   14.215
545.626; 1947.133;  -14.113; -108.796
545.906; 1400.927;   77.869;   98.235
546.186;  567.453;   92.874;  -95.773
546.467;  312.177;   99.877;  -95.778
546.747;  510.152;  264.884;  327.210
547.027;  577.297;   91.876;  111.223
547.308;  570.834; -376.127; -530.770
547.588;  589.072;  299.871;  371.232
547.868;  252.178;  458.870;  588.235
548.149;  253.166;  609.885;  593.207
548.429;  244.538; -347.127; -299.771
548.709;  381.537; -645.120; -461.784
548.989;  799.659;   84.882;   88.213
549.269; 3340.182;   10.868;  139.239
549.550; 7814.257;  215.877;  117.222
549.830; 6962.355; -758.111; -556.799
550.110; 1352.739; -468.110; -320.801
550.390; 1341.513; -128.122;  -56.779
550.670; 1891.553; -868.114; -783.795
550.950; 1306.029; -509.121; -471.782
551.230;  256.725;  549.879;  460.218
551.510;   31.178; -381.121; -326.782
551.790;   68.423; -173.109; -127.803
552.070;  350.402;  940.877; 1181.223
552.350;  720.953; -492.119; -377.786
552.630;  971.247;   -2.121;   77.219
552.909;  587.757;  181.884;   73.209
553.189;  390.565;  -49.132;   33.237
553.469;  383.852; -703.119; -514.786
553.749;  362.892; -469.127; -357.772
554.029;  301.972;   33.883;  -24.790
554.308;  262.371; -154.115;  -37.794
554.588;  142.608; -196.128; -204.770
554.868;  145.855; -366.121;  -47.782
555.147;  266.667; -114.115;  -46.793
555.427;  961.660; -260.116; -250.792
555.707; 6229.890; -284.115; -200.793
555.986; 7717.584; -719.111; -538.800
556.266; 3946.550;   23.884;   72.210
556.546;  252.303; -888.121; -675.782
556.825;  440.876; -657.114; -556.794
557.105; 2922.880; -125.128;   17.230
557.384; 3442.681;  122.884;  187.209
557.664; 1353.759; -717.116; -508.792
557.943;  248.605; -557.121; -411.782
558.222;  326.838; -345.118; -344.788
558.502;  426.994; -116.115;  -76.793
558.781;  747.613;  194.885;  499.208
559.061;  686.738; -232.118; -227.788
559.340;  473.394;  302.883;  353.211
559.619; 1186.600;   93.884;  148.210
559.899; 1737.196; -239.117; -266.789
560.178; 1564.043; -778.115; -593.793
560.457; 4802.473; -623.117; -562.790
560.736; 6897.260; -472.111; -482.800
561.015; 4504.152; -500.128; -502.769
561.295;  548.472;  180.893;  215.193
561.574;  439.240;  119.885;  116.207
561.853;  691.928;  274.891;  303.197
562.132;  802.896;  -45.114;  182.206
562.411;  696.173;  396.879;  553.219
562.690;  290.338; -592.115; -458.792
562.969;  175.892;  472.888;  630.203
563.248;  509.595; 2966.878; 2487.219
563.527;  460.309; -290.111; -408.800
563.806;  685.488; -650.127; -521.771
564.085;  718.490; -297.105; -206.810
564.364;  456.125; -594.117; -405.790
564.643;  802.248; -276.121; -223.781
564.922; 3037.971;  221.890;  397.198
565.201; 3134.450; -640.109; -700.803
565.479; 1316.137; -297.115; -219.792
565.758;  563.805; -810.128; -712.770
566.037;  775.927; -155.109; -100.803
566.316;  383.506; -286.116;  -28.791
566.595;   79.840;  -17.115;  -12.793
566.873;  108.537; -166.111;  -79.801
567.152;  -23.809; -490.113; -590.797
567.431;   29.076; -113.116;    6.210
567.709;   61.822; -344.107; -212.807
567.988;  476.525; -810.114; -769.794
568.266;  871.365; -160.115;  -68.793
568.545;  652.446; -644.100; -514.819
568.824;  972.486;  160.885;  356.208
569.102; 1005.175; -351.114; -235.794
569.381;  435.685; -492.116; -407.792
569.659;   -1.413; -553.113; -553.796
569.938;  124.343; -743.122; -465.780
570.216;  210.580; -225.109; -225.804
570.494;   24.804; -632.114; -572.795
570.773;   52.978;  202.879;  114.218
571.051;   54.655; -373.123; -357.778
571.330;  118.959; -221.113; -174.796
571.608;   89.618; -181.098; -173.823
571.886;  -30.347; -671.111; -581.799
572.164;  -19.920; -739.121; -621.782
572.443;   -7.530; -562.105; -512.811
572.721;  -14.902; -399.117; -289.790
572.999;   -3.660; -280.117; -168.788
573.277;  114.412;  379.894;  620.191
573.555;  464.039;   94.894;   37.190
573.834; 2262.740;  -86.117; -114.788
574.112; 2547.775;  880.893;  811.193
574.390;  792.036; -143.111;  -96.801
574.668;   22.718;  -91.112;  -61.797
574.946;   13.440; -165.106; -187.810
575.224;   23.100;   71.891;  -16.803
575.502;    1.504; -200.116; -204.791
575.780;  -63.056; -767.112; -829.798
576.058;  236.560; 1589.889; 1004.200
576.336;    3.116; -210.110; -129.801
576.614;  -38.331; -511.112; -340.798
576.891;  158.220; -711.115; -823.794
577.169;  831.315; -158.108; -285.805
577.447;  928.924;  169.893;  202.193
577.725;  374.350;  629.888;  854.201
578.003;   44.497;  -71.112; -371.798
578.280;  131.430; -208.104; -242.812
578.558;  115.619; -450.115; -422.793
578.836;  154.879; -210.114; -145.795
579.114;   73.942; -630.112; -670.797
579.391;   94.942;   -6.117;  -18.789
579.669;  -50.879; -595.114; -704.794
579.947;  281.546; -326.107; -127.806
580.224;  607.545; -692.107; -524.806
580.502;  521.200;  127.893;   76.193
580.779;   45.449;  -42.117;   75.210
581.057;  -55.870; -584.109; -470.804
581.334;  -86.127; -726.102; -695.815
581.612;   49.991;   54.895;  511.190
581.889;  -18.936;  -83.101; -129.818
582.167;  -34.744; -298.099; -190.821
582.444;  -86.268; -845.102; -814.817
582.721;  115.033;  657.899;  715.183
582.999;  115.503; -326.100; -167.821
583.276;  941.160; -812.123; -713.779
583.553; 1224.727; -364.102; -294.816
583.831;  459.176; -607.104; -631.812
584.108;   94.037;  349.892;  174.195
584.385;   48.072; -122.102;  -98.815
584.662;  -26.963; -651.111; -828.801
584.940;   42.261;  204.889;  204.199
585.217;    8.212;  -73.113; -303.796
585.494;   61.922;   71.890;  118.198
585.771;  358.006; -250.109; -354.804
586.048;  793.486; -196.113;  -76.796
586.325;  528.990; -721.110; -773.801
586.602;  126.831;  230.896;  213.188
586.879;   35.849; -499.100; -580.820
587.156;  106.817; -156.105; -331.810
587.433;   21.105; -701.102; -667.817
587.710;  105.620;  152.888;  234.202
587.987;  458.098; -264.105; -236.811
588.264; 1160.947;  315.888;  387.202
588.541; 1959.409;  -61.104;   26.187
588.818; 4024.209;   72.892;  171.196
589.095; 3421.553; -163.104; -174.812
589.371;  575.329; -459.109; -414.804
589.648;   62.975; -581.107; -437.807
589.925;  100.305; -517.114; -621.795
590.202;   87.994; -741.112; -607.798
590.478;  173.475; -166.105;  -73.811
590.755;  419.391; -241.108; -132.806
591.032; 3866.718; -741.110; -699.802
591.308; 5439.366; -732.094; -790.831
591.585; 2811.042; -573.110; -560.802
591.862;  316.307;-1056.102; -950.817
592.138;  152.663; -475.108; -474.805
592.415;  252.982; -486.104; -495.813
592.691; 2143.904;  460.896;  518.188
592.968; 2903.445; -208.098; -123.824
593.244; 1423.777; -695.116; -595.790
593.521;  119.882; -105.102;  -42.817
593.797;   38.940; -810.122; -720.780
594.074;  562.110; -611.096; -588.826
594.350;  957.173;  828.905;  729.172
594.626;  492.738; -303.111; -283.801
594.903;  242.308; -643.101; -645.817
595.179;  285.086;  243.896;  418.187
595.455;   38.827; -136.107; -150.807
595.731;   22.413;  -19.103;  -38.814
596.008;  -18.094; -464.111; -434.800
596.284;   84.051; -187.100; -242.820
596.560;  140.773; -501.093; -493.833
596.836;  329.019; -173.105;  -70.810
597.112;  610.889; -582.108; -437.805
597.388;  481.458;  -49.097;  -48.826
597.665;  144.815;  437.887;  530.203
597.941;  -31.591; -572.089; -658.839
598.217;   64.872; -323.110; -293.802
598.493;  438.883;   61.891; -204.804
598.769;  829.045; -175.100;  -50.819
599.045;  527.343; -490.108; -562.806
599.321;  117.700; -193.100; -261.820
599.597;  272.357; -355.109; -476.804
599.872;  766.684;  409.896;  429.187
600.148;  609.909;  -61.097; -172.826
600.424;  453.773;   91.893;  202.193
600.700;  418.551; -170.107; -280.807
600.976;  233.403; -442.097; -464.825
601.252;  416.103; -226.109; -272.803
601.527;  425.735; -833.104; -840.813
601.803;  275.126; -453.105; -404.812
602.079;  294.170; -124.100; -118.819
602.354;  914.735; -620.092; -531.835
602.630; 1309.137; -140.113; -482.796
602.906; 3522.639; -910.101; -863.818
603.181;10667.002; -627.119; -534.786
603.457; 8900.707;   98.903; -278.826
603.733; 1346.633; -605.120; -626.783
604.008; 1441.865; -245.106; -164.810
604.284; 4785.010; -636.101; -580.817
604.559; 4169.099;   -3.112;  -42.799
604.835;  790.819; -163.105; -225.810
605.110;  704.557; -732.099; -892.821
605.385; 1055.227;  224.907;  267.167
605.661; 1071.802; -625.095; -729.829
605.936; 1991.343; -664.108; -737.806
606.211; 1620.096;  -17.103; -170.815
606.487;  375.924; -329.114; -376.794
606.762;  106.703; -791.119; -745.786
607.037;   11.119; -501.105; -433.810
607.313;  -13.406; -589.096; -574.828
607.588;   22.615; -375.106; -137.810
607.863;   83.188;  -28.101; -143.818
608.138;  258.195;  513.890;  516.198
608.413;  120.536; -576.099; -592.822
608.688;  130.988; -203.108; -267.805
608.964;  363.058; -509.106; -218.809
609.239;  429.266; -107.105; -212.810
609.514;  372.050;  281.895;  240.188
609.789; 1045.280; -187.104; -716.812
610.064; 1370.367; -435.096; -609.827
610.339; 1468.379; -855.109; -799.804
610.614; 1977.276; -131.100; -315.820
610.889; 1087.975;  215.895;  107.188
611.163;  114.076; -407.104; -591.812
611.438;  161.050;   81.886; -167.794
611.713;   64.910; -467.101; -499.817
611.988;  117.937; -144.101; -328.818
612.263;   46.948; -771.102; -717.815
612.538;  317.161;  385.887;  251.204
612.812;  377.577; -832.100; -911.820
613.087;  275.942; -358.098; -338.823
613.362;  -10.949; -497.107; -557.807
613.637;   58.066;  261.897;  138.186
613.911;   22.761; -256.092; -345.835
614.186;  245.199; -249.107; -292.807
614.460; 1204.898; -842.081; -758.854
614.735; 1336.586;  -55.087;  -17.843
615.010;  297.749;   43.912;  -82.841
615.284;  344.438;  360.892;  246.195
615.559;  636.859; -792.092; -955.835
615.833;  468.334;  -76.099;  -87.822
616.108;   40.049; -225.090; -390.837
616.382;  194.288;  274.913;  402.156
616.656;  283.899; -241.090; -232.837
616.931;  832.935; -785.099; -700.822
617.205; 1733.010; -973.104; -979.813
617.480; 1565.936;  -91.125;    6.225
617.754;  305.633; -396.125; -128.774
618.028;   77.548; -369.129; -382.768
618.302;  122.336;   73.892;  -25.805
618.577;   -2.282; -371.103; -518.815
618.851;  -39.025; -399.109; -600.803
619.125;  -43.780; -335.134; -378.759
619.399;  -20.114; -244.104; -374.813
619.673;  -26.414; -330.115; -515.792
619.947;  -24.546; -333.114; -448.795
620.222;   10.964; -198.110; -204.801
620.496;   19.630;  -47.121;  -96.782
620.770;   51.920; -187.122;  -93.781
621.044;  302.542;  323.895;  346.190
621.318; 1160.683; -653.120; -614.783
621.592; 1097.606; -430.121; -409.783
621.866;  664.651; -476.112; -572.799
622.140;   71.004; -207.116; -356.791
622.413;  109.481;  138.889;  112.200
622.687;   -2.040; -746.101; -492.817
622.961;   43.311; -130.108; -143.805
623.235;  -32.618; -633.111; -661.800
623.509;  -72.075; -816.105; -848.811
623.783;   24.196;  -12.107;   48.193
624.056;    0.860; -254.120; -280.783
624.330;   66.643;   63.888;   -3.797
624.604;  111.900; -271.116; -355.790
624.877;  129.219;  180.890;   26.198
625.151;  104.372; -249.114; -238.794
625.425;  -11.612; -150.103; -283.814
625.698;  -33.404; -367.119; -374.785
625.972;  -66.028; -799.110; -765.802
626.245;   88.602;  685.884;  484.210
626.519;  -22.310; -426.120; -340.784
626.792;  -15.349; -192.107; -380.807
627.066;  -84.063; -485.122; -662.779
627.339;  -86.233; -736.110; -663.802
627.613;   64.513;  351.880;  148.216
627.886;   72.599;  187.891; -612.803
628.160;   15.008;  312.880; -161.783
628.433;  -78.761; -695.125; -703.775
628.706;  -59.560; -517.120; -615.784
628.979;   33.997;  296.876;  117.223
629.253;  -47.698; -785.119; -833.786
629.526;  617.396; -334.126; -253.772
629.799;  651.131; -641.123; -479.778
630.072;  342.399; -497.128; -516.769
630.346;    0.277;-1115.116;-1080.790
630.619;  746.152; -467.107; -545.808
630.892;  950.432;  709.889;  593.200
631.165;  495.536;  790.896;  679.187
631.438;  -13.528;-1092.112;-1055.798
631.711;   53.459;  453.877;  257.221
631.984;  -26.579; -523.117; -624.789
632.257;  -39.258; -636.117; -681.789
632.530;  -29.154; -412.119; -433.785
632.803;   32.820; -109.115;    7.207
633.076;  -47.648; -360.123; -422.777
633.349;   28.554;  173.872;  121.231
633.622;  -40.305; -187.119; -240.785
633.895;  -98.915; -903.120; -823.783
634.167;  -55.027; -496.126; -525.773
634.440;  -17.666;  -19.116; -137.792
634.713;    6.400;  -22.119; -120.786
634.986;   86.642;  593.871;  453.233
635.258;  -59.307; -507.115; -597.793
635.531;   86.662;  742.882; -343.788
635.804;  -31.605; -303.117; -318.789
636.077;  -64.895; -830.116; -852.791
636.349;   40.616; -586.115; -474.793
636.622;  460.345; 1695.874; 1392.228
636.894;  405.340; -474.120; -909.784
637.167;  315.813; -836.127; -789.771
637.439;   73.383; -278.128; -213.770
637.712;  -24.603; -312.126; -293.772
637.984;  -68.744; -635.116; -707.791
638.257;  480.802;  515.877;  488.222
638.529;  894.040; -881.125; -924.776
638.802;  389.699; -508.128; -449.769
639.074;  -89.006; -927.122; -952.781
639.346;  -98.340; -942.135; -930.757
639.619;   13.632;  -79.142; -319.744
639.891;    5.287;  -83.122; -168.779
640.163;  -67.086; -689.122; -756.780
640.435;   55.241;  273.878;  103.220
640.708;   24.968;  -72.122; -132.780
640.980;   -2.955; -366.122; -362.781
641.252;  260.473;  -25.121;  -71.781
641.524; 2458.600;  580.879;  573.219
641.796; 2637.102;-1094.121; -907.782
642.068;  487.829; -191.121; -300.782
642.340;  -40.444; -486.121; -566.783
642.613;   59.759;  294.880;  323.217
642.885;  -78.539; -787.120; -878.783
643.157;   -2.962; -810.120; -658.784
643.428;   87.490;  170.880;  218.216
643.700;  -70.508; -498.120; -425.784
643.972;  -29.531;  -16.119; -133.785
644.244;  -83.303; -474.119; -559.785
644.516;  -61.826; -250.119; -114.786
644.788;   60.601;  662.881;  548.214
645.060;  -28.172;  -12.119; -124.786
645.332;  -88.045; -525.118; -535.787
645.603;   26.783;  479.882;  342.213
645.875;  -64.765; -334.118; -369.787
646.147;  152.037; 1487.882; 1242.212
646.418;   -3.911; -931.117; -918.788
646.690;  333.441; -714.117; -715.789
646.962;  111.619; -413.117; -451.789
647.233;   -3.454;   15.883;   11.211
647.505;  -99.377; -595.117; -475.790
647.776;   17.625;  328.884;  229.210
648.048;   26.052; -248.116; -418.790
648.320;  -35.521; -752.116; -679.791
648.591; -135.143;-1055.116; -958.791
648.862;  -81.441; -505.116; -577.792
649.134;   16.636;  115.885;  198.208
649.405;  -14.337; -661.115; -618.792
649.677;  -17.960; -475.115; -598.793
649.948;   28.968; -181.115; -296.793
650.219;    9.670;  -37.115; -147.793
650.491;  -73.628; -431.114; -520.794
650.762; -104.351; -705.114; -731.794
651.033;  -74.424; -437.114; -424.795
651.304;  -63.896; -743.114; -728.795
651.576;  -35.069; -680.114; -645.795
651.847;  -38.317; -250.113; -140.796
652.118;  -22.615;  -32.113; -189.796
652.389; -102.713; -639.113; -722.796
652.660;  -37.236; -147.113;  -89.797
652.931; -130.833; -897.112; -871.797
653.202;  -77.231; -382.112; -541.798
653.473;  -40.479; -633.112; -533.798
653.744;  288.923; -595.112; -590.798
654.015;  251.250; -356.112; -303.799
654.286;  -36.522; -642.111; -663.799
654.557;  -29.770; -586.111; -521.799
654.828; -135.568;-1114.111;-1088.800
655.099;  -75.441; -404.111; -291.800
655.370;  -79.614; -427.111; -543.801
655.641; -109.361; -656.110; -714.801
655.911; -107.334; -618.110; -638.801
656.182;   49.718;  437.890;  387.198
656.453;   84.670;  830.890;  746.198
656.724;  -65.203; -466.110; -426.802
656.994;  -69.701; -553.109; -568.803
657.265;  -80.348; -862.109; -873.803
657.536;  -74.971; -500.109; -377.804
657.806;  -87.319; -561.109; -593.804
658.077; -122.867; -866.109; -950.804
658.347;  -65.515; -523.108; -598.805
658.618; -101.662; -646.108; -694.805
658.888;  -35.635;  -41.108;  112.195
659.159;  -69.358; -432.108; -548.806
659.429;    8.344; -292.108; -349.806
659.700;   66.071; -435.107; -390.807
659.970;   37.124; -370.107; -359.807
660.241;   84.626; -754.107; -921.807
660.511;  803.753; -147.107; -174.808
660.781;  226.105; -793.106; -748.808
661.052;  -29.018; -222.106; -381.808
661.322;   -6.766;   21.894;   -9.809
661.592;   21.612;  257.894;  148.191
661.862;  -62.961; -369.106; -382.810
662.133;  -86.259; -551.105; -502.810
662.403; -103.882; -770.105; -676.810
662.673;  -55.855; -256.105; -213.811
662.943;  -89.577; -612.105; -551.811
663.213;   10.000;  -85.105;  -81.811
663.483;  -76.623; -593.104; -568.812
663.753;  -46.296; -194.104; -152.812
664.023;  -11.319;   68.896;  -32.813
664.293;  -66.166; -319.104; -126.813
664.563; -104.689; -694.104; -648.813
664.833; -110.387; -743.103; -608.814
665.103; -112.585; -730.103; -793.814
665.373; -101.758; -766.103; -806.814
665.643;  -32.281; -863.103; -918.815
665.913;  119.022; -534.103; -714.815
666.182;  255.199; -685.102; -719.816
666.452;  449.476;  -22.102;  -89.816
666.722;   40.253; -724.102; -784.816
666.992; -110.995; -948.102; -921.817
667.261;  -61.042; -824.102; -808.817
667.531;  286.360;  134.899;   45.183
667.801;  825.487; -440.101; -412.818
668.070;  301.014;  714.899;  697.182
668.340;  -69.209; -883.101; -840.819
668.609;  115.769;  588.900;  301.181
668.879;  -64.779; -490.100; -558.819
669.149;  -55.452; -539.100; -516.820
669.418;  -84.375; -698.100; -726.820
669.688;   13.352; -482.100; -666.820
669.957;  182.079; -423.099; -546.821
670.226;    8.682; -268.099; -331.821
670.496;  -82.791; -431.099; -635.822
670.765;  -65.439; -418.099; -501.822
671.034; -126.262; -872.099; -828.822
671.304;   -4.285;   55.902; -111.823
671.573; -138.082;-1085.098; -957.823
671.842;  149.095; -380.098; -294.823
672.112;  114.522; -692.098; -586.824
672.381;   48.299; -239.098; -214.824
672.650; -107.849;-1005.097;-1021.825
672.919;  -71.646; -631.097; -507.825
673.188;  -84.444; -681.097; -878.825
673.457; -108.992;-1101.097;-1143.826
673.726;  -56.840; -579.096; -646.826
673.995;  -16.738; -533.096; -479.826
674.265;   12.364; -263.096; -333.827
674.534;   39.292; -183.096; -235.827
674.802;   66.994; -618.096; -703.828
675.071; 1481.021; -886.095; -801.828
675.340; 6213.248; -464.095; -339.828
675.609; 2024.550;  103.905;   82.171
675.878;  205.878; -949.095; -893.829
676.147;   70.680;  -26.095;   -8.829
676.416;  153.457; -210.094; -294.830
676.685; 1054.659; 1000.906; -622.830
676.953;  239.711; -603.094; -452.831
677.222;   -6.661; -193.094; -273.831
677.491;   -9.234;  -24.094; -127.831
677.759;   -5.557;   11.907;  172.168
678.028;   13.820; -279.093; -222.832
678.297;   13.472;   71.907;  197.168
678.565; -126.876; -898.093; -944.833
678.834;  -45.223; -311.093; -268.833
679.102;  -74.171; -411.092; -391.834
679.371; -121.294; -898.092; -727.834
679.639; -114.317; -797.092; -786.834
679.908; -110.240; -794.092; -724.835
680.176; -156.412; -895.091; -941.835
680.445;  -53.610; -346.091; -352.835
680.713;  -17.533;  -58.091;  -23.836
680.982;  -74.381; -523.091; -525.836
681.250; -102.954; -578.091; -507.837
681.518;  -82.276; -534.090; -751.837
681.787;   12.151; -204.090; -167.837
682.055;  -41.397; -490.090; -422.838
682.323; -131.395; -993.090; -992.838
682.591;   71.157; -216.090; -538.838
682.859;  155.834;    9.911;  -35.839
683.128;   35.762;  232.911;  497.161
683.396; -141.286;-1102.089;-1122.840
683.664;  -28.684; -241.089;   21.160
683.932;   -6.507;  144.911;  -76.840
684.200;  -83.205; -576.088; -320.841
684.468;  -16.202;  -73.088; -124.841
684.736;  -27.850; -214.088; -175.841
685.004; -100.673;-1024.088; -982.842
685.272;   -2.871; -880.088; -774.842
685.540;  -31.469; -499.087; -557.843
685.808;  -61.616; -651.087; -682.843
686.076;  -77.089; -894.087; -969.843
686.343;  -18.137; -601.087; -815.844
686.611;   80.290; -195.087; -224.844
686.879;  629.642; -530.086; -553.844
687.147; 4949.644; -483.086; -480.845
687.414; 1433.522;  -12.086; -169.845
687.682;   61.174; -658.086; -757.846
687.950;  455.276;  259.915;  263.154
688.217;   91.828; -792.085; -760.846
688.485;   40.730; -632.085; -636.847
688.753;  837.283;  -11.085; -102.847
689.020;  365.585; -820.085; -851.847
689.288;  -78.388; -853.084; -787.848
689.555;  -20.886; -195.084; -148.848
689.823;  -28.909; -241.084; -345.849
690.090;  -66.781; -546.084; -651.849
690.358; -121.504; -877.084; -897.849
690.625;    8.998;  120.917;   45.150
690.892;  -62.300; -403.083; -369.850
691.160;   -0.773;   72.917;  -35.850
691.427;   -8.296;  141.917;  130.149
691.694; -105.293; -855.083; -929.851
691.962; -114.641;-1177.082;-1060.852
692.229;   31.536;  127.918;   56.148
692.496;  122.638;  130.918;  -49.852
692.763;   54.690; -164.082; -201.853
693.031;  -43.332; -739.082; -716.853
693.298;    1.795; -509.081; -368.853
693.565;  458.622; -155.081; -163.854
693.832; 2023.099;   -5.081;   -9.854
694.099;  294.501; -643.081; -642.855
694.366;  -19.271; -882.081; -896.855
694.633;  -14.794; -920.080; -633.855
694.900;  754.883; 4367.920; -114.856
695.167;  640.235; -214.080; -380.856
695.434;  202.412; -646.080; -623.856
695.701;  235.864;  121.921;  -61.857
695.968;  675.542; -365.079; -361.857
696.234; 1185.394; -415.079; -646.858
696.501;11976.146; -776.079; -614.858
696.768; 6625.898; -554.079; -617.858
697.035;  412.075; -632.078; -667.859
697.302;   83.678; -448.078; -552.859
697.568;   50.455; -458.078; -497.859
697.835;  -18.043; -683.078; -624.860
698.102;    3.284; -498.078; -407.860
698.368;   73.411;  384.923;  396.139
698.635;  -18.311;  -47.077; -424.861
698.901;    0.066; -240.077; -348.861
699.168;  151.518; -534.077; -456.862
699.435;  130.870;  -72.077;  -13.862
699.701;  -76.903; -868.076; -764.862
699.968;   12.999;  144.924; -441.863
700.234;  -90.173; -783.076; -822.863
700.500;  -42.146; -448.076; -539.864
700.767;   15.306;   -1.075;   26.136
701.033; -115.842;-1015.075; -963.864
701.299;  -39.215; -450.075; -483.865
701.566;  135.488;  950.925;  763.135
701.832;   53.990;  -31.075;  -76.865
702.098;  -75.058;-1054.074;-1034.866
702.365;  -40.931;-1098.074;-1030.866
702.631;   39.821;-1038.074;-1063.867
702.897; 1771.324; -765.074; -676.867
703.163; 3286.401;  348.926;  254.133
703.429;  255.703; -256.073; -273.868
703.695;    0.105; -796.073; -792.868
703.961;   50.857; -214.073; -210.868
704.227;  -29.416; -630.073; -725.869
704.493;  155.287;  613.927;  510.131
704.759;    7.414; -565.072; -540.870
705.025;   57.516; -203.072; -194.870
705.291;   13.318; -666.072; -562.870
705.557;  203.945;  719.928;   34.129
705.823;   72.773; -742.072; -694.871
706.089;  181.625; -307.071; -326.871
706.355;  404.402; -315.071; -244.872
706.620; 6018.129; -776.071; -729.872
706.886; 9797.481; -309.071; -362.873
707.152; 1060.859; -818.070; -973.873
707.418;   43.386;-1153.070;-1186.873
707.683;   16.013; -550.070; -530.874
707.949;  -22.335; -547.070; -578.874
708.215;   17.417; -129.070; -207.874
708.480;    0.444; -520.069; -420.875
708.746;  168.722;   68.931;   28.125
709.011;  -45.051; -578.069; -612.876
709.277;  -54.424; -538.069; -543.876
709.542;  -32.347; -428.069; -387.876
709.808;   12.655;  -59.068;   89.123
710.073;  -63.242; -577.068; -695.877
710.339;  -12.765; -242.068; -228.877
710.604;  141.687; -780.068; -845.878
710.869;  513.239; -277.068; -366.878
711.135;  -49.084; -715.067; -628.879
711.400;  -67.706; -507.067; -608.879
711.665;  -42.954; -404.067; -479.879
711.931;  -83.227; -661.067; -677.880
712.196;  -98.500; -876.067; -954.880
712.461;  193.727; -402.066; -490.880
712.726;  303.154; -727.066; -771.881
712.991;  -62.868; -647.066; -664.881
713.256;  -35.291; -350.066; -332.882
713.521;  -48.039; -417.065; -381.882
713.787;  -47.937; -454.065; -472.882
714.052;  -12.635; -214.065; -400.883
714.317;  -81.007;-1045.065; -981.883
714.581; 1224.145; -374.065; -268.883
714.846; 1908.047; -822.064; -888.884
715.111;  185.674;  261.936;  257.116
715.376;   -7.899;  -86.064; -223.885
715.641;   17.854; -365.064; -367.885
715.906;  473.206;   15.936; -551.885
716.171;  211.233;  221.937;  209.114
716.436;   77.860;  -78.063; -104.886
716.700; -100.613; -818.063; -692.886
716.965; -104.936; -794.063; -807.887
717.230;  -56.933; -339.063; -392.887
717.494;   -3.706;  -40.062; -134.888
717.759;  -78.429; -784.062; -640.888
718.024;    2.548;  269.938;  250.112
718.288;   75.150;  685.938;  395.111
718.553; -134.922; -803.062; -977.889
718.817; -125.595; -883.061; -899.889
719.082;  -24.718; -115.061; -125.890
719.346; -118.416;-1000.061; -947.890
719.611;  -47.014; -300.061; -255.891
719.875;  -87.011; -568.060; -537.891
720.140;  -38.859; -453.060; -603.891
720.404;   81.068; -136.060; -249.892
720.668; 1264.995; -475.060; -411.892
720.933;  554.572;  146.940;  137.108
721.197;  -76.226; -667.059; -600.893
721.461; -123.148; -851.059; -826.893
721.725;   -4.596;  -21.059; -250.894
721.990;  -46.369; -284.059; -204.894
722.254;   -9.417;  -26.059; -108.894
722.518;  -60.665; -286.058; -442.895
722.782;  -84.687; -743.058; -594.895
723.046;  155.015;  614.942;  570.105
723.310;   44.342;  374.942;  210.104
723.574;  -90.331; -654.058; -614.896
723.838;  -85.379; -576.057; -642.897
724.102;  -36.827; -226.057; -239.897
724.366; -131.899;-1032.057; -978.897
724.630;  -75.122; -749.057; -571.898
724.894;  -58.070; -722.057; -514.898
725.158;   11.732;   38.944; -295.898
725.422;  -43.516; -394.056; -327.899
725.685;  -57.813; -441.056; -349.899
725.949;  -59.136; -566.056; -519.900
726.213;  -56.084; -732.056; -811.900
726.477;  340.768;-1020.055; -933.900
726.740;  249.520; -274.055; -104.901
727.004;  449.673; -384.055; -510.901
727.268; 4149.800; -442.055; -400.901
727.531; 1368.602; -961.055; -775.902
727.795;  -17.596; -713.054; -673.902
728.059;  -29.494; -552.054; -557.903
728.322;  -52.167; -841.054; -669.903
728.586;   99.761; -692.054; -701.903
728.849;  -49.712; -695.053; -756.904
729.112; -103.310; -812.053; -912.904
729.376; -101.983; -959.053; -905.904
729.639;  -65.856; -536.053; -536.905
729.903;  -87.503; -733.053; -699.905
730.166;  -33.226; -437.052; -399.906
730.429;  -14.274; -317.052; -468.906
730.693;  -52.297; -355.052; -894.906
730.956;  225.005;  810.948;  651.093
731.219; 1055.308; -310.052; -103.907
731.482;  239.385;-1003.051; -894.907
731.745;  255.387; -794.051; -935.908
732.009;   35.464;  -30.051;   50.092
732.272;  -90.259; -904.051; -771.909
732.535;  -29.657; -300.051; -310.909
732.798; -118.229;-1083.050;-1166.909
733.061;  -27.427; -430.050; -456.910
733.324;   33.550;   31.950; -180.910
733.587;   83.227;  290.950;  365.090
733.850;  -35.971; -973.049;-1050.911
734.113;   56.082;   33.951;   32.089
734.376;   57.934; -328.049; -447.912
734.639;  253.936; 1188.951; 1011.088
734.901;  121.338; -180.049; -402.912
735.164;  721.765; -883.048; -837.913
735.427; 2038.293; -166.048; -355.913
735.690;  193.170; -205.048; -234.913
735.952;   31.497; -923.048; -925.914
736.215;   46.449;-1113.048;-1009.914
736.478;  125.951; -771.047; -774.915
736.740;  310.053;   33.953;  129.085
737.003;  893.481; -658.047; -672.915
737.266; 6059.658;  -94.047;   46.084
737.528;  706.885; -682.047; -660.916
737.791;  453.887; -316.046; -327.916
738.053;  962.214;  465.954;  649.083
738.316;12934.692; -162.046; -136.917
738.578;10728.969; -770.046; -736.918
738.841;  634.721; -382.046; -446.918
739.103;  284.273; -875.045; -777.918
739.365;  745.800;   79.955;  -69.919
739.628;   52.278; -884.045; -805.919
739.890;   12.330; -758.045; -710.919
740.152;  -12.468; -692.044; -754.920
740.414;   32.259; -408.044; -359.920
740.677;   -7.864; -785.044; -634.921
740.939;   -9.062; -587.044; -487.921
741.201;  435.941; -432.044; -572.921
741.463;  138.893; -689.043; -745.922
741.725;   46.720;  -21.043; -199.922
741.987;   71.822;  220.957;  116.078
742.249;   64.074; -751.043; -859.923
742.511;  371.827; -703.043; -794.923
742.773;   77.079; -546.042; -546.924
743.035;  158.381;  796.958;  533.076
743.297;    4.433; -963.042;-1013.924
743.559; 1066.435; -278.042; -262.925
743.821;  192.413; -735.042; -744.925
744.083;   37.040;  -44.041; -149.925
744.345;  -55.808; -869.041; -892.926
744.607;   66.544;   75.959;  122.074
744.868;  -32.804; -490.041; -554.927
745.130;  -54.977; -994.041;-1008.927
745.392;   70.676;   -1.040;  -44.927
745.653;   28.803; -411.040; -378.928
745.915;  190.705;  896.960;  631.072
746.177;   95.682;   35.960;  -43.928
746.438;   46.784; -428.040; -543.929
746.700;   11.662; -947.039; -988.929
746.961;   75.814; -659.039; -740.930
747.223;  206.016; -190.039;  -74.930
747.484;  166.568; -391.039; -471.930
747.746;  224.095;  -23.038; -106.931
748.007;  243.673; -647.038; -689.931
748.269;  461.125; -468.038; -440.931
748.530;  791.602; -852.038; -638.932
748.791;  423.729; -354.038; -420.932
749.053;  642.206;  286.963;  163.067
749.314;  674.683; -236.037; -169.933
749.575;  821.136; -945.037; -905.933
749.836; 1239.238; -217.037;   86.066
750.098; 3165.765;  -60.037;  -21.934
750.359;49943.617;  414.964;  555.066
750.620;15235.819; -121.036; -220.935
750.881; 1548.372; -585.036; -513.935
751.142; 1901.449; -950.036; -938.936
751.403;21025.501; -789.036; -705.936
751.664;11288.403;-1034.035; -999.936
751.925;  723.055; -175.035; -262.937
752.186;  440.758; -298.035; -278.937
752.447;  225.410; -590.035; -445.937
752.708;  116.912; -532.035; -648.938
752.969;   93.439; -566.034; -576.938
753.230;   46.791; -777.034; -672.939
753.491;   57.643; -650.034; -631.939
753.751;  111.546;  109.966;   19.061
754.012;  133.023;  258.967;  181.060
754.273;  113.400; -174.033;  -71.940
754.534;   77.477; -487.033; -580.940
754.794;  -40.471; -926.033; -911.941
755.055;  159.357; 1051.967;  881.059
755.316;    3.009; -700.032; -566.942
755.576;   -6.039; -606.032; -576.942
755.837;  -16.112; -527.032; -695.942
756.097;  -11.535; -530.032; -564.943
756.358;  -41.007; -725.032; -770.943
756.618;  -11.955; -705.031; -641.943
756.879;   41.647; -254.031; -349.944
757.139;  -87.426;-1098.031;-1116.944
757.400;  -22.099; -538.031; -553.945
757.660;    8.403; -365.031; -401.945
757.920;   59.931; -266.030; -228.945
758.181;    9.808; -468.030; -351.946
758.441;  -54.465; -870.030; -809.946
758.701;   -7.763; -308.030; -215.946
758.961;   -1.986; -220.030; -278.947
759.222;  -32.258; -574.029; -502.947
759.482;  -50.806; -683.029; -723.948
759.742;  -62.054; -706.029; -547.948
760.002;   27.948;  -83.029; -143.948
760.262;   35.050;   50.972;  182.051
760.522;  -30.247; -498.028; -574.949
760.782;  -35.370; -738.028; -612.949
761.042;   -2.418; -618.028; -573.950
761.302;   64.809;   55.972;  -18.950
761.562;   62.136; -164.027; -154.951
761.822;  146.838; -710.027; -551.951
762.082;  -12.059;-1104.027;-1093.951
762.342;   63.543; -328.027; -403.952
762.601;   78.145; -567.027; -506.952
762.861;  465.122; -281.026; -207.952
763.121;  413.774; -406.026; -411.953
763.381; 6699.452; -499.026; -485.953
763.640; 8948.779; -139.026; -307.954
763.900;  377.606; -242.026; -203.954
764.160;  130.058; -458.025; -491.954
764.419;    6.710; -726.025; -782.955
764.679;  -57.212; -795.025; -726.955
764.939;   -8.385; -124.025; -210.955
765.198;  -66.608; -608.025; -563.956
765.458;  -65.056; -710.024; -612.956
765.717;  -79.854; -454.024; -590.957
765.976;  -50.477; -428.024; -411.957
766.236;  -64.099; -475.024; -610.957
766.495;   23.753;  260.977;   73.042
766.755;  -39.720;-1090.023; -987.958
767.014;   54.732; -594.023; -665.958
767.273;  -32.141; -373.023; -397.959
767.533;  -40.763; -228.023; -307.959
767.792;  -39.311; -151.022; -188.960
768.051;  -39.259; -228.022; -276.960
768.310;  -76.682; -546.022; -650.960
768.569;    1.620; -161.022;    4.039
768.828;  -23.052; -285.022; -363.961
769.088;  -76.550;-1050.021; -942.961
769.347;  -77.923; -755.021; -599.962
769.606;  -79.971; -876.021; -857.962
769.865; -102.869;-1016.021;-1033.963
770.124;    6.133; -411.021; -336.963
770.383;  -18.389; -778.020; -910.963
770.641;   31.913; -398.020; -400.964
770.900;  -40.835; -953.020; -846.964
771.159;  -15.983; -851.020; -951.964
771.418;   12.969; -917.020; -779.965
771.677;  153.347; -224.019; -293.965
771.936;  176.049; -794.019; -865.966
772.194; 1970.926; -465.019; -437.966
772.453;12800.353; -213.019; -391.966
772.712;  994.005;  416.982;  329.033
772.970;  140.358;   32.982;   63.033
773.229;   91.885;  -22.018;  102.033
773.488;  -64.788; -814.018; -770.968
773.746;   59.264;  296.982;  335.032
774.005;   -4.359;  190.983;  -22.969
774.263;    8.918;  243.983;  177.031
774.522;  -45.879; -422.017; -548.969
774.780;  -86.577; -484.017; -417.970
775.039;  -82.475; -551.017; -531.970
775.297;  -25.373; -135.016; -351.970
775.555;  -86.196; -489.016; -612.971
775.814; -110.943; -618.016; -570.971
776.072; -111.791; -749.016; -740.971
776.330;  -97.614; -630.016; -520.972
776.589; -105.087; -703.015; -721.972
776.847; -111.135; -645.015; -624.973
777.105; -155.607;-1016.015;-1032.973
777.363;  -77.305; -459.015; -454.973
777.621; -132.678; -660.015; -717.974
777.879;  -20.476;  -42.014;   32.026
778.138;  -83.749; -554.014; -717.974
778.396;  -92.872; -585.014; -526.975
778.654; -148.769;-1015.014; -970.975
778.912;  -45.792; -269.014; -371.976
779.170; -121.890; -880.013; -803.976
779.427; -148.113; -922.013; -897.976
779.685; -129.036; -880.013; -832.977
779.943;  -47.908; -654.013; -593.977
780.201; -130.781; -964.012; -883.978
780.459; -100.179; -651.012; -610.978
780.717;  -64.827; -440.012; -390.978
780.974;  -96.000; -449.012; -490.979
781.232;  -67.797; -358.012; -338.979
781.490;  -52.620; -551.011; -472.979
781.747;  -94.043; -555.011; -476.980
782.005;   22.284;  462.989;  254.020
782.263; -156.964; -542.011;-1004.981
782.520;  -75.837; -326.011; -501.981
782.778; -163.609;-1013.010;-1051.981
783.035; -150.957; -962.010; -938.982
783.293;  -62.805; -248.010; -206.982
783.550;  -60.153; -134.010; -198.982
783.808; -129.101; -764.010; -776.983
784.065; -148.473; -745.009; -874.983
784.322;  -45.346;   25.991;  -86.984
784.580; -145.569; -915.009; -771.984
784.837; -106.767; -392.009; -466.984
785.094; -114.065; -783.009; -762.985
785.352;  -47.237; -304.008; -404.985
785.609;  -63.485; -934.008; -839.985
785.866;  -77.958; -345.008; -401.986
786.123;  -30.206; -639.008; -583.986
786.380;  -87.354; -665.008; -604.987
786.637;  -42.477; -225.007; -380.987
786.895;   42.301; -456.007; -543.987
787.152;  -47.847; -135.007; -267.988
787.409;  -31.370; -123.007; -225.988
787.666;  -77.568; -299.006; -378.988
787.923;  -85.616; -616.006; -695.989
788.179;  -95.888; -551.006; -584.989
788.436;  -95.761; -585.006; -585.990
788.693;  -23.584;  -92.006;  -87.990
788.950;  211.018; -125.005; -112.990
789.207;  420.920; -381.005; -372.991
789.464;  -40.902; -161.005; -301.991
789.720;   -0.600;  150.995;  110.009
789.977; -161.648;-1003.005; -671.992
790.234;  -25.346;   44.996;  -66.992
790.490; -142.144; -884.004;-1031.993
790.747;  -23.342;  -85.004;   22.007
791.004;   -4.114; -426.004; -348.993
791.260;  -58.537; -430.004; -560.994
791.517;  -78.885; -843.003; -788.994
791.773;  -31.733; -379.003; -342.994
792.030;  -87.906; -596.003; -660.995
792.286;  -90.778; -686.003; -636.995
792.543;  -17.676;  -74.002; -159.995
792.799;  -52.349; -584.002; -382.996
793.055; -150.822;-1179.002;-1210.996
793.312;  -87.770; -827.002; -816.997
793.568;  -55.242; -746.002; -599.997
793.824;   20.735; -226.001; -284.997
794.081;   44.837; -447.001; -508.998
794.337;   84.439; -664.001; -561.998
794.593; 1144.991; -319.001; -271.999
794.849; 7466.893; -746.001; -772.999
795.105;  476.771; -270.000; -261.999
795.361;   28.798; -490.000; -457.000
795.617;  -31.475; -875.000; -945.000
795.873;  -41.525; -360.000; -407.000
796.129;  -20.950; -368.000; -306.000
796.385;  -22.275; -124.000; -156.000
796.641;   60.125;  412.000;  550.000
796.897;  -62.225; -666.000; -635.000
797.153;   78.750;  453.000;  357.000
797.409;  -90.350; -785.000; -868.000
797.665;  -50.275; -625.000; -732.000
797.921;  -57.025; -775.000; -762.000
798.176;  -34.800; -744.000; -747.000
798.432;  -27.325; -824.000; -596.000
798.688;  -46.300;-1174.000;-1078.000
798.943;  114.025; -165.000; -147.000
799.199;   66.800;-1005.000; -959.000
799.455;  269.625;  369.000;  316.000
799.710;  183.050; -813.000; -380.000
799.966;  383.000; -162.000; -160.000
800.221;  570.850; -638.000; -721.000
800.477;11079.075; -743.000; -710.000
800.732;12760.875; -773.000; -800.000
800.988;  759.475;  205.000;  -19.000
801.243; 1454.425; -454.000; -344.000
801.498; 7922.225; -814.000; -739.000
801.754;  547.950; -289.000; -163.000
802.009;  103.725; -257.000; -335.000
802.264;  -34.950; -967.000;-1033.000
802.520;   36.000;  222.000;   -3.000
802.775;  -48.925; -524.000; -359.000
803.030;   54.200;  395.000;  356.000
803.285;  -89.100; -840.000; -903.000
803.540;  -39.650; -686.000; -699.000
803.795;  -10.450; -648.000; -583.000
804.051;  -23.825; -279.000; -346.000
804.306;   20.025;  168.000;  128.000
804.561;  188.950;  451.000;  362.000
804.816;  166.675;  714.000;  861.000
805.071;   18.550; -185.000; -280.000
805.325;  353.925; -257.000; -427.000
805.580;  -67.275; -841.000; -877.000
805.835;   -1.975; -204.000; -297.000
806.090;  -65.450; -760.000; -676.000
806.345;   -3.125; -344.000; -264.000
806.600;   -5.000; -549.000; -632.000
806.854;   -9.850; -408.000; -538.000
807.109;   -4.725; -493.000; -577.000
807.364;   13.575; -407.000; -328.000
807.618;   26.175; -415.000; -381.000
807.873;   90.225; -470.000; -494.000
808.128;  144.725; -257.000; -518.000
808.382;  167.550; -224.000; -332.000
808.637;   90.975; -440.000; -511.000
808.891;  221.700; -257.000; -180.000
809.146;  146.750; -902.000; -794.000
809.400;  346.550; -848.000; -923.000
809.654;  437.700; -779.000; -551.000
809.909;  572.025; -841.000; -927.000
810.163; 7004.125; -813.000; -651.000
810.418;23859.000; -940.000; -861.000
810.672; 1417.050; -685.000; -690.000
810.926;  756.575; -993.000; -973.000
811.180; 1286.175; -439.000; -372.000
811.434;26873.825;  240.000;  135.000
811.689;14321.100; -231.000; -365.000
811.943;  764.250; -936.000; -953.000
812.197;  351.200; -893.000; -671.000
812.451;  146.050; -379.000; -514.000
812.705;  -20.675; -809.000; -619.000
812.959;    1.975; -263.000; -388.000
813.213;   10.800; -283.000; -209.000
813.467;   68.550;  470.000;  253.000
813.721;  -79.675; -764.000; -792.000
813.975; -104.425; -826.000; -877.000
814.229;   48.425;  430.000;  353.000
814.482;  -56.225; -517.000; -566.000
814.736; -103.925; -766.000; -744.000
814.990; -125.875; -779.000; -872.000
815.244;  -42.375; -228.000; -285.000
815.497;  -77.825; -636.000; -601.000
815.751;   -5.000; -141.000;   82.000
816.005;  -74.750; -470.000; -586.000
816.258;  -60.900; -510.000; -363.000
816.512;  -89.400; -693.000; -610.000
816.766;    0.250;  121.000;  157.000
817.019;   24.125;  148.000;  149.000
817.273;  -88.150;-1000.000; -802.000
817.526;  -32.375; -206.000; -173.000
817.779;   10.500;-1049.000; -960.000
818.033;  -19.350; -693.000; -807.000
818.286; -122.650; -725.000; -792.000
818.540;  -74.925; -403.000; -403.000
818.793;  -76.225; -402.000; -489.000
819.046; -102.575; -582.000; -520.000
819.299;  -39.225; -157.000; -166.000
819.553;  -96.725; -552.000; -592.000
819.806; -154.200;-1016.000; -838.000
820.059;  -45.450; -334.000; -354.000
820.312;   24.225;  152.000;  185.000
820.565;   -2.300;  110.000;  -27.000
820.818;  -43.025;  -59.000; -173.000
821.071; -145.800;-1041.000; -957.000
821.324;  -99.450; -536.000; -540.000
821.577;  -98.425; -457.000; -483.000
821.830;  -54.250; -270.000; -172.000
822.083; -120.450; -733.000; -288.000
822.336;  -46.725; -261.000; -167.000
822.589; -118.775; -805.000; -688.000
822.842; -130.975; -875.000; -770.000
823.094; -154.325;-1076.000;-1114.000
823.347; -124.500; -925.000; -729.000
823.600;   29.300;  402.000;  187.000
823.853;  -43.550; -311.000; -267.000
824.105;  -54.475; -331.000; -575.000
824.358;  -96.150; -617.000; -716.000
824.611;   44.675;  234.000;   40.000
824.863;  -10.975; -612.000; -591.000
825.116;   68.300;  -33.000;   27.000
825.368;  143.250; -366.000; -372.000
825.621;  259.175; -186.000; -240.000
825.873;  148.775; -704.000; -737.000
826.126;  655.200; -669.000; -641.000
826.378;13872.850; -389.000; -505.000
826.630; 4759.225; -890.000; -898.000
826.883;  125.375; -754.000; -693.000
827.135;   98.750; -279.000; -270.000
827.387;  -83.025; -893.000; -839.000
827.639;  -13.450;  -86.000;   32.000
827.892; -112.125; -742.000; -582.000
828.144; -133.275; -848.000; -804.000
828.396;  -21.800;  104.000;  -80.000
828.648;  -91.900; -440.000; -333.000
828.900; -130.050; -702.000; -795.000
829.152; -106.475; -684.000; -683.000
829.404;  -58.000; -215.000; -267.000
829.656;  -12.175;  321.000;  214.000
829.908;  -22.975;  393.000;  229.000
830.160; -149.475;-1064.000;-1047.000
830.412;  -97.925; -481.000; -430.000
830.664; -104.350; -557.000; -665.000
830.916;  -75.550; -268.000; -206.000
831.167; -167.650;-1073.000; -951.000
831.419;  -99.650; -623.000; -566.000
831.671; -140.200; -764.000; -809.000
831.923;  -74.650; -311.000; -447.000
832.174;  -72.950; -273.000; -331.000
832.426; -102.600; -493.000; -582.000
832.678; -161.050;-1043.000;-1091.000
832.929; -157.075; -947.000; -935.000
833.181;  -30.625; -575.000; -677.000
833.432;  -50.350;  -59.000; -186.000
833.684;  -20.600;  112.000;  -27.000
833.935; -111.675; -610.000; -566.000
834.187; -112.925; -829.000; -823.000
834.438;  -24.500;  -58.000;  -25.000
834.689;  -59.025; -255.000; -123.000
834.941;  -49.675; -343.000; -244.000
835.192;  -75.725; -590.000; -533.000
835.443;  -88.325; -419.000; -506.000
835.695;  -32.675;  138.000;  -16.000
835.946;  -87.575; -608.000; -378.000
836.197;  -85.775; -599.000; -622.000
836.448;  -85.000; -528.000; -395.000
836.699;  -52.175; -253.000; -341.000
836.950;    5.425;   72.000;    7.000
837.201; -128.650;-1003.000; -987.000
837.452;  -38.825; -356.000; -170.000
837.703;  -88.650; -791.000; -737.000
837.954;  -16.925; -205.000; -365.000
838.205;  -34.050;-1029.000;-1008.000
838.456;  297.100; -196.000; -282.000
838.707;   63.625; -423.000; -519.000
838.958;   54.525; -634.000; -647.000
839.209;  416.925;   18.000;   40.000
839.460;  186.675; -439.000; -201.000
839.710;  234.425; -135.000; -297.000
839.961;  541.475;  730.000;  612.000
840.212;  469.600; -382.000; -497.000
840.462; 1319.525; -328.000; -277.000
840.713;20691.775; -571.000; -536.000
840.964;11090.325;  -62.000; -143.000
841.214;  747.400; -384.000; -624.000
841.465;  762.425; -214.000; -141.000
841.715;  697.900; -417.000; -380.000
841.966;  881.800; -746.000; -685.000
842.216; 9437.550; -330.000; -431.000
842.466;46243.575; -169.000; -313.000
842.717; 3600.800; -964.000; -952.000
842.967;  447.725; -635.000; -641.000
843.217;  395.175;   20.000;   28.000
843.468;  124.050; -104.000; -132.000
843.718;   14.775; -718.000; -726.000
843.968;  -59.575; -837.000; -765.000
844.218;   73.950; -315.000; -262.000
844.469;   -6.600; -577.000; -561.000
844.719;  -91.775; -537.000; -682.000
844.969;  -78.975; -550.000; -580.000
845.219; -135.400; -814.000; -862.000
845.469;  -62.775; -392.000; -342.000
845.719; -122.625; -792.000; -884.000
845.969;   -5.325;  119.000;  174.000
846.219; -114.300; -738.000; -720.000
846.469;    6.750;  464.000;  432.000
846.718;  -46.425; -115.000;   31.000
846.968; -119.425; -827.000; -827.000
847.218;  -40.975; -224.000; -371.000
847.468;   21.475; -586.000; -555.000
847.718; -123.575; -827.000; -798.000
847.967; -122.900; -826.000; -915.000
848.217;  -81.050; -449.000; -569.000
848.467;  -47.800; -405.000; -376.000
848.716;  -95.850; -708.000; -725.000
848.966;   54.425; -372.000; -358.000
849.215;  -34.350; -428.000; -419.000
849.465;  -84.575; -785.000; -615.000
849.714; -117.150;-1132.000;-1150.000
849.964;  -40.400; -551.000; -613.000
850.213;    0.300; -393.000; -355.000
850.463;   96.200;  137.000;  340.000
850.712;   42.650; -542.000; -567.000
850.961;   72.575; -739.000; -678.000
851.211;  167.500; -513.000; -504.000
851.460;  258.750; -635.000; -650.000
851.709;  699.525;  -25.000;   18.000
851.958;11396.550; -912.000; -750.000
852.208;18661.800; -859.000; -879.000
852.457;  789.250; -181.000;  -13.000
852.706;  152.225; -791.000; -823.000
852.955;   71.225; -507.000; -528.000
853.204;  -40.750; -521.000; -461.000
853.453;  -53.950; -418.000; -458.000
853.702; -121.075; -660.000; -750.000
853.951;  -96.950; -532.000; -520.000
854.200; -105.900; -613.000; -562.000
854.449; -142.600; -695.000; -661.000
854.698;  -84.450; -340.000; -279.000
854.946;  -59.300; -181.000; -284.000
855.195; -142.875; -843.000; -868.000
855.444;  -86.775; -395.000; -420.000
855.693; -111.125; -345.000; -432.000
855.941;  -98.675; -387.000; -516.000
856.190;  -45.450; -256.000; -382.000
856.439; -109.400; -652.000; -703.000
856.687;  -58.900;  -99.000;  -72.000
856.936; -117.525; -621.000; -323.000
857.184; -181.950;-1067.000;-1020.000
857.433; -100.675; -423.000; -512.000
857.681; -156.700; -989.000; -953.000
857.930;  -68.100; -282.000; -433.000
858.178; -157.725; -856.000; -929.000
858.427; -134.150; -802.000; -781.000
858.675; -113.250; -377.000; -544.000
858.923; -110.750; -527.000; -819.000
859.172; -167.550;-1094.000;-1070.000
859.420;  -81.025; -339.000; -239.000
859.668; -116.950; -624.000; -628.000
859.916;  -19.100;  109.000;  115.000
860.164;  -88.650; -699.000; -603.000
860.413;  440.425; -878.000; -696.000
860.661;  499.575; -709.000; -577.000
860.909;  -68.300; -339.000; -325.000
861.157;  -75.225; -277.000; -444.000
861.405; -113.525; -534.000; -670.000
861.653;   31.025;  310.000;  310.000
861.901;  287.150; -543.000; -613.000
862.149;  135.025; -801.000; -824.000
862.396;  -61.450; -297.000; -187.000
862.644;  -80.750; -368.000; -347.000
862.892;  -35.900;   98.000;  138.000
863.140; -119.425; -549.000; -530.000
863.388; -145.925; -815.000; -759.000
863.635; -129.350; -642.000; -601.000
863.883;  -13.525;  231.000;  190.000
864.131;  -89.200; -288.000; -357.000
864.378; -134.300; -675.000; -540.000
864.626; -105.250; -347.000; -415.000
864.873; -125.400; -556.000; -505.000
865.121; -129.050; -714.000; -799.000
865.368;  -34.275; -173.000;   75.000
865.616;  -42.275;  -33.000;  -40.000
865.863;  -64.850; -462.000; -506.000
866.111;  -95.225; -795.000; -824.000
866.358;   37.675; -426.000; -420.000
866.605; 2164.100;  -64.000; -804.000
866.853; 2976.525; -621.000; -537.000
867.100;   13.525; -728.000; -775.000
867.347;  -91.500; -672.000; -611.000
867.594;  -58.600; -740.000; -714.000
867.841;  146.550;   97.000;   17.000
868.089; -129.600; -746.000; -698.000
868.336; -107.050; -477.000; -420.000
868.583; -146.525; -637.000; -741.000
868.830;  -55.850; -131.000; -170.000
869.077; -156.250; -859.000; -787.000
869.324; -121.725; -502.000; -458.000
869.571; -126.175; -398.000; -430.000
869.818; -107.125; -485.000; -439.000
870.065;  -85.975; -439.000; -513.000
870.311;  -97.225; -456.000; -542.000
870.558; -106.800; -332.000; -311.000
870.805;  -84.800; -320.000; -384.000
871.052; -101.725; -494.000; -369.000
871.298;  -38.675; -204.000; -131.000
871.545;  -76.900; -151.000; -185.000
871.792;  -80.775; -173.000; -222.000
872.038;  -65.750;   43.000; -126.000
872.285; -115.075; -496.000; -387.000
872.532;  -91.850; -357.000; -387.000
872.778;   13.175;  556.000;  403.000
873.025;  -96.525; -384.000; -359.000
873.271;   19.000;  501.000;  578.000
873.517;  -11.050; -133.000; -209.000
873.764;   -3.025; -193.000;  -80.000
874.010;  -71.675; -143.000; -230.000
874.257;  -32.625;  123.000;   90.000
874.503; -123.700; -579.000; -479.000
874.749;  -60.075;   31.000;  275.000
874.995;  -72.525;  -80.000;  -20.000
875.242; -121.400; -540.000; -478.000
875.488; -116.400; -414.000; -439.000
875.734;  -44.775; -106.000; -234.000
875.980;  308.225; -872.000;-1032.000
876.226;  698.400; -157.000; -255.000
876.472;    5.850;  343.000;  237.000
876.718;  -40.650;  184.000;  158.000
876.964;  -43.500;   56.000;   55.000
877.210; -138.925; -547.000; -677.000
877.456; -122.525; -630.000; -557.000
877.702; -169.900; -821.000; -832.000
877.948; -106.375; -377.000; -497.000
878.193;   -5.400;  361.000;  255.000
878.439;  -59.500; -487.000; -472.000
878.685;  -99.475; -272.000; -343.000
878.931; -129.375; -618.000; -676.000
879.176;  -77.775; -201.000; -201.000
879.422; -165.725; -933.000; -820.000
879.668;   45.950;   10.000;   79.000
879.913;  268.675;   53.000;  137.000
880.159;  -44.275; -112.000;  -17.000
880.404;  -56.500; -152.000; -162.000
880.650;  -25.225;   91.000;  141.000
880.895; -151.575; -670.000; -710.000
881.141; -123.575; -454.000; -428.000
881.386; -144.475; -503.000; -658.000
881.631;  -85.675; -311.000; -166.000
881.877;  -25.075;  112.000;  -13.000
882.122; -131.200; -684.000; -600.000
882.367;  -85.200; -136.000; -186.000
882.612;  -73.400;  -80.000; -176.000
882.858; -173.575; -877.000; -823.000
883.103;  -89.375; -297.000; -267.000
883.348; -153.650; -759.000; -852.000
883.593; -139.700; -677.000; -602.000
883.838;  -52.050; -311.000;  -24.000
884.083;   58.925;  353.000;  288.000
884.328;  -90.825; -564.000; -545.000
884.573;  -43.600; -196.000; -143.000
884.818;  312.150; -694.000; -531.000
885.063;  400.200; -348.000; -315.000
885.308;  -85.700; -475.000; -398.000
885.553;  -15.675;  245.000;  325.000
885.797; -117.300; -545.000; -615.000
886.042;  -54.625;    8.000;   58.000
886.287;  -82.350; -253.000; -211.000
886.532;  -65.050;   26.000;  204.000
886.776; -104.950; -407.000; -525.000
887.021; -148.625; -621.000; -574.000
887.265; -140.750; -685.000; -689.000
887.510; -138.650; -557.000; -496.000
887.755; -100.925; -194.000; -164.000
887.999; -125.600; -552.000; -575.000
888.244;  -62.175;  -58.000;  161.000
888.488;  -13.450;  371.000;  393.000
888.732; -121.750; -368.000; -520.000
888.977; -122.650; -622.000; -567.000
889.221; -140.625; -683.000; -659.000
889.465; -117.650; -422.000; -566.000
889.710;  -73.575;  -56.000; -299.000
889.954;  -12.625;  579.000;  467.000
890.198; -142.025; -584.000; -707.000
890.442; -150.250; -716.000; -712.000
890.687; -157.200; -800.000; -753.000
890.931; -100.700; -273.000; -210.000
891.175; -126.300; -502.000; -500.000
891.419;  -73.800; -105.000; -110.000
891.663;  -80.875; -239.000; -112.000
891.907; -157.275; -801.000; -545.000
892.151; -168.275; -920.000; -815.000
892.395; -106.150; -274.000; -387.000
892.638;  -50.650;  408.000;  291.000
892.882; -173.725; -780.000; -867.000
893.126;    4.700;  758.000;  558.000
893.370; -101.525; -167.000; -168.000
893.614; -143.525; -714.000; -715.000
893.857; -105.100; -183.000; -197.000
894.101; -144.800; -527.000; -631.000
894.345;  -56.000;  300.000;  150.000
894.588;   -1.725;  569.000;  380.000
894.832;  -86.125; -178.000;  -84.000
895.075;  -76.425;   15.000;  -92.000
895.319; -124.625; -552.000; -420.000
895.563; -114.775; -413.000; -353.000
895.806; -138.100; -628.000; -741.000
896.049;  -40.525; -576.000; -368.000
896.293;  146.700;  527.000;  405.000
896.536;  -29.800; -465.000; -468.000
896.779;  -50.225; -149.000;   -1.000
897.023; -132.225; -751.000; -714.000
897.266;   -6.400;  325.000;  269.000
897.509; -170.025; -900.000; -901.000
897.752;  -47.550;  149.000;  171.000
897.996; -180.825; -972.000; -864.000
898.239;  -33.425;  168.000;  102.000
898.482; -116.700; -431.000; -453.000
898.725;  -31.700;  101.000;   53.000
898.968; -133.350; -609.000; -744.000
899.211; -102.025; -513.000; -361.000
899.454;  -98.975; -633.000; -539.000
899.697;  -63.550;   90.000;  -43.000
899.940; -165.625; -761.000; -757.000
900.182; -104.500; -335.000; -405.000
900.425;  -90.175; -150.000; -298.000
900.668;  -13.325;  491.000;  350.000
900.911;  -91.900; -292.000; -345.000
901.154;  -62.550;  141.000;   -3.000
901.396; -138.600; -407.000; -412.000
901.639; -143.050; -430.000; -496.000
901.882; -164.550; -790.000; -809.000
902.124;  -81.225;  -29.000; -143.000
902.367; -123.025; -315.000; -361.000
902.609; -134.125; -476.000; -453.000
902.852;  -95.200; -108.000; -260.000
903.094; -123.050; -458.000; -337.000
903.337;  -48.575;  -26.000;   53.000
903.579; -103.175; -228.000; -441.000
903.821; -144.600; -597.000; -744.000
904.064;  -70.750;   85.000;  127.000
904.306;  -85.275; -126.000; -166.000
904.548; -108.950; -152.000; -366.000
904.790;  -93.675; -195.000; -340.000
905.033; -143.025; -625.000; -577.000
905.275; -122.450; -513.000; -524.000
905.517;   48.950;  468.000;  256.000
905.759;    7.625; -667.000; -761.000
906.001;  -84.575; -322.000; -369.000
906.243;  -41.100; -162.000; -224.000
906.485;  194.900; -265.000; -207.000
906.727;  280.075; -499.000; -542.000
906.969;   -6.925;  -30.000; -135.000
907.211;  203.050; -316.000; -382.000
907.453;  468.850; -188.000; -237.000
907.695;  115.725; -158.000; -385.000
907.936;   41.750;  818.000;  706.000
908.178;  -55.975;   92.000; -135.000
908.420;  -63.550; -111.000; -162.000
908.662; -128.550; -633.000; -682.000
908.903;  -80.850; -208.000; -123.000
909.145;  -59.700; -240.000; -305.000
909.386;    7.800;  315.000;  280.000
909.628;   38.100;  363.000;  397.000
909.870;   -8.475;   29.000;  264.000
910.111;  -85.625; -809.000; -949.000
910.353;   21.975; -123.000; -161.000
910.594;   19.850; -574.000; -606.000
910.835;  101.950; -265.000; -326.000
911.077;  173.900; -503.000; -604.000
911.318;  296.750; -505.000; -471.000
911.559;  474.800; -577.000; -880.000
911.801; 1268.800; -284.000; -280.000
912.042; 9179.500;  -50.000; -159.000
912.283;28672.800;  404.000;  371.000
912.524; 5781.250; -396.000; -457.000
912.765;  600.050; -193.000;   79.000
913.006;  273.450; -307.000; -338.000
913.247;   90.325; -270.000; -290.000
913.488;    6.675;  -43.000;   30.000
913.729;  -75.150; -373.000; -373.000
913.970;  -48.500;  -96.000; -292.000
914.211;  -67.050; -160.000; -198.000
914.452;  -64.300; -118.000;  -11.000
914.693;   12.675;  510.000;  592.000
914.934;   18.700;  510.000;  440.000
915.175;  -68.450;   53.000;  -95.000
915.415;  -81.175; -137.000;   27.000
915.656;  -65.800;  -28.000;  192.000
915.897;  -84.725; -252.000;  -82.000
916.137;  -64.250;   74.000;   -9.000
916.378; -126.375; -573.000; -517.000
916.619;  -86.625; -159.000;  -63.000
916.859;  -30.250;  303.000;  330.000
917.100;  119.525; 1655.000; 1070.000
917.340;   46.850;  930.000;  728.000
917.581;   42.525;  965.000;  789.000
917.821;    0.550; -171.000;  143.000
918.061;   69.925; -199.000;  -72.000
918.302;  -35.950; -152.000; -211.000
918.542;    7.550;  -22.000;    3.000
918.782;   65.675;  369.000;  377.000
919.023;  169.625;  360.000;  427.000
919.263; 1472.975; 8131.000;  202.000
919.503; 1730.400; -137.000;  -54.000
919.743;  921.700;  390.000;  266.000
919.983;  492.050; -134.000;  -26.000
920.223;  134.700;  135.000;   14.000
920.463;  180.075;  631.000;  554.000
920.703;  162.900;   84.000;   39.000
920.943;  212.625; -110.000;   90.000
921.183;  304.825; -414.000; -405.000
921.423;  595.750;  307.000;  546.000
921.663;  874.225; -174.000; -257.000
921.903; 1777.625;  237.000;  173.000
922.143; 9275.300;  372.000;  389.000
922.383;38609.825;  158.000;  115.000
922.622;17049.075; -120.000;  -15.000
922.862; 1748.350;  796.000;  785.000
923.102;  624.475;  -51.000;   33.000
923.341;  280.850;   59.000;   74.000
923.581;  128.825;  450.000;  360.000
923.821;   39.325;  301.000;  398.000
924.060;    9.350;  351.000;  193.000
924.300;  -26.400;  -16.000; -128.000
924.539;   -8.225;  584.000;  473.000
924.779;   19.350;  812.000;  597.000
925.018;  -34.775;  247.000;  353.000
925.257;   -2.200;  595.000;  666.000
925.497;  -31.750;  447.000;  412.000
925.736;  -62.150;  -35.000;  102.000
925.975;    2.300;  687.000;  669.000
926.214;   38.450;  907.000;  850.000
926.454;   14.200;  706.000;  757.000
926.693;  -32.425;  419.000;  543.000
926.932;   31.800; 1021.000;  825.000
927.171;   63.825; 1107.000; 1044.000
927.410;   58.300; 1144.000;  967.000
927.649;   30.925;  924.000;  742.000
927.888;   -3.300;  590.000;  564.000
928.127;  -14.075;  680.000;  678.000
928.366;   40.300;  842.000;  826.000
928.605;   41.550;  831.000;  737.000
928.844;  276.375; 1451.000; 1393.000
929.083;  808.075;  770.000;  613.000
929.321;  492.200; 1335.000; 1359.000
929.560;  116.950; 1158.000; 1122.000
929.799;  -20.400;  574.000;  475.000
930.038;   86.725; 1025.000; 1394.000
930.276;  -40.725;  334.000;  397.000
930.515;   -0.200;  827.000;  681.000
930.753;  -24.600;  614.000;  589.000
930.992;  -14.700;  664.000;  717.000
931.230;    5.750;  847.000;  847.000
931.469;  163.775; 2162.000;  892.000
931.707;   73.700;  840.000;  751.000
931.946;   60.450; 1278.000; 1344.000
932.184;   50.300; 1437.000; 1175.000
932.423;   58.900; 1265.000;  963.000
932.661;   89.475; 1296.000; 1428.000
932.899;   48.150;  987.000;  821.000
933.137;   26.575;  754.000;  564.000
933.376;  166.900; 1664.000; 1335.000
933.614;  204.825; 1759.000; 1196.000
933.852;   58.875; 1357.000; 1171.000
934.090;  136.700; 1722.000; 1747.000
934.328;  130.750; 1252.000; 1457.000
934.566;  118.800; 1431.000; 1110.000
934.804;  162.250; 1263.000; 1309.000
935.042;  499.475; 1861.000; 1850.000
935.280; 1892.600; 2088.000; 2063.000
935.518; 2195.225; 2113.000; 2007.000
935.756;  485.275; 2481.000; 2316.000
935.994;  188.525; 1808.000; 1751.000
936.231;  393.950; 2890.000; 2950.000
936.469;  207.700; 2367.000; 2378.000
936.707;  165.750; 2220.000; 2167.000
936.945;  246.950; 2825.000; 2882.000
937.182;  219.325; 2679.000; 2741.000
937.420;  311.675; 3602.000; 3031.000
937.657;  458.975; 3365.000; 3478.000
937.895;  410.475; 3331.000; 3488.000
938.133;  323.925; 3540.000; 3528.000
938.370;  329.775; 3896.000; 4191.000
938.607;  396.850; 4488.000; 4205.000
938.845;  538.125; 5587.000; 5549.000
939.082;  473.225; 5387.000; 5177.000
939.320;  521.300; 5799.000; 5728.000
939.557;  640.900; 6549.000; 6491.000
939.794;  718.825; 7285.000; 7097.000
940.031;  947.375; 8421.000; 8368.000
940.269; 1201.325; 9552.000; 9107.000
940.506; 1150.975;10901.000;10507.000

