
Integration time [ms]: 100.000
Averaging Nr. [scans]: 40
Smoothing Nr. [pixels]: 0
Data measured with spectrometer [name]: 2101013U2
Wave   ;Sample   ;Dark     ;Reference
[nm]   ;[counts] ;[counts] ;[counts] 

394.013;   53.993; -450.257; -315.536
394.305;  191.116; -461.258; -419.536
394.596; 1112.438; -676.269; -527.514
394.887; 2713.355; -796.268; -654.518
395.178; 1051.560;  145.736;   11.476
395.470;   96.172; -210.263; -356.526
395.761;  186.870;  305.734;  394.479
396.052;  245.163; -545.284; -306.489
396.343;  245.458; -557.276; -454.503
396.634;  108.902; -200.279; -290.497
396.926;   93.777; -618.268; -565.517
397.217;  107.712;   11.725;  -17.504
397.508;   41.528; -366.273; -154.507
397.799;   44.677; -555.279; -571.497
398.090;  -10.704; -973.280; -902.495
398.381;  102.838;   11.708;  -11.473
398.672;  -10.261; -585.292; -742.473
398.963;   29.333; -348.279; -373.498
399.254;   90.023;   54.709; -209.475
399.545;  -43.284;-1017.266; -883.520
399.836;   60.172; -407.277; -343.501
400.127;   44.164; -205.295; -209.468
400.418;   54.198; -423.274; -392.506
400.709;   55.108; -359.281; -333.493
401.000;   40.702; -268.291; -309.476
401.290;  113.451;  225.698;  115.545
401.581;   47.721; -166.286; -228.485
401.872;   24.161; -542.298; -486.462
402.163;   56.282; -313.296; -252.467
402.454;   86.224; -123.291; -163.475
402.744;   62.423; -844.297; -813.465
403.035;  408.579; -226.293;  -86.471
403.326;  537.692; -366.292; -384.474
403.617;  366.830;  204.701;  165.539
403.907;  244.419; -593.283; -679.490
404.198; 2415.255; -545.307; -599.446
404.489; 6226.224; -618.283; -588.491
404.779; 2095.479; -618.302; -660.456
405.070;  234.783;  -67.304; -174.451
405.360;  340.106; -259.293; -238.472
405.651;  369.165;  125.699;   98.542
405.942;  196.691;  209.714;  127.516
406.232;  245.705; -432.285; -413.487
406.523;  461.649;  641.706;  758.530
406.813;   90.618; -579.286; -644.484
407.104;  326.962;  261.708;  144.527
407.394;  150.607; -604.299; -591.462
407.685;  148.255;  336.715;  222.513
407.975;   62.797; -400.283; -382.490
408.265;  127.038; -134.289; -190.478
408.556;   49.446; -472.291; -459.475
408.846;  179.475;  474.706;  429.530
409.137;   90.197;   -1.288; -216.480
409.427;   61.180; -193.285; -271.487
409.717;   39.206; -776.273; -692.508
410.007;  128.424;    4.715; -170.486
410.298;   78.742; -360.295; -342.469
410.588;   63.353; -495.285; -510.486
410.878;   12.758; -792.287; -873.482
411.168;  115.514; -481.298; -478.463
411.459;  117.892; -295.283; -242.489
411.749;   55.819; -609.292; -507.474
412.039;   50.220; -755.289; -386.480
412.329;  214.515;   40.722;  132.501
412.619;  187.793;  -62.286; -148.485
412.909;  366.141;  639.711;  594.521
413.199;  305.246; -130.280; -251.495
413.490;  395.381;  521.710;  352.523
413.780;  147.925;-1013.279; -913.496
414.070;  323.209;  -46.276;  235.497
414.360;  358.436; -729.278; -666.498
414.650;  409.979; -726.288; -688.482
414.940;  538.774; -538.280; -441.496
415.230;  927.001;   50.712;   74.519
415.520; 6137.562;  155.730;   66.486
415.809;24068.608; -305.281; -125.493
416.099;18742.649; -388.277; -229.501
416.389; 5233.895;  435.726;  236.494
416.679; 3097.975;   91.738;   85.473
416.969;  537.987; -527.287; -503.483
417.259;  563.677;  341.721;  171.503
417.549;  683.231;  522.718;  318.508
417.838; 1630.454; -205.268; -147.518
418.128; 5510.762;  650.710;  492.522
418.418; 4574.663; -491.272; -579.509
418.708; 3154.271;    9.726;  -48.506
418.997;11725.541; -474.275; -480.505
419.287;12252.877; -733.273; -790.507
419.577;11566.391; -160.283; -123.489
419.866;38215.447; -588.277; -498.501
420.156;39144.058; -242.270;  -55.513
420.446; 7078.668; -112.263;  -26.526
420.735;  851.202; -376.271; -446.512
421.025;  849.785; 1830.722;  315.502
421.314;  635.350; -203.271; -226.512
421.604; 1306.447;   89.732;  233.484
421.893;  760.822; -705.271; -602.511
422.183;  230.543; -487.263; -461.526
422.472;  364.948;  -36.271; -107.511
422.762;  440.697; -416.266; -379.521
423.051;  234.909; -916.276; -916.503
423.341;  301.029; -491.273; -439.507
423.630;  394.478; -121.265;   15.477
423.919;  382.016;   58.725;   49.495
424.209;  367.173;  -31.263;   56.473
424.498;  491.827;   68.732;  161.483
424.787; 1077.033; -535.267; -601.518
425.077; 3336.102;   34.735;   29.478
425.366; 4608.379; -734.262; -744.528
425.655; 9894.930;  639.727;  259.493
425.945;21826.408; -313.247; -268.554
426.234;12245.302;  117.741;  300.467
426.523; 5066.157;  -86.259; -350.534
426.812; 6996.618;  107.734;  159.480
427.101;10258.718; -127.269; -323.515
427.390;12901.587;  -55.270;  -86.514
427.680; 2813.277; -624.257; -411.538
427.969;  484.537; -330.255; -301.540
428.258;  304.943; -385.257; -477.536
428.547;  522.492;  449.728;  397.490
428.836; 1166.579; -421.253; -398.543
429.125; 1661.359; -199.259;  -72.534
429.414;  791.101; -330.251; -294.548
429.703; 3140.151; -231.251; -213.548
429.992; 9403.005; -938.250; -828.549
430.281; 6198.536; -397.264; -331.524
430.570;  566.567;  -21.252;   32.454
430.859;  554.006;  279.741;  352.466
431.148;  443.104;  636.752;  631.446
431.437;  282.941;  391.748;  367.454
431.725;  146.870; -544.257; -481.536
432.014;  126.436; -845.253; -756.545
432.303;  376.430; -149.239; -105.569
432.592;  578.142; -460.263; -178.525
432.881; 1039.405; -601.248; -437.554
433.169; 6240.388; -343.255;  -61.540
433.458;12656.763;  445.765;  540.424
433.747; 5358.635; -397.261; -289.529
434.036;  883.030; -275.242; -280.564
434.324; 2086.517; -395.249; -379.551
434.613; 3634.949;   40.757;  159.437
434.902; 1209.745;  333.760;  439.433
435.190;  519.103;   75.761;  295.431
435.479;  289.231;  -52.245;   83.441
435.767;  108.464; -411.244; -427.561
436.056;  195.776; -340.242; -294.563
436.345;  368.947; -372.240; -223.568
436.633;  381.613;   60.750;  383.450
436.922;  238.049;  208.760;  414.432
437.210;  544.353; -194.236;    1.426
437.499; 1733.586; -583.235; -432.576
437.787; 1890.953; -339.236;  -10.574
438.075;  493.084;   56.761;  162.430
438.364;  655.637;  -44.238;  250.429
438.652;  385.766; -286.226; -138.592
438.941;  116.655;    3.770;  269.415
439.229;  -14.411; -665.252; -466.545
439.517;   46.445; -160.234;  -85.577
439.806;   -6.718; -501.225; -290.595
440.094;  175.403;  377.766;  650.421
440.382;  165.406; -653.233; -302.580
440.670;  195.411; -361.235; -285.576
440.959;   20.574; -347.223; -170.599
441.247;   63.342; -151.229; -109.587
441.535;   91.218; -266.235;   31.423
441.823;   42.200; -497.234; -305.578
442.111;  183.171;  173.771;  327.412
442.400;  487.855; -628.245; -335.559
442.688; 1268.802; -111.234; -620.579
442.976;  907.637; -786.213; -450.617
443.264;   89.264; -324.224; -364.597
443.552;   84.142; -258.226;   51.408
443.840;  177.167;  602.765;  876.423
444.128;  116.980;  265.767;  269.420
444.416;    7.324; -694.228; -312.588
444.704;   33.104; -465.219;  -92.605
444.992;   68.770;   -0.226;  240.407
445.280;   48.481; -517.230;  -94.585
445.568;   35.991; -694.212; -396.618
445.856;  315.063; -174.221;  357.398
446.143;  678.975;  -54.220;   -7.604
446.431;  583.552;  -25.228;  625.411
446.719;  237.173;  489.783;  675.391
447.007;  170.050;  481.769;  705.416
447.295;  182.896;  597.777;  871.402
447.583;   84.439; -464.229;  -34.587
447.870;  145.085; -434.221; -202.601
448.158;  409.855; -104.230;  129.415
448.446;  291.326; -800.219; -338.604
448.733;  163.515;   13.776;  269.403
449.021;  251.765;   60.788;  341.382
449.309;  179.080; -296.210;  208.379
449.596;  221.044;  128.783;   59.392
449.884;  141.178; -571.222; -325.600
450.172;  153.308; -756.227; -406.590
450.459;  443.270;  645.786;  780.387
450.747; 2414.968; -411.218; -147.608
451.034; 7728.403;  493.772;  889.411
451.322; 6353.473; -413.214; -170.614
451.609;  528.417;  292.777;  508.403
451.897;  591.868; -550.203; -183.634
452.184; 1803.447; -622.223; -400.598
452.472; 1703.502;   97.792;  269.375
452.759;  337.377;  512.781;  864.395
453.047;  102.188; -407.212; -125.617
453.334;   62.860; -732.219; -216.606
453.621;   67.251; -438.214; -161.615
453.909;  113.835;   13.796;  384.368
454.196;   97.680; -299.199; -123.641
454.483;  193.456;  317.798;  540.364
454.771;  118.755; -215.208;  196.374
455.058;   38.483; -316.207;  102.374
455.345;  116.836;   71.807;  344.347
455.632;   84.211; -128.207;  235.373
455.919;   23.278;  -82.196;  182.354
456.207;  -59.640; -774.198; -450.642
456.494;  -18.857; -475.200;  -66.639
456.781;   15.927; -399.202; -198.635
457.068;   61.968; -253.206;  -29.628
457.355;   -6.556; -698.206; -401.629
457.642;  -22.426; -552.205; -290.630
457.929;    2.652; -778.194; -417.651
458.216;   62.513; -575.212; -354.617
458.503;  252.456; -173.193;  -19.652
458.790;  214.102; -864.208; -630.625
459.077;  264.732;  -77.202;  110.364
459.364;  782.320; -350.195; -210.649
459.651; 1697.491;  -46.206;  220.372
459.938;  794.468; -864.209; -665.623
460.225;  145.810;  132.799;  276.363
460.512;  -54.150; -836.197; -688.645
460.799;   98.742;  -32.218;  320.392
461.086;   51.873; -370.200; -251.640
461.372;   36.035; -509.198; -279.642
461.659;  102.554; -165.196;  108.354
461.946;   63.605; -445.193;  -54.651
462.233;  224.120;  842.800;  888.361
462.519;  337.667; -814.201; -464.639
462.806; 1016.576; -768.197; -497.645
463.093;  898.776; -445.191;  -66.656
463.380;  -29.383; -920.186; -824.664
463.666;   42.327; -259.197;  -18.646
463.953;   98.690; -406.195; -243.648
464.239;  202.364; -173.195;  -77.648
464.526;  380.600;  413.806;  743.350
464.813;  326.262; -565.190; -304.658
465.099;  339.856;  606.807;  607.348
465.386;  312.985;  903.807;  921.348
465.672;   15.326; -694.197; -522.645
465.959;   14.830; -598.188; -520.662
466.245;    2.135; -468.193; -359.652
466.532;   94.487; -109.195;   63.352
466.818;   56.467; -357.186; -216.664
467.104;   -4.393; -488.182; -415.672
467.391;  -33.136; -628.189; -459.658
467.677;   35.320; -289.186;    9.335
467.964;   -0.254; -682.189; -471.660
468.250;   53.198; -331.186; -160.665
468.536;   68.215;   90.811;  180.341
468.822;  -34.965; -821.184; -574.668
469.109;  144.912;  351.827;  471.311
469.395;  198.395;  729.808;  787.346
469.681;  185.593;   46.811;  156.341
469.967; 1248.848; -699.188; -382.660
470.254; 2694.381; -494.188; -306.662
470.540; 1767.303; -601.196; -476.646
470.826;  239.193; -488.181; -397.675
471.112;  306.163;  288.816;  113.331
471.398;   86.143; -253.183;  -58.670
471.684;   30.471; -626.177; -447.680
471.970;   -2.678; -918.180; -981.675
472.256;   25.344; -521.192; -441.654
472.542;   15.473; -499.171; -434.691
472.828;    3.853; -743.182; -607.672
473.114;   11.342; -380.166; -283.700
473.400;   20.538; -504.175; -293.684
473.686;   32.098; -452.166; -400.701
473.972;   51.877; -230.174; -131.687
474.258;  -52.288; -925.173; -843.689
474.544;  214.188; -183.178;   -2.679
474.830;  325.164;  -65.175;   45.316
475.116;  505.439; -123.190; -196.658
475.401;  662.349; -558.180; -467.676
475.687;  210.773; -725.180; -718.676
475.973;   -0.514; -673.181; -770.673
476.259;  229.491;  736.825;  764.315
476.544;  361.429; -539.176; -437.682
476.830;  811.319; -398.172; -322.690
477.116;  726.403; -430.177; -336.682
477.401;  149.873;  346.820;  358.324
477.687;  -22.587; -289.175; -405.684
477.973;   33.514;   21.819;   28.326
478.258;  -11.782; -448.163; -348.706
478.544;   50.953;   21.815;   61.334
478.829;  -47.671; -818.171; -738.692
479.115;  -31.706; -749.172; -651.690
479.401;  -13.777; -444.174; -449.686
479.686;   26.522; -253.180;  -74.676
479.972;  -32.832; -886.178; -776.680
480.257;   33.693; -258.166;  -65.700
480.542;  -20.067; -614.170; -469.693
480.828;  225.711; 1288.824; 1392.317
481.113;  -27.666; -464.176; -426.683
481.399;  -14.083; -236.161; -202.711
481.684;  -40.207; -620.166; -462.700
481.969;   15.756; -158.159;  -73.713
482.255;    4.968; -439.169; -285.695
482.540;    6.293; -569.178; -441.680
482.825;    2.262; -395.187; -404.663
483.110;   96.022;  -85.169; -105.696
483.396;  182.527; -840.157; -652.718
483.681;  486.952;  543.826;  730.313
483.966;  159.900; -696.160; -700.712
484.251;    0.226; -404.174; -310.687
484.536;   -4.822; -356.165; -378.703
484.822;   12.754; -205.173; -218.687
485.107;  -35.885; -599.152; -502.726
485.392;  122.359;  662.836;  541.296
485.677;   73.431;  354.832;  163.302
485.962;  104.000;  160.843;  270.283
486.247;  107.226;  -14.162;   -8.707
486.532;   43.194; -178.166; -325.701
486.817;  151.737;  381.839;  431.291
487.102;  119.023; -453.154; -514.722
487.387;  676.229; -637.156; -652.718
487.672; 1184.214; -154.164;  -38.705
487.957;  757.419; -394.160; -286.711
488.241;  212.857; -290.150; -314.729
488.526;  740.867; -280.152; -148.726
488.811; 1201.095; -881.177; -818.680
489.096;  913.426; -666.154; -702.723
489.381;  490.563;    3.847;  162.275
489.666;  388.017; -428.161; -510.710
489.950;  174.579;  558.846;  627.277
490.235;  -37.248; -480.151; -458.728
490.520;  -45.209; -756.161; -723.710
490.804;  -54.144; -827.156; -736.719
491.089;  -21.877; -469.149; -299.732
491.374;   47.788; -132.164;  -75.704
491.658;  -15.116; -817.147; -717.735
491.943;  153.321; -657.152; -609.727
492.227;  222.819; -178.155;  -38.721
492.512;   58.499; -294.157; -341.717
492.797;  -61.408; -713.149; -716.731
493.081;  -57.188; -588.147; -598.735
493.366;  -29.532; -751.161; -635.711
493.650;  203.140;  831.859;  917.254
493.935;   24.109; -648.147; -447.734
494.219;  -51.773; -778.142; -687.743
494.503;  -50.438; -585.150; -487.730
494.788;   63.891;   46.842;   74.285
495.072;  110.558;  184.850;  434.271
495.356;  167.676; -463.148; -343.733
495.641;  457.268; -812.146; -736.736
495.925;  420.636; -976.156; -903.719
496.209;   40.547; -599.149; -451.732
496.494;  -43.597; -763.142; -544.744
496.778;   -1.427; -364.154; -360.722
497.062;  -61.739; -819.156; -627.719
497.346;  -41.854; -869.160; -640.711
497.631;  154.804;  580.852;  560.266
497.915;   79.529;  -64.145;  175.261
498.199;   30.027; -341.157; -277.718
498.483;   45.915; -562.152; -508.725
498.767;  189.159;  301.850;  300.271
499.051;  177.945; -126.149; -100.732
499.335;   34.093; -693.149; -739.731
499.619;  -27.734; -381.129; -423.767
499.903;   21.243; -272.155;  -65.721
500.187;   28.406; -588.153; -316.724
500.471;   26.195; -796.152; -595.727
500.755;  106.091;   62.839;  -96.710
501.039;   16.493; -270.155; -357.721
501.323;   91.317;  -21.141;  264.254
501.607;   12.394; -447.163; -503.706
501.891;   -2.096; -607.156; -512.718
502.174;  -38.110; -726.144; -585.741
502.458;   72.749;   89.849;  370.273
502.742;   38.766; -180.138; -191.751
503.026;  118.783; -412.147; -254.734
503.310;  168.305; -437.159; -375.713
503.593;  125.210; -464.147; -325.735
503.877;  113.731; -232.133; -156.760
504.161;  172.183;    2.847;  -50.724
504.444;  127.943; -841.158; -710.716
504.728;  466.162; -487.164; -522.704
505.012;  699.231; -257.150;  -76.729
505.295;  541.092; -417.161; -212.711
505.579;  539.210; -256.156; -496.719
505.862;  762.300; -555.145; -333.738
506.146;  733.732; -681.159; -758.714
506.429;  410.357;  568.841;  461.286
506.713;   54.228; -732.151; -667.728
506.996;  336.948;   90.846;  295.278
507.280;  322.032; -633.165; -474.703
507.563;  250.116; -469.155; -261.721
507.847;   98.506; -423.153; -112.724
508.130;  102.718; -665.161; -456.711
508.413;  116.114; -758.167; -577.700
508.697;  255.239; -151.167;   12.300
508.980;  136.583; -422.153; -312.724
509.263;   -5.437; -466.155; -450.720
509.547;   25.781; -124.150;   82.271
509.830;   47.670; -172.160;  140.289
510.113;   75.235;  128.844;  298.281
510.396;   36.438; -530.152; -300.725
510.680;  134.227; -818.145; -812.738
510.963;  565.602;  184.846;  180.277
511.246;  488.939; -493.150; -357.730
511.529;  273.407; -482.145;  -83.739
511.812;  399.927; -250.134;   10.241
512.095;  281.951; -740.151; -396.728
512.378;   69.564; -317.147; -245.736
512.661;   28.723; -703.137; -623.753
512.944;   25.604; -750.142; -637.744
513.227;   60.120; -170.137; -171.752
513.510;   24.340; -479.144; -671.741
513.793;   27.296; -485.140; -435.747
514.076;  125.712;  -43.127;  -39.771
514.359;  116.898; -294.149; -135.732
514.642;   75.682; -442.142; -567.744
514.925;  761.069;  581.860;  561.253
515.208; 1022.799; -498.134; -443.758
515.491;  687.238; -276.133; -182.761
515.773;  369.119; -410.143; -337.742
516.056; 2121.805;  249.864;  409.246
516.339; 2826.458; -754.136; -652.755
516.622; 1905.111; -518.150; -488.730
516.904; 1184.501;  882.857;  975.257
517.187;  527.144; -730.138; -523.752
517.470;  397.550; -568.143; -510.743
517.752;  444.536; -624.136; -470.756
518.035;  335.257; -708.139; -725.749
518.318;  389.534; -799.136; -744.755
518.600; 2471.791; -300.132; -325.762
518.883; 3399.882;  310.858;   88.256
519.165; 1650.737; -585.138; -426.751
519.448;  382.966;  -61.132;  -19.762
519.730;  210.394; -573.126; -415.773
520.013;  307.109;  588.867;  664.240
520.295;  763.504;  -94.134;  -15.759
520.578; 1718.254; -335.131; -305.764
520.860; 1917.666; -254.132;   56.238
521.143; 1024.238; -763.135; -584.756
521.425;  465.407; -251.125; -279.775
521.707;  693.362; -622.127; -380.771
521.990; 1808.738; -199.127;  167.229
522.272; 2070.148; -116.140;   -4.748
522.554;  905.120; -237.143; -157.742
522.836;  366.727;  -24.134;   99.241
523.119;  229.582; -496.148; -189.734
523.401;  154.661; -448.130; -314.766
523.683;   80.349; -865.137; -693.753
523.965;  282.267;  408.862;  260.248
524.247;  272.128;   54.878;  170.220
524.529;  203.004; -451.134; -367.759
524.812;  339.812;   -3.130;  191.234
525.094;  843.841; -773.138; -631.751
525.376; 1374.266; -143.124;   78.223
525.658;  838.431; -441.136; -339.754
525.940;   16.350; -805.131; -671.764
526.222;   31.734; -188.136;  -88.755
526.504;  100.973; -190.131;   32.237
526.786;  157.531; -960.133; -647.760
527.068;  270.647; -124.123;  -67.778
527.349;  114.252; -865.137; -774.754
527.631;  135.616; -137.132;   22.238
527.913;  137.636; -664.127; -450.771
528.195;  160.650; -761.125; -639.774
528.477;  240.649;  -93.134;  -30.758
528.759;  133.137; -648.130; -522.766
529.040;   63.320; -569.123; -293.778
529.322;   46.328; -235.125;  -10.774
529.604;  131.540;  -47.130;   93.233
529.886;  123.769; -546.126; -302.773
530.167;  133.306;  232.870;  192.235
530.449;   53.188;    1.853;   63.265
530.731;   22.402; -572.122; -459.779
531.012;   61.248; -513.120; -216.784
531.294;   78.037; -118.116;  -43.792
531.575;  145.807;  290.875;  538.225
531.857;   44.794; -548.135; -266.757
532.138;  100.640; -113.141;   40.254
532.420;  165.490;  294.865;  403.244
532.701;  189.109; -722.133; -751.760
532.983;  330.487;  232.867;  182.239
533.264;  129.867; -243.126;  175.228
533.546;  -55.066; -491.136; -508.755
533.827;   40.380;  173.867;   -1.759
534.109;   52.944; -352.135;  -80.757
534.390;   79.720; -725.132; -582.762
534.671;  243.265; -270.135;  -82.756
534.953;  148.023; -751.123; -611.779
535.234;   15.422; -426.117; -255.789
535.515;  -83.419; -891.119; -735.785
535.796;  -21.018; -431.128; -193.770
536.078; -109.834;-1050.124; -904.777
536.359;    4.149;  -22.123;    3.221
536.640;  -19.573; -480.125; -197.774
536.921;  166.620;  225.871;  143.232
537.202;  376.463;  -87.138;  -16.751
537.483;  479.128;  251.869;  377.236
537.764;  173.956;   17.870;   98.235
538.045;  -26.552; -543.134; -371.758
538.326;  -43.278; -596.129; -447.768
538.607;   27.113; -686.127; -476.771
538.888;  185.114;   98.879;    5.218
539.169;  182.409; -704.122; -535.781
539.450;  319.294;  236.871;   16.233
539.731;  215.193; -361.121; -182.783
540.012;  122.373;  199.880;  412.216
540.293;   85.810;   82.876;  158.224
540.574;   -1.367; -895.113; -717.796
540.855;  441.292;  435.879;  377.218
541.136;  525.281;   47.878;  139.220
541.416;  278.988; -161.130; -220.766
541.697;  199.499; -274.131; -170.763
541.978; 1040.667; -270.135; -315.757
542.259; 1324.913; -211.127; -236.771
542.539;  653.231; -191.116; -186.790
542.820;  175.907;  461.875;  480.225
543.101;  125.128;  -52.145;  -77.738
543.381;   32.162; -638.127; -591.771
543.662;  266.985;  159.873; -254.771
543.942;  578.208; -751.127; -830.770
544.223; 1082.083;  193.878;  161.219
544.504;  700.216; -275.124; -182.777
544.784;  592.369; -592.126; -408.773
545.065; 1651.910;  104.884; -254.791
545.345; 1958.332;  227.881;   14.215
545.626; 1289.032;  -14.113; -108.796
545.906;  900.581;   77.869;   98.235
546.186;  379.123;   92.874;  -95.773
546.467;  193.693;   99.877;  -95.778
546.747;  319.831;  264.884;  327.210
547.027;  386.389;   91.876;  111.223
547.308;  326.208; -376.127; -530.770
547.588;  395.522;  299.871;  371.232
547.868;  190.682;  458.870;  588.235
548.149;  206.842;  609.885;  593.207
548.429;  129.961; -347.127; -299.771
548.709;  194.598; -645.120; -461.784
548.989;  482.091;   84.882;   88.213
549.269; 2173.964;   10.868;  139.239
549.550; 4896.622;  215.877;  117.222
549.830; 4377.475; -758.111; -556.799
550.110;  875.582; -468.110; -320.801
550.390;  843.403; -128.122;  -56.779
550.670; 1142.528; -868.114; -783.795
550.950;  822.291; -509.121; -471.782
551.230;  184.887;  549.879;  460.218
551.510;   -5.035; -381.121; -326.782
551.790;   36.115; -173.109; -127.803
552.070;  273.968;  940.877; 1181.223
552.350;  402.236; -492.119; -377.786
552.630;  619.285;   -2.121;   77.219
552.909;  383.285;  181.884;   73.209
553.189;  246.496;  -49.132;   33.237
553.469;  194.435; -703.119; -514.786
553.749;  183.889; -469.127; -357.772
554.029;  164.601;   33.883;  -24.790
554.308;  142.771; -154.115;  -37.794
554.588;   72.081; -196.128; -204.770
554.868;   72.917; -366.121;  -47.782
555.147;  148.343; -114.115;  -46.793
555.427;  620.988; -260.116; -250.792
555.707; 3967.316; -284.115; -200.793
555.986; 4770.253; -719.111; -538.800
556.266; 2528.130;   23.884;   72.210
556.546;  118.065; -888.121; -675.782
556.825;  261.451; -657.114; -556.794
557.105; 1787.479; -125.128;   17.230
557.384; 2137.234;  122.884;  187.209
557.664;  825.687; -717.116; -508.792
557.943;  116.841; -557.121; -411.782
558.222;  176.869; -345.118; -344.788
558.502;  267.520; -116.115;  -76.793
558.781;  496.315;  194.885;  499.208
559.061;  420.394; -232.118; -227.788
559.340;  309.349;  302.883;  353.211
559.619;  723.479;   93.884;  148.210
559.899; 1045.576; -239.117; -266.789
560.178;  958.944; -778.115; -593.793
560.457; 3167.377; -623.117; -562.790
560.736; 4424.654; -472.111; -482.800
561.015; 2991.527; -500.128; -502.769
561.295;  383.410;  180.893;  215.193
561.574;  347.842;  119.885;  116.207
561.853;  495.919;  274.891;  303.197
562.132;  499.222;  -45.114;  182.206
562.411;  441.361;  396.879;  553.219
562.690;  139.790; -592.115; -458.792
562.969;  150.314;  472.888;  630.203
563.248;  480.133; 2966.878; 2487.219
563.527;  275.329; -290.111; -408.800
563.806;  394.786; -650.127; -521.771
564.085;  409.950; -297.105; -206.810
564.364;  243.529; -594.117; -405.790
564.643;  503.386; -276.121; -223.781
564.922; 1908.263;  221.890;  397.198
565.201; 1908.542; -640.109; -700.803
565.479;  845.639; -297.115; -219.792
565.758;  328.629; -810.128; -712.770
566.037;  483.668; -155.109; -100.803
566.316;  236.734; -286.116;  -28.791
566.595;   31.242;  -17.115;  -12.793
566.873;   95.331; -166.111;  -79.801
567.152;  -48.686; -490.113; -590.797
567.431;   18.355; -113.116;    6.210
567.709;   29.335; -344.107; -212.807
567.988;  260.800; -810.114; -769.794
568.266;  554.566; -160.115;  -68.793
568.545;  391.072; -644.100; -514.819
568.824;  598.313;  160.885;  356.208
569.102;  574.850; -351.114; -235.794
569.381;  223.162; -492.116; -407.792
569.659;  -51.615; -553.113; -553.796
569.938;   39.732; -743.122; -465.780
570.216;  107.996; -225.109; -225.804
570.494;  -30.397; -632.114; -572.795
570.773;   39.865;  202.879;  114.218
571.051;   10.121; -373.123; -357.778
571.330;   51.533; -221.113; -174.796
571.608;   52.440; -181.098; -173.823
571.886;  -79.377; -671.111; -581.799
572.164;  -66.783; -739.121; -621.782
572.443;  -63.746; -562.105; -512.811
572.721;  -24.072; -399.117; -289.790
572.999;  -25.029; -280.117; -168.788
573.277;   85.972;  379.894;  620.191
573.555;  314.174;   94.894;   37.190
573.834; 1375.546;  -86.117; -114.788
574.112; 1581.038;  880.893;  811.193
574.390;  500.730; -143.111;  -96.801
574.668;   10.915;  -91.112;  -61.797
574.946;  -17.450; -165.106; -187.810
575.224;    8.842;   71.891;  -16.803
575.502;  -31.093; -200.116; -204.791
575.780;  -84.859; -767.112; -829.798
576.058;  200.729; 1589.889; 1004.200
576.336;  -20.615; -210.110; -129.801
576.614;  -58.359; -511.112; -340.798
576.891;   56.846; -711.115; -823.794
577.169;  484.554; -158.108; -285.805
577.447;  570.362;  169.893;  202.193
577.725;  295.095;  629.888;  854.201
578.003;   -5.557;  -71.112; -371.798
578.280;   84.888; -208.104; -242.812
578.558;   70.045; -450.115; -422.793
578.836;  113.653; -210.114; -145.795
579.114;   50.514; -630.112; -670.797
579.391;   71.698;   -6.117;  -18.789
579.669;  -75.178; -595.114; -704.794
579.947;  186.734; -326.107; -127.806
580.224;  333.959; -692.107; -524.806
580.502;  332.963;  127.893;   76.193
580.779;   26.278;  -42.117;   75.210
581.057;  -64.154; -584.109; -470.804
581.334;  -99.022; -726.102; -695.815
581.612;   47.800;   54.895;  511.190
581.889;  -37.059;  -83.101; -129.818
582.167;  -33.770; -298.099; -190.821
582.444; -108.190; -845.102; -814.817
582.721;  105.511;  657.899;  715.183
582.999;   60.002; -326.100; -167.821
583.276;  552.925; -812.123; -713.779
583.553;  715.356; -364.102; -294.816
583.831;  218.659; -607.104; -631.812
584.108;   60.802;  349.892;  174.195
584.385;   16.852; -122.102;  -98.815
584.662;  -61.269; -651.111; -828.801
584.940;   30.155;  204.889;  204.199
585.217;  -17.765;  -73.113; -303.796
585.494;   41.764;   71.890;  118.198
585.771;  206.097; -250.109; -354.804
586.048;  505.734; -196.113;  -76.796
586.325;  297.534; -721.110; -773.801
586.602;  101.613;  230.896;  213.188
586.879;  -16.976; -499.100; -580.820
587.156;   41.576; -156.105; -331.810
587.433;  -26.642; -701.102; -667.817
587.710;   60.792;  152.888;  234.202
587.987;  300.731; -264.105; -236.811
588.264;  786.793;  315.888;  387.202
588.541; 1353.391;  -61.104;   26.187
588.818; 2689.374;   72.892;  171.196
589.095; 2321.236; -163.104; -174.812
589.371;  394.445; -459.109; -414.804
589.648;   15.138; -581.107; -437.807
589.925;   25.354; -517.114; -621.795
590.202;   24.291; -741.112; -607.798
590.478;   78.083; -166.105;  -73.811
590.755;  257.805; -241.108; -132.806
591.032; 2511.311; -741.110; -699.802
591.308; 3463.680; -732.094; -790.831
591.585; 1793.910; -573.110; -560.802
591.862;  147.060;-1056.102; -950.817
592.138;   74.753; -475.108; -474.805
592.415;  151.989; -486.104; -495.813
592.691; 1485.362;  460.896;  518.188
592.968; 1910.042; -208.098; -123.824
593.244;  901.781; -695.116; -595.790
593.521;   72.610; -105.102;  -42.817
593.797;  -14.546; -810.122; -720.780
594.074;  332.229; -611.096; -588.826
594.350;  661.040;  828.905;  729.172
594.626;  300.381; -303.111; -283.801
594.903;   90.186; -643.101; -645.817
595.179;  198.043;  243.896;  418.187
595.455;    6.864; -136.107; -150.807
595.731;   -3.281;  -19.103;  -38.814
596.008;  -27.224; -464.111; -434.800
596.284;   31.126; -187.100; -242.820
596.560;   67.361; -501.093; -493.833
596.836;  199.753; -173.105;  -70.810
597.112;  354.853; -582.108; -437.805
597.388;  269.827;  -49.097;  -48.826
597.665;  109.987;  437.887;  530.203
597.941;  -51.985; -572.089; -658.839
598.217;    9.339; -323.110; -293.802
598.493;  253.598;   61.891; -204.804
598.769;  511.746; -175.100;  -50.819
599.045;  314.431; -490.108; -562.806
599.321;   68.225; -193.100; -261.820
599.597;  148.298; -355.109; -476.804
599.872;  471.116;  409.896;  429.187
600.148;  368.304;  -61.097; -172.826
600.424;  279.986;   91.893;  202.193
600.700;  234.413; -170.107; -280.807
600.976;  115.248; -442.097; -464.825
601.252;  238.644; -226.109; -272.803
601.527;  212.441; -833.104; -840.813
601.803;  150.909; -453.105; -404.812
602.079;  187.171; -124.100; -118.819
602.354;  557.471; -620.092; -531.835
602.630;  827.910; -140.113; -482.796
602.906; 2372.666; -910.101; -863.818
603.181; 6720.110; -627.119; -534.786
603.457; 5742.476;   98.903; -278.826
603.733;  838.344; -605.120; -626.783
604.008;  979.650; -245.106; -164.810
604.284; 3068.987; -636.101; -580.817
604.559; 2669.870;   -3.112;  -42.799
604.835;  501.953; -163.105; -225.810
605.110;  416.330; -732.099; -892.821
605.385;  716.839;  224.907;  267.167
605.661;  668.018; -625.095; -729.829
605.936; 1168.757; -664.108; -737.806
606.211; 1000.026;  -17.103; -170.815
606.487;  198.974; -329.114; -376.794
606.762;   10.461; -791.119; -745.786
607.037;  -28.072; -501.105; -433.810
607.313;  -51.739; -589.096; -574.828
607.588;    2.625; -375.106; -137.810
607.863;   37.665;  -28.101; -143.818
608.138;  194.688;  513.890;  516.198
608.413;   23.534; -576.099; -592.822
608.688;   45.228; -203.108; -267.805
608.964;  200.444; -509.106; -218.809
609.239;  254.001; -107.105; -212.810
609.514;  265.633;  281.895;  240.188
609.789;  673.588; -187.104; -716.812
610.064;  867.660; -435.096; -609.827
610.339;  884.745; -855.109; -799.804
610.614; 1187.901; -131.100; -315.820
610.889;  674.634;  215.895;  107.188
611.163;   48.234; -407.104; -591.812
611.438;   87.700;   81.886; -167.794
611.713;    3.512; -467.101; -499.817
611.988;   49.664; -144.101; -328.818
612.263;  -19.197; -771.102; -717.815
612.538;  218.534;  385.887;  251.204
612.812;  170.252; -832.100; -911.820
613.087;  134.365; -358.098; -338.823
613.362;  -45.986; -497.107; -557.807
613.637;   44.647;  261.897;  138.186
613.911;   -5.828; -256.092; -345.835
614.186;  134.262; -249.107; -292.807
614.460;  643.815; -842.081; -758.854
614.735;  782.964;  -55.087;  -17.843
615.010;  179.829;   43.912;  -82.841
615.284;  243.727;  360.892;  246.195
615.559;  389.795; -792.092; -955.835
615.833;  306.557;  -76.099;  -87.822
616.108;   -9.743; -225.090; -390.837
616.382;  149.390;  274.913;  402.156
616.656;  142.058; -241.090; -232.837
616.931;  508.033; -785.099; -700.822
617.205; 1077.217; -973.104; -979.813
617.480; 1000.280;  -91.125;    6.225
617.754;  177.477; -396.125; -128.774
618.028;   10.273; -369.129; -382.768
618.302;   76.276;   73.892;  -25.805
618.577;  -56.177; -371.103; -518.815
618.851;  -74.909; -399.109; -600.803
619.125;  -44.696; -335.134; -378.759
619.399;  -56.508; -244.104; -374.813
619.673;  -50.887; -330.115; -515.792
619.947;  -50.272; -333.114; -448.795
620.222;  -14.918; -198.110; -204.801
620.496;  -14.308;  -47.121;  -96.782
620.770;   14.033; -187.122;  -93.781
621.044;  202.151;  323.895;  346.190
621.318;  732.745; -653.120; -614.783
621.592;  660.492; -430.121; -409.783
621.866;  351.746; -476.112; -572.799
622.140;   22.532; -207.116; -356.791
622.413;   75.825;  138.889;  112.200
622.687;  -49.988; -746.101; -492.817
622.961;    9.751; -130.108; -143.805
623.235;  -69.824; -633.111; -661.800
623.509;  -98.092; -816.105; -848.811
623.783;    1.160;  -12.107;   48.193
624.056;  -22.729; -254.120; -280.783
624.330;   52.390;   63.888;   -3.797
624.604;   49.279; -271.116; -355.790
624.877;   80.062;  180.890;   26.198
625.151;   43.098; -249.114; -238.794
625.425;  -38.806; -150.103; -283.814
625.698;  -58.170; -367.119; -374.785
625.972; -112.686; -799.110; -765.802
626.245;   83.231;  685.884;  484.210
626.519;  -47.550; -426.120; -340.784
626.792;  -33.512; -192.107; -380.807
627.066;  -90.874; -485.122; -662.779
627.339;  -91.865; -736.110; -663.802
627.613;   29.373;  351.880;  148.216
627.886;   58.991;  187.891; -612.803
628.160;  -31.631;  312.880; -161.783
628.433;  -96.492; -695.125; -703.775
628.706;  -91.850; -517.120; -615.784
628.979;   25.114;  296.876;  117.223
629.253;  -85.015; -785.119; -833.786
629.526;  378.667; -334.126; -253.772
629.799;  359.896; -641.123; -479.778
630.072;  157.450; -497.128; -516.769
630.346;  -62.294;-1115.116;-1080.790
630.619;  470.764; -467.107; -545.808
630.892;  625.152;  709.889;  593.200
631.165;  354.917;  790.896;  679.187
631.438;  -91.157;-1092.112;-1055.798
631.711;   58.024;  453.877;  257.221
631.984;  -71.674; -523.117; -624.789
632.257;  -62.727; -636.117; -681.789
632.530;  -60.395; -412.119; -433.785
632.803;   33.546; -109.115;    7.207
633.076;  -60.257; -360.123; -422.777
633.349;    6.179;  173.872;  121.231
633.622;  -44.371; -187.119; -240.785
633.895; -129.005; -903.120; -823.783
634.167;  -68.906; -496.126; -525.773
634.440;   -1.838;  -19.116; -137.792
634.713;   -2.166;  -22.119; -120.786
634.986;   78.193;  593.871;  453.233
635.258;  -85.056; -507.115; -597.793
635.531;   84.794;  742.882; -343.788
635.804;  -42.475; -303.117; -318.789
636.077;  -87.917; -830.116; -852.791
636.349;  -16.133; -586.115; -474.793
636.622;  397.667; 1695.874; 1392.228
636.894;  255.125; -474.120; -909.784
637.167;  149.836; -836.127; -789.771
637.439;   36.532; -278.128; -213.770
637.712;  -34.882; -312.126; -293.772
637.984;  -96.216; -635.116; -707.791
638.257;  389.243;  515.877;  488.222
638.529;  568.834; -881.125; -924.776
638.802;  236.324; -508.128; -449.769
639.074; -116.217; -927.122; -952.781
639.346; -130.530; -942.135; -930.757
639.619;   -4.394;  -79.142; -319.744
639.891;   -7.499;  -83.122; -168.779
640.163;  -81.097; -689.122; -756.780
640.435;   25.180;  273.878;  103.220
640.708;    9.632;  -72.122; -132.780
640.980;  -27.391; -366.122; -362.781
641.252;  199.786;  -25.121;  -71.781
641.524; 1755.737;  580.879;  573.219
641.796; 1823.939;-1094.121; -907.782
642.068;  334.591; -191.121; -300.782
642.340;  -56.932; -486.121; -566.783
642.613;   36.770;  294.880;  323.217
642.885; -105.554; -787.120; -878.783
643.157;  -55.227; -810.120; -658.784
643.428;   55.350;  170.880;  218.216
643.700;  -80.298; -498.120; -425.784
643.972;  -26.071;  -16.119; -133.785
644.244;  -88.119; -474.119; -559.785
644.516;  -60.268; -250.119; -114.786
644.788;   64.509;  662.881;  548.214
645.060;  -16.139;  -12.119; -124.786
645.332; -100.962; -525.118; -535.787
645.603;   30.590;  479.882;  342.213
645.875;  -82.958; -334.118; -369.787
646.147;  152.568; 1487.882; 1242.212
646.418;  -53.730; -931.117; -918.788
646.690;  138.872; -714.117; -715.789
646.962;   20.024; -413.117; -451.789
647.233;   -2.499;   15.883;   11.211
647.505; -108.523; -595.117; -475.790
647.776;   16.129;  328.884;  229.210
648.048;   -4.269; -248.116; -418.790
648.320;  -73.217; -752.116; -679.791
648.591; -149.940;-1055.116; -958.791
648.862;  -96.738; -505.116; -577.792
649.134;   26.288;  115.885;  198.208
649.405;  -40.760; -661.115; -618.792
649.677;  -58.708; -475.115; -598.793
649.948;   -3.231; -181.115; -296.793
650.219;    6.221;  -37.115; -147.793
650.491;  -85.353; -431.114; -520.794
650.762; -124.526; -705.114; -731.794
651.033;  -82.999; -437.114; -424.795
651.304;  -96.197; -743.114; -728.795
651.576;  -67.995; -680.114; -645.795
651.847;  -41.168; -250.113; -140.796
652.118;  -28.842;  -32.113; -189.796
652.389; -108.965; -639.113; -722.796
652.660;  -45.588; -147.113;  -89.797
652.931; -130.736; -897.112; -871.797
653.202;  -83.834; -382.112; -541.798
653.473;  -53.582; -633.112; -533.798
653.744;  161.094; -595.112; -590.798
654.015;  151.246; -356.112; -303.799
654.286;  -83.002; -642.111; -663.799
654.557;  -43.850; -586.111; -521.799
654.828; -172.923;-1114.111;-1088.800
655.099;  -89.422; -404.111; -291.800
655.370;  -92.570; -427.111; -543.801
655.641; -110.743; -656.110; -714.801
655.911; -112.766; -618.110; -638.801
656.182;   53.461;  437.890;  387.198
656.453;   94.013;  830.890;  746.198
656.724;  -65.161; -466.110; -426.802
656.994;  -97.759; -553.109; -568.803
657.265; -114.757; -862.109; -873.803
657.536;  -98.805; -500.109; -377.804
657.806; -105.328; -561.109; -593.804
658.077; -132.826; -866.109; -950.804
658.347;  -86.525; -523.108; -598.805
658.618; -125.048; -646.108; -694.805
658.888;  -12.996;  -41.108;  112.195
659.159;  -81.694; -432.108; -548.806
659.429;  -16.092; -292.108; -349.806
659.700;   15.209; -435.107; -390.807
659.970;   -7.164; -370.107; -359.807
660.241;   12.363; -754.107; -921.807
660.511;  497.115; -147.107; -174.808
660.781;   87.217; -793.106; -748.808
661.052;  -49.206; -222.106; -381.808
661.322;  -19.830;   21.894;   -9.809
661.592;   13.747;  257.894;  148.191
661.862;  -91.951; -369.106; -382.810
662.133;  -89.699; -551.105; -502.810
662.403; -119.747; -770.105; -676.810
662.673;  -54.570; -256.105; -213.811
662.943; -105.019; -612.105; -551.811
663.213;  -16.942;  -85.105;  -81.811
663.483;  -76.990; -593.104; -568.812
663.753;  -39.738; -194.104; -152.812
664.023;   -8.261;   68.896;  -32.813
664.293;  -58.585; -319.104; -126.813
664.563; -119.358; -694.104; -648.813
664.833; -117.431; -743.103; -608.814
665.103; -133.204; -730.103; -793.814
665.373; -126.602; -766.103; -806.814
665.643;  -90.525; -863.103; -918.815
665.913;   39.176; -534.103; -714.815
666.182;  123.378; -685.102; -719.816
666.452;  268.255;  -22.102;  -89.816
666.722;  -29.843; -724.102; -784.816
666.992; -117.316; -948.102; -921.817
667.261; -105.164; -824.102; -808.817
667.531;  192.387;  134.899;   45.183
667.801;  525.439; -440.101; -412.818
668.070;  237.441;  714.899;  697.182
668.340; -105.757; -883.101; -840.819
668.609;   94.445;  588.900;  301.181
668.879;  -87.979; -490.100; -558.819
669.149;  -86.427; -539.100; -516.820
669.418; -111.175; -698.100; -726.820
669.688;  -20.748; -482.100; -666.820
669.957;   54.929; -423.099; -546.821
670.226;  -31.319; -268.099; -331.821
670.496; -103.968; -431.099; -635.822
670.765;  -80.091; -418.099; -501.822
671.034; -141.614; -872.099; -828.822
671.304;  -11.062;   55.902; -111.823
671.573; -163.235;-1085.098; -957.823
671.842;   72.266; -380.098; -294.823
672.112;   20.843; -692.098; -586.824
672.381;    0.970; -239.098; -214.824
672.650; -135.453;-1005.097;-1021.825
672.919;  -94.301; -631.097; -507.825
673.188; -101.299; -681.097; -878.825
673.457; -149.373;-1101.097;-1143.826
673.726;  -86.071; -579.096; -646.826
673.995;  -44.594; -533.096; -479.826
674.265;  -18.567; -263.096; -333.827
674.534;    3.160; -183.096; -235.827
674.802;    4.662; -618.096; -703.828
675.071; 1035.138; -886.095; -801.828
675.340; 3906.915; -464.095; -339.828
675.609; 1323.092;  103.905;   82.171
675.878;   64.094; -949.095; -893.829
676.147;   39.921;  -26.095;   -8.829
676.416;   76.972; -210.094; -294.830
676.685;  742.449; 1000.906; -622.830
676.953;  109.101; -603.094; -452.831
677.222;  -45.022; -193.094; -273.831
677.491;  -34.145;  -24.094; -127.831
677.759;  -22.593;   11.907;  172.168
678.028;  -17.392; -279.093; -222.832
678.297;    0.485;   71.907;  197.168
678.565; -145.813; -898.093; -944.833
678.834;  -61.161; -311.093; -268.833
679.102;  -89.709; -411.092; -391.834
679.371; -144.582; -898.092; -727.834
679.639; -147.256; -797.092; -786.834
679.908; -117.404; -794.092; -724.835
680.176; -158.827; -895.091; -941.835
680.445;  -77.775; -346.091; -352.835
680.713;  -28.273;  -58.091;  -23.836
680.982;  -92.197; -523.091; -525.836
681.250; -124.920; -578.091; -507.837
681.518;  -78.418; -534.090; -751.837
681.787;  -25.416; -204.090; -167.837
682.055;  -58.539; -490.090; -422.838
682.323; -150.987; -993.090; -992.838
682.591;   26.064; -216.090; -538.838
682.859;   93.216;    9.911;  -35.839
683.128;   12.368;  232.911;  497.161
683.396; -166.005;-1102.089;-1122.840
683.664;  -45.278; -241.089;   21.160
683.932;   12.024;  144.911;  -76.840
684.200;  -82.750; -576.088; -320.841
684.468;  -35.273;  -73.088; -124.841
684.736;  -37.896; -214.088; -175.841
685.004; -129.194;-1024.088; -982.842
685.272;  -43.692; -880.088; -774.842
685.540;  -74.991; -499.087; -557.843
685.808;  -80.614; -651.087; -682.843
686.076; -119.637; -894.087; -969.843
686.343;  -66.785; -601.087; -815.844
686.611;   42.792; -195.087; -224.844
686.879;  486.519; -530.086; -553.844
687.147; 3298.170; -483.086; -480.845
687.414;  940.147;  -12.086; -169.845
687.682;   -2.551; -658.086; -757.846
687.950;  309.976;  259.915;  263.154
688.217;   10.853; -792.085; -760.846
688.485;   -6.470; -632.085; -636.847
688.753;  525.131;  -11.085; -102.847
689.020;  148.808; -820.085; -851.847
689.288; -106.540; -853.084; -787.848
689.555;  -14.238; -195.084; -148.848
689.823;  -58.411; -241.084; -345.849
690.090;  -82.035; -546.084; -651.849
690.358; -152.208; -877.084; -897.849
690.625;   -2.556;  120.917;   45.150
690.892;  -76.954; -403.083; -369.850
691.160;  -18.202;   72.917;  -35.850
691.427;    2.300;  141.917;  130.149
691.694; -138.499; -855.083; -929.851
691.962; -153.197;-1177.082;-1060.852
692.229;   14.130;  127.918;   56.148
692.496;   88.507;  130.918;  -49.852
692.763;   10.584; -164.082; -201.853
693.031;  -67.290; -739.082; -716.853
693.298;  -27.613; -509.081; -368.853
693.565;  298.889; -155.081; -163.854
693.832; 1247.041;   -5.081;   -9.854
694.099;  135.918; -643.081; -642.855
694.366;  -53.080; -882.081; -896.855
694.633;  -50.979; -920.080; -633.855
694.900;  754.348; 4367.920; -114.856
695.167;  421.600; -214.080; -380.856
695.434;  107.527; -646.080; -623.856
695.701;  186.454;  121.921;  -61.857
695.968;  454.656; -365.079; -361.857
696.234; 1011.507; -415.079; -646.858
696.501;10351.209; -776.079; -614.858
696.768; 5182.661; -554.079; -617.858
697.035;  327.563; -632.078; -667.859
697.302;   25.340; -448.078; -552.859
697.568;    9.566; -458.078; -497.859
697.835;  -47.507; -683.078; -624.860
698.102;  -25.205; -498.078; -407.860
698.368;   80.897;  384.923;  396.139
698.635;  -38.051;  -47.077; -424.861
698.901;  -26.374; -240.077; -348.861
699.168;   77.352; -534.077; -456.862
699.435;   69.304;  -72.077;  -13.862
699.701; -110.144; -868.076; -764.862
699.968;   -2.917;  144.924; -441.863
700.234;  -97.840; -783.076; -822.863
700.500;  -57.863; -448.076; -539.864
700.767;    4.563;   -1.075;   26.136
701.033; -142.460;-1015.075; -963.864
701.299;  -52.108; -450.075; -483.865
701.566;  121.119;  950.925;  763.135
701.832;   30.346;  -31.075;  -76.865
702.098;  -93.053;-1054.074;-1034.866
702.365;  -96.551;-1098.074;-1030.866
702.631;  -37.774;-1038.074;-1063.867
702.897; 1365.803; -765.074; -676.867
703.163; 2225.605;  348.926;  254.133
703.429;  164.307; -256.073; -273.868
703.695;  -52.592; -796.073; -792.868
703.961;   35.710; -214.073; -210.868
704.227;  -58.988; -630.073; -725.869
704.493;  144.814;  613.927;  510.131
704.759;  -33.234; -565.072; -540.870
705.025;   36.868; -203.072; -194.870
705.291;  -25.006; -666.072; -562.870
705.557;  198.846;  719.928;   34.129
705.823;   27.773; -742.072; -694.871
706.089;  147.875; -307.071; -326.871
706.355;  358.777; -315.071; -244.872
706.620; 5547.953; -776.071; -729.872
706.886; 7736.930; -309.071; -362.873
707.152;  721.182; -818.070; -973.873
707.418;  -23.341;-1153.070;-1186.873
707.683;   -3.364; -550.070; -530.874
707.949;  -51.137; -547.070; -578.874
708.215;   -9.086; -129.070; -207.874
708.480;  -12.309; -520.069; -420.875
708.746;   80.543;   68.931;   28.125
709.011;  -57.730; -578.069; -612.876
709.277;  -76.678; -538.069; -543.876
709.542;  -48.977; -428.069; -387.876
709.808;    4.800;  -59.068;   89.123
710.073;  -95.373; -577.068; -695.877
710.339;  -30.696; -242.068; -228.877
710.604;   86.631; -780.068; -845.878
710.869;  314.508; -277.068; -366.878
711.135;  -85.991; -715.067; -628.879
711.400;  -92.164; -507.067; -608.879
711.665;  -58.312; -404.067; -479.879
711.931;  -88.860; -661.067; -677.880
712.196; -134.233; -876.067; -954.880
712.461;  120.694; -402.066; -490.880
712.726;  134.495; -727.066; -771.881
712.991;  -87.378; -647.066; -664.881
713.256;  -61.301; -350.066; -332.882
713.521;  -51.574; -417.065; -381.882
713.787;  -67.372; -454.065; -472.882
714.052;  -35.071; -214.065; -400.883
714.317; -109.294;-1045.065; -981.883
714.581; 1016.408; -374.065; -268.883
714.846; 1381.860; -822.064; -888.884
715.111;  123.112;  261.936;  257.116
715.376;  -29.811;  -86.064; -223.885
715.641;  -30.885; -365.064; -367.885
715.906;  302.567;   15.936; -551.885
716.171;  137.819;  221.937;  209.114
716.436;   36.296;  -78.063; -104.886
716.700; -103.327; -818.063; -692.886
716.965; -128.025; -794.063; -807.887
717.230;  -69.149; -339.063; -392.887
717.494;  -25.247;  -40.062; -134.888
717.759;  -99.220; -784.062; -640.888
718.024;    9.657;  269.938;  250.112
718.288;   75.759;  685.938;  395.111
718.553; -158.565; -803.062; -977.889
718.817; -147.688; -883.061; -899.889
719.082;  -45.261; -115.061; -125.890
719.346; -138.409;-1000.061; -947.890
719.611;  -55.707; -300.061; -255.891
719.875;  -87.905; -568.060; -537.891
720.140;  -68.229; -453.060; -603.891
720.404;   39.398; -136.060; -249.892
720.668;  864.225; -475.060; -411.892
720.933;  342.227;  146.940;  137.108
721.197; -113.621; -667.059; -600.893
721.461; -132.969; -851.059; -826.893
721.725;   -6.093;  -21.059; -250.894
721.990;  -58.341; -284.059; -204.894
722.254;  -40.914;  -26.059; -108.894
722.518;  -76.712; -286.058; -442.895
722.782; -105.585; -743.058; -594.895
723.046;  122.891;  614.942;  570.105
723.310;    5.893;  374.942;  210.104
723.574;  -93.855; -654.058; -614.896
723.838; -104.028; -576.057; -642.897
724.102;  -50.601; -226.057; -239.897
724.366; -145.524;-1032.057; -978.897
724.630; -101.398; -749.057; -571.898
724.894;  -82.146; -722.057; -514.898
725.158;   -8.144;   38.944; -295.898
725.422;  -58.142; -394.056; -327.899
725.685;  -62.240; -441.056; -349.899
725.949;  -86.888; -566.056; -519.900
726.213;  -75.237; -732.056; -811.900
726.477;  165.715;-1020.055; -933.900
726.740;  143.667; -274.055; -104.901
727.004;  345.069; -384.055; -510.901
727.268; 3310.321; -442.055; -400.901
727.531;  890.072; -961.055; -775.902
727.795;  -38.901; -713.054; -673.902
728.059;  -53.249; -552.054; -557.903
728.322;  -67.447; -841.054; -669.903
728.586;   33.105; -692.054; -701.903
728.849;  -83.018; -695.053; -756.904
729.112; -107.492; -812.053; -912.904
729.376; -139.440; -959.053; -905.904
729.639;  -82.013; -536.053; -536.905
729.903; -108.861; -733.053; -699.905
730.166;  -55.109; -437.052; -399.906
730.429;  -25.333; -317.052; -468.906
730.693;  -70.181; -355.052; -894.906
730.956;  200.421;  810.948;  651.093
731.219;  689.673; -310.052; -103.907
731.482;  112.200;-1003.051; -894.907
731.745;   90.577; -794.051; -935.908
732.009;   19.053;  -30.051;   50.092
732.272; -113.620; -904.051; -771.909
732.535;  -39.193; -300.051; -310.909
732.798; -163.816;-1083.050;-1166.909
733.061;  -70.089; -430.050; -456.910
733.324;   -2.562;   31.950; -180.910
733.587;   72.739;  290.950;  365.090
733.850;  -84.434; -973.049;-1050.911
734.113;   22.993;   33.951;   32.089
734.376;  -10.705; -328.049; -447.912
734.639;  214.497; 1188.951; 1011.088
734.901;   75.448; -180.049; -402.912
735.164;  519.125; -883.048; -837.913
735.427; 1283.502; -166.048; -355.913
735.690;  129.604; -205.048; -234.913
735.952;  -29.019; -923.048; -925.914
736.215;  -30.742;-1113.048;-1009.914
736.478;   37.534; -771.047; -774.915
736.740;  223.311;   33.953;  129.085
737.003;  683.463; -658.047; -672.915
737.266; 4053.965;  -94.047;   46.084
737.528;  433.867; -682.047; -660.916
737.791;  304.969; -316.046; -327.916
738.053;  805.995;  465.954;  649.083
738.316;10973.922; -162.046; -136.917
738.578; 7465.249; -770.046; -736.918
738.841;  442.976; -382.046; -446.918
739.103;  180.703; -875.045; -777.918
739.365;  508.754;   79.955;  -69.919
739.628;   -1.369; -884.045; -805.919
739.890;  -29.392; -758.045; -710.919
740.152;  -46.665; -692.044; -754.920
740.414;  -16.663; -408.044; -359.920
740.677;  -48.561; -785.044; -634.921
740.939;  -48.560; -587.044; -487.921
741.201;  268.292; -432.044; -572.921
741.463;   19.019; -689.043; -745.922
741.725;   -1.454;  -21.043; -199.922
741.987;   55.373;  220.957;  116.078
742.249;    2.225; -751.043; -859.923
742.511;  208.401; -703.043; -794.923
742.773;    7.253; -546.042; -546.924
743.035;  132.755;  796.958;  533.076
743.297;  -50.493; -963.042;-1013.924
743.559;  740.534; -278.042; -262.925
743.821;   52.185; -735.042; -744.925
744.083;   11.787;  -44.041; -149.925
744.345;  -93.361; -869.041; -892.926
744.607;   27.716;   75.959;  122.074
744.868;  -67.107; -490.041; -554.927
745.130; -116.905; -994.041;-1008.927
745.392;   15.771;   -1.040;  -44.927
745.653;  -13.552; -411.040; -378.928
745.915;  140.350;  896.960;  631.072
746.177;   55.052;   35.960;  -43.928
746.438;   -6.196; -428.040; -543.929
746.700;  -42.794; -947.039; -988.929
746.961;    1.982; -659.039; -740.930
747.223;  150.034; -190.039;  -74.930
747.484;   82.886; -391.039; -471.930
747.746;  147.088;  -23.038; -106.931
748.007;  111.590; -647.038; -689.931
748.269;  304.416; -468.038; -440.931
748.530;  456.768; -852.038; -638.932
748.791;  259.345; -354.038; -420.932
749.053;  435.647;  286.963;  163.067
749.314;  453.349; -236.037; -169.933
749.575;  495.776; -945.037; -905.933
749.836;  851.802; -217.037;   86.066
750.098; 2546.754;  -60.037;  -21.934
750.359;37232.706;  414.964;  555.066
750.620; 9125.558; -121.036; -220.935
750.881; 1005.485; -585.036; -513.935
751.142; 1364.711; -950.036; -938.936
751.403;17080.088; -789.036; -705.936
751.664; 7176.265;-1034.035; -999.936
751.925;  501.367; -175.035; -262.937
752.186;  271.369; -298.035; -278.937
752.447;  136.246; -590.035; -445.937
752.708;   33.147; -532.035; -648.938
752.969;   12.924; -566.034; -576.938
753.230;  -11.199; -777.034; -672.939
753.491;   -2.597; -650.034; -631.939
753.751;   59.680;  109.966;   19.061
754.012;  101.932;  258.967;  181.060
754.273;   46.208; -174.033;  -71.940
754.534;    9.160; -487.033; -580.940
754.794;  -80.988; -926.033; -911.941
755.055;  131.689; 1051.967;  881.059
755.316;  -49.884; -700.032; -566.942
755.576;  -29.033; -606.032; -576.942
755.837;  -52.306; -527.032; -695.942
756.097;  -21.404; -530.032; -564.943
756.358;  -84.052; -725.032; -770.943
756.618;  -48.350; -705.031; -641.943
756.879;    3.302; -254.031; -349.944
757.139; -120.047;-1098.031;-1116.944
757.400;  -60.470; -538.031; -553.945
757.660;  -26.368; -365.031; -401.945
757.920;    9.334; -266.030; -228.945
758.181;  -14.289; -468.030; -351.946
758.441;  -97.912; -870.030; -809.946
758.701;  -45.261; -308.030; -215.946
758.961;  -29.534; -220.030; -278.947
759.222;  -35.307; -574.029; -502.947
759.482;  -87.880; -683.029; -723.948
759.742;  -86.428; -706.029; -547.948
760.002;   19.223;  -83.029; -143.948
760.262;   23.825;   50.972;  182.051
760.522;  -42.098; -498.028; -574.949
760.782;  -53.921; -738.028; -612.949
761.042;  -34.719; -618.028; -573.950
761.302;   48.708;   55.972;  -18.950
761.562;   39.834; -164.027; -154.951
761.822;   88.286; -710.027; -551.951
762.082;  -52.387;-1104.027;-1093.951
762.342;   60.765; -328.027; -403.952
762.601;   71.942; -567.027; -506.952
762.861;  357.569; -281.026; -207.952
763.121;  404.120; -406.026; -411.953
763.381; 7624.247; -499.026; -485.953
763.640; 7956.324; -139.026; -307.954
763.900;  351.751; -242.026; -203.954
764.160;   68.203; -458.025; -491.954
764.419;   -3.121; -726.025; -782.955
764.679;  -80.744; -795.025; -726.955
764.939;   -2.117; -124.025; -210.955
765.198;  -75.915; -608.025; -563.956
765.458;  -83.513; -710.024; -612.956
765.717;  -89.061; -454.024; -590.957
765.976;  -48.110; -428.024; -411.957
766.236;  -76.608; -475.024; -610.957
766.495;   16.494;  260.977;   73.042
766.755; -113.679;-1090.023; -987.958
767.014;   -6.102; -594.023; -665.958
767.273;  -53.926; -373.023; -397.959
767.533;  -45.149; -228.023; -307.959
767.792;  -38.622; -151.022; -188.960
768.051;  -53.770; -228.022; -276.960
768.310;  -92.668; -546.022; -650.960
768.569;   -6.541; -161.022;    4.039
768.828;  -52.415; -285.022; -363.961
769.088; -128.238;-1050.021; -942.961
769.347;  -84.061; -755.021; -599.962
769.606; -109.759; -876.021; -857.962
769.865; -121.157;-1016.021;-1033.963
770.124;   -6.880; -411.021; -336.963
770.383;  -56.404; -778.020; -910.963
770.641;  -16.852; -398.020; -400.964
770.900;  -72.600; -953.020; -846.964
771.159;  -54.898; -851.020; -951.964
771.418;  -26.696; -917.020; -779.965
771.677;  123.230; -224.019; -293.965
771.936;  133.607; -794.019; -865.966
772.194; 2288.184; -465.019; -437.966
772.453;10918.736; -213.019; -391.966
772.712;  745.138;  416.982;  329.033
772.970;  117.940;   32.982;   63.033
773.229;   76.816;  -22.018;  102.033
773.488;  -86.507; -814.018; -770.968
773.746;   47.695;  296.982;  335.032
774.005;    8.997;  190.983;  -22.969
774.263;   -5.926;  243.983;  177.031
774.522;  -90.374; -422.017; -548.969
774.780;  -79.273; -484.017; -417.970
775.039; -110.896; -551.017; -531.970
775.297;  -34.444; -135.016; -351.970
775.555; -114.742; -489.016; -612.971
775.814; -128.415; -618.016; -570.971
776.072; -131.514; -749.016; -740.971
776.330; -109.987; -630.016; -520.972
776.589; -122.635; -703.015; -721.972
776.847; -124.433; -645.015; -624.973
777.105; -165.756;-1016.015;-1032.973
777.363;  -75.304; -459.015; -454.973
777.621; -138.653; -660.015; -717.974
777.879;  -12.351;  -42.014;   32.026
778.138; -104.199; -554.014; -717.974
778.396;  -92.097; -585.014; -526.975
778.654; -162.595;-1015.014; -970.975
778.912;  -64.743; -269.014; -371.976
779.170; -134.242; -880.013; -803.976
779.427; -150.715; -922.013; -897.976
779.685; -134.913; -880.013; -832.977
779.943;  -85.736; -654.013; -593.977
780.201; -165.159; -964.012; -883.978
780.459; -129.483; -651.012; -610.978
780.717;  -79.856; -440.012; -390.978
780.974; -101.129; -449.012; -490.979
781.232;  -90.202; -358.012; -338.979
781.490;  -71.525; -551.011; -472.979
781.747;  -99.748; -555.011; -476.980
782.005;   27.503;  462.989;  254.020
782.263; -171.095; -542.011;-1004.981
782.520;  -71.918; -326.011; -501.981
782.778; -177.191;-1013.010;-1051.981
783.035; -162.014; -962.010; -938.982
783.293;  -62.637; -248.010; -206.982
783.550;  -61.886; -134.010; -198.982
783.808; -135.059; -764.010; -776.983
784.065; -166.132; -745.009; -874.983
784.322;  -54.905;   25.991;  -86.984
784.580; -143.778; -915.009; -771.984
784.837; -104.852; -392.009; -466.984
785.094; -143.250; -783.009; -762.985
785.352;  -71.573; -304.008; -404.985
785.609; -111.221; -934.008; -839.985
785.866;  -85.994; -345.008; -401.986
786.123;  -85.292; -639.008; -583.986
786.380; -109.916; -665.008; -604.987
786.637;  -41.089; -225.007; -380.987
786.895;  -21.912; -456.007; -543.987
787.152;  -48.185; -135.007; -267.988
787.409;  -48.608; -123.007; -225.988
787.666; -106.407; -299.006; -378.988
787.923; -133.705; -616.006; -695.989
788.179; -112.328; -551.006; -584.989
788.436; -106.676; -585.006; -585.990
788.693;  -33.424;  -92.006;  -87.990
788.950;  135.953; -125.005; -112.990
789.207;  210.204; -381.005; -372.991
789.464;  -49.819; -161.005; -301.991
789.720;  -13.242;  150.995;  110.009
789.977; -186.840;-1003.005; -671.992
790.234;  -40.013;   44.996;  -66.992
790.490; -151.486; -884.004;-1031.993
790.747;  -23.185;  -85.004;   22.007
791.004;  -33.958; -426.004; -348.993
791.260;  -84.806; -430.004; -560.994
791.517; -108.154; -843.003; -788.994
791.773;  -55.202; -379.003; -342.994
792.030; -107.201; -596.003; -660.995
792.286; -111.374; -686.003; -636.995
792.543;  -29.122;  -74.002; -159.995
792.799;  -61.895; -584.002; -382.996
793.055; -174.968;-1179.002;-1210.996
793.312;  -92.516; -827.002; -816.997
793.568;  -74.165; -746.002; -599.997
793.824;   -3.388; -226.001; -284.997
794.081;   18.339; -447.001; -508.998
794.337;   51.166; -664.001; -561.998
794.593; 1395.543; -319.001; -271.999
794.849; 6542.770; -746.001; -772.999
795.105;  307.421; -270.000; -261.999
795.361;    6.798; -490.000; -457.000
795.617;  -81.925; -875.000; -945.000
795.873;  -51.800; -360.000; -407.000
796.129;  -51.125; -368.000; -306.000
796.385;  -21.550; -124.000; -156.000
796.641;   56.875;  412.000;  550.000
796.897;  -83.475; -666.000; -635.000
797.153;   50.650;  453.000;  357.000
797.409;  -95.050; -785.000; -868.000
797.665;  -87.175; -625.000; -732.000
797.921;  -81.725; -775.000; -762.000
798.176;  -69.550; -744.000; -747.000
798.432;  -42.350; -824.000; -596.000
798.688;  -74.575;-1174.000;-1078.000
798.943;   90.050; -165.000; -147.000
799.199;  -19.800;-1005.000; -959.000
799.455;  229.575;  369.000;  316.000
799.710;  136.625; -813.000; -380.000
799.966;  284.675; -162.000; -160.000
800.221;  471.000; -638.000; -721.000
800.477;10788.775; -743.000; -710.000
800.732; 9037.275; -773.000; -800.000
800.988;  617.500;  205.000;  -19.000
801.243; 1855.225; -454.000; -344.000
801.498; 7633.075; -814.000; -739.000
801.754;  414.750; -289.000; -163.000
802.009;   77.025; -257.000; -335.000
802.264;  -75.450; -967.000;-1033.000
802.520;   25.350;  222.000;   -3.000
802.775;  -48.925; -524.000; -359.000
803.030;   46.275;  395.000;  356.000
803.285; -123.575; -840.000; -903.000
803.540;  -51.175; -686.000; -699.000
803.795;  -46.475; -648.000; -583.000
804.051;  -49.675; -279.000; -346.000
804.306;   29.425;  168.000;  128.000
804.561;  135.050;  451.000;  362.000
804.816;  109.775;  714.000;  861.000
805.071;    8.400; -185.000; -280.000
805.325;  228.200; -257.000; -427.000
805.580; -109.925; -841.000; -877.000
805.835;  -31.650; -204.000; -297.000
806.090;  -75.950; -760.000; -676.000
806.345;  -30.725; -344.000; -264.000
806.600;  -28.050; -549.000; -632.000
806.854;  -33.975; -408.000; -538.000
807.109;  -11.850; -493.000; -577.000
807.364;    0.925; -407.000; -328.000
807.618;   -4.850; -415.000; -381.000
807.873;   61.600; -470.000; -494.000
808.128;  101.500; -257.000; -518.000
808.382;   94.675; -224.000; -332.000
808.637;   58.175; -440.000; -511.000
808.891;  181.300; -257.000; -180.000
809.146;   86.700; -902.000; -794.000
809.400;  256.775; -848.000; -923.000
809.654;  325.750; -779.000; -551.000
809.909;  513.175; -841.000; -927.000
810.163; 6911.725; -813.000; -651.000
810.418;17040.075; -940.000; -861.000
810.672; 1031.975; -685.000; -690.000
810.926;  729.825; -993.000; -973.000
811.180; 1405.050; -439.000; -372.000
811.434;32206.825;  240.000;  135.000
811.689;12273.450; -231.000; -365.000
811.943;  611.525; -936.000; -953.000
812.197;  301.650; -893.000; -671.000
812.451;  121.350; -379.000; -514.000
812.705;  -20.375; -809.000; -619.000
812.959;  -12.100; -263.000; -388.000
813.213;   -6.825; -283.000; -209.000
813.467;   73.675;  470.000;  253.000
813.721; -106.025; -764.000; -792.000
813.975; -124.600; -826.000; -877.000
814.229;   34.075;  430.000;  353.000
814.482;  -92.875; -517.000; -566.000
814.736; -110.325; -766.000; -744.000
814.990; -123.425; -779.000; -872.000
815.244;  -40.450; -228.000; -285.000
815.497;  -99.300; -636.000; -601.000
815.751;  -23.000; -141.000;   82.000
816.005;  -90.650; -470.000; -586.000
816.258;  -49.750; -510.000; -363.000
816.512; -118.425; -693.000; -610.000
816.766;    1.325;  121.000;  157.000
817.019;   20.975;  148.000;  149.000
817.273; -122.825;-1000.000; -802.000
817.526;  -25.050; -206.000; -173.000
817.779;  -43.275;-1049.000; -960.000
818.033;  -84.675; -693.000; -807.000
818.286; -115.650; -725.000; -792.000
818.540; -106.025; -403.000; -403.000
818.793;  -78.125; -402.000; -489.000
819.046; -112.125; -582.000; -520.000
819.299;  -43.625; -157.000; -166.000
819.553; -111.700; -552.000; -592.000
819.806; -160.900;-1016.000; -838.000
820.059;  -82.275; -334.000; -354.000
820.312;    4.575;  152.000;  185.000
820.565;  -14.225;  110.000;  -27.000
820.818;  -56.775;  -59.000; -173.000
821.071; -176.200;-1041.000; -957.000
821.324; -119.675; -536.000; -540.000
821.577; -112.425; -457.000; -483.000
821.830;  -73.300; -270.000; -172.000
822.083; -136.550; -733.000; -288.000
822.336;  -54.625; -261.000; -167.000
822.589; -143.900; -805.000; -688.000
822.842; -150.700; -875.000; -770.000
823.094; -181.850;-1076.000;-1114.000
823.347; -129.950; -925.000; -729.000
823.600;   20.825;  402.000;  187.000
823.853;  -50.450; -311.000; -267.000
824.105;  -83.675; -331.000; -575.000
824.358; -113.850; -617.000; -716.000
824.611;   22.700;  234.000;   40.000
824.863;  -53.100; -612.000; -591.000
825.116;   34.500;  -33.000;   27.000
825.368;   71.725; -366.000; -372.000
825.621;  147.525; -186.000; -240.000
825.873;   80.675; -704.000; -737.000
826.126;  596.350; -669.000; -641.000
826.378;11723.700; -389.000; -505.000
826.630; 2679.850; -890.000; -898.000
826.883;   47.200; -754.000; -693.000
827.135;   37.775; -279.000; -270.000
827.387; -114.950; -893.000; -839.000
827.639;  -34.750;  -86.000;   32.000
827.892; -121.100; -742.000; -582.000
828.144; -165.475; -848.000; -804.000
828.396;  -53.350;  104.000;  -80.000
828.648;  -99.850; -440.000; -333.000
828.900; -154.300; -702.000; -795.000
829.152; -126.300; -684.000; -683.000
829.404;  -66.700; -215.000; -267.000
829.656;  -52.600;  321.000;  214.000
829.908;  -12.925;  393.000;  229.000
830.160; -176.875;-1064.000;-1047.000
830.412;  -96.825; -481.000; -430.000
830.664; -136.775; -557.000; -665.000
830.916;  -76.825; -268.000; -206.000
831.167; -186.750;-1073.000; -951.000
831.419; -119.725; -623.000; -566.000
831.671; -162.000; -764.000; -809.000
831.923;  -91.475; -311.000; -447.000
832.174;  -85.400; -273.000; -331.000
832.426; -119.750; -493.000; -582.000
832.678; -195.850;-1043.000;-1091.000
832.929; -163.300; -947.000; -935.000
833.181;  -74.975; -575.000; -677.000
833.432;  -54.075;  -59.000; -186.000
833.684;  -27.700;  112.000;  -27.000
833.935; -113.150; -610.000; -566.000
834.187; -143.675; -829.000; -823.000
834.438;  -52.025;  -58.000;  -25.000
834.689;  -59.425; -255.000; -123.000
834.941;  -58.700; -343.000; -244.000
835.192; -106.875; -590.000; -533.000
835.443; -107.325; -419.000; -506.000
835.695;  -13.000;  138.000;  -16.000
835.946; -106.625; -608.000; -378.000
836.197; -118.875; -599.000; -622.000
836.448; -110.100; -528.000; -395.000
836.699;  -59.450; -253.000; -341.000
836.950;   -4.700;   72.000;    7.000
837.201; -158.750;-1003.000; -987.000
837.452;  -51.275; -356.000; -170.000
837.703; -114.350; -791.000; -737.000
837.954;  -38.900; -205.000; -365.000
838.205;  -97.350;-1029.000;-1008.000
838.456;  182.400; -196.000; -282.000
838.707;   -2.750; -423.000; -519.000
838.958;   11.425; -634.000; -647.000
839.209;  295.525;   18.000;   40.000
839.460;  109.975; -439.000; -201.000
839.710;  163.725; -135.000; -297.000
839.961;  431.925;  730.000;  612.000
840.212;  315.100; -382.000; -497.000
840.462; 1139.425; -328.000; -277.000
840.713;18315.125; -571.000; -536.000
840.964; 6980.850;  -62.000; -143.000
841.214;  485.125; -384.000; -624.000
841.465;  556.300; -214.000; -141.000
841.715;  489.375; -417.000; -380.000
841.966;  665.100; -746.000; -685.000
842.216; 9546.050; -330.000; -431.000
842.466;34568.575; -169.000; -313.000
842.717; 1777.775; -964.000; -952.000
842.967;  319.025; -635.000; -641.000
843.217;  266.075;   20.000;   28.000
843.468;   78.350; -104.000; -132.000
843.718;  -38.000; -718.000; -726.000
843.968;  -93.350; -837.000; -765.000
844.218;   11.875; -315.000; -262.000
844.469;  -55.625; -577.000; -561.000
844.719; -120.150; -537.000; -682.000
844.969; -101.425; -550.000; -580.000
845.219; -139.275; -814.000; -862.000
845.469;  -80.850; -392.000; -342.000
845.719; -144.900; -792.000; -884.000
845.969;   -8.800;  119.000;  174.000
846.219; -128.825; -738.000; -720.000
846.469;   14.900;  464.000;  432.000
846.718;  -70.175; -115.000;   31.000
846.968; -143.575; -827.000; -827.000
847.218;  -63.450; -224.000; -371.000
847.468;   -3.175; -586.000; -555.000
847.718; -163.125; -827.000; -798.000
847.967; -145.950; -826.000; -915.000
848.217;  -91.150; -449.000; -569.000
848.467;  -79.525; -405.000; -376.000
848.716; -128.325; -708.000; -725.000
848.966;   -3.025; -372.000; -358.000
849.215;  -73.650; -428.000; -419.000
849.465;  -95.925; -785.000; -615.000
849.714; -161.750;-1132.000;-1150.000
849.964;  -67.075; -551.000; -613.000
850.213;  -20.625; -393.000; -355.000
850.463;   87.100;  137.000;  340.000
850.712;   -5.925; -542.000; -567.000
850.961;    8.150; -739.000; -678.000
851.211;   92.850; -513.000; -504.000
851.460;  165.375; -635.000; -650.000
851.709;  571.800;  -25.000;   18.000
851.958;10674.250; -912.000; -750.000
852.208;12490.650; -859.000; -879.000
852.457;  450.000; -181.000;  -13.000
852.706;   58.175; -791.000; -823.000
852.955;    9.300; -507.000; -528.000
853.204;  -82.675; -521.000; -461.000
853.453;  -88.550; -418.000; -458.000
853.702; -146.650; -660.000; -750.000
853.951; -109.000; -532.000; -520.000
854.200; -119.150; -613.000; -562.000
854.449; -136.525; -695.000; -661.000
854.698;  -95.100; -340.000; -279.000
854.946;  -80.850; -181.000; -284.000
855.195; -161.000; -843.000; -868.000
855.444; -106.875; -395.000; -420.000
855.693; -125.875; -345.000; -432.000
855.941; -103.100; -387.000; -516.000
856.190;  -65.275; -256.000; -382.000
856.439; -141.075; -652.000; -703.000
856.687;  -60.975;  -99.000;  -72.000
856.936; -118.550; -621.000; -323.000
857.184; -190.075;-1067.000;-1020.000
857.433; -118.300; -423.000; -512.000
857.681; -173.350; -989.000; -953.000
857.930;  -91.450; -282.000; -433.000
858.178; -171.450; -856.000; -929.000
858.427; -151.500; -802.000; -781.000
858.675; -129.550; -377.000; -544.000
858.923; -127.025; -527.000; -819.000
859.172; -199.875;-1094.000;-1070.000
859.420; -108.925; -339.000; -239.000
859.668; -140.175; -624.000; -628.000
859.916;  -31.525;  109.000;  115.000
860.164; -134.875; -699.000; -603.000
860.413;  280.650; -878.000; -696.000
860.661;  202.650; -709.000; -577.000
860.909;  -99.725; -339.000; -325.000
861.157;  -87.050; -277.000; -444.000
861.405; -121.800; -534.000; -670.000
861.653;    0.175;  310.000;  310.000
861.901;  177.900; -543.000; -613.000
862.149;  -15.100; -801.000; -824.000
862.396;  -87.775; -297.000; -187.000
862.644; -100.025; -368.000; -347.000
862.892;  -41.175;   98.000;  138.000
863.140; -137.575; -549.000; -530.000
863.388; -163.675; -815.000; -759.000
863.635; -132.825; -642.000; -601.000
863.883;  -13.300;  231.000;  190.000
864.131; -102.175; -288.000; -357.000
864.378; -133.375; -675.000; -540.000
864.626; -111.800; -347.000; -415.000
864.873; -130.625; -556.000; -505.000
865.121; -145.875; -714.000; -799.000
865.368;  -47.800; -173.000;   75.000
865.616;  -50.575;  -33.000;  -40.000
865.863;  -68.525; -462.000; -506.000
866.111; -125.750; -795.000; -824.000
866.358;   28.700; -426.000; -420.000
866.605; 2294.825;  -64.000; -804.000
866.853; 2215.750; -621.000; -537.000
867.100;  -49.425; -728.000; -775.000
867.347;  -97.450; -672.000; -611.000
867.594;  -80.325; -740.000; -714.000
867.841;   79.650;   97.000;   17.000
868.089; -159.150; -746.000; -698.000
868.336; -114.475; -477.000; -420.000
868.583; -163.425; -637.000; -741.000
868.830;  -47.400; -131.000; -170.000
869.077; -178.775; -859.000; -787.000
869.324; -127.275; -502.000; -458.000
869.571; -143.275; -398.000; -430.000
869.818; -118.100; -485.000; -439.000
870.065; -123.225; -439.000; -513.000
870.311; -106.950; -456.000; -542.000
870.558; -110.775; -332.000; -311.000
870.805; -106.700; -320.000; -384.000
871.052; -116.675; -494.000; -369.000
871.298;  -58.150; -204.000; -131.000
871.545;  -78.825; -151.000; -185.000
871.792;  -88.425; -173.000; -222.000
872.038;  -80.575;   43.000; -126.000
872.285; -119.850; -496.000; -387.000
872.532; -114.700; -357.000; -387.000
872.778;    9.125;  556.000;  403.000
873.025;  -98.150; -384.000; -359.000
873.271;   22.725;  501.000;  578.000
873.517;  -39.825; -133.000; -209.000
873.764;  -36.600; -193.000;  -80.000
874.010;  -77.500; -143.000; -230.000
874.257;  -45.900;  123.000;   90.000
874.503; -134.625; -579.000; -479.000
874.749;  -77.050;   31.000;  275.000
874.995;  -67.150;  -80.000;  -20.000
875.242; -125.625; -540.000; -478.000
875.488; -115.275; -414.000; -439.000
875.734;  -65.075; -106.000; -234.000
875.980;  202.500; -872.000;-1032.000
876.226;  359.325; -157.000; -255.000
876.472;   -9.900;  343.000;  237.000
876.718;  -48.625;  184.000;  158.000
876.964;  -53.450;   56.000;   55.000
877.210; -171.250; -547.000; -677.000
877.456; -147.650; -630.000; -557.000
877.702; -188.875; -821.000; -832.000
877.948; -123.350; -377.000; -497.000
878.193;    8.650;  361.000;  255.000
878.439;  -93.525; -487.000; -472.000
878.685; -108.275; -272.000; -343.000
878.931; -134.575; -618.000; -676.000
879.176;  -84.150; -201.000; -201.000
879.422; -193.500; -933.000; -820.000
879.668;   34.825;   10.000;   79.000
879.913;  121.650;   53.000;  137.000
880.159;  -65.000; -112.000;  -17.000
880.404;  -69.725; -152.000; -162.000
880.650;  -44.750;   91.000;  141.000
880.895; -181.750; -670.000; -710.000
881.141; -129.825; -454.000; -428.000
881.386; -149.100; -503.000; -658.000
881.631;  -93.350; -311.000; -166.000
881.877;  -45.300;  112.000;  -13.000
882.122; -129.525; -684.000; -600.000
882.367;  -92.400; -136.000; -186.000
882.612;  -74.950;  -80.000; -176.000
882.858; -181.850; -877.000; -823.000
883.103; -116.175; -297.000; -267.000
883.348; -164.975; -759.000; -852.000
883.593; -146.500; -677.000; -602.000
883.838;  -59.275; -311.000;  -24.000
884.083;   30.025;  353.000;  288.000
884.328;  -98.450; -564.000; -545.000
884.573;  -51.275; -196.000; -143.000
884.818;  186.200; -694.000; -531.000
885.063;  178.100; -348.000; -315.000
885.308; -125.625; -475.000; -398.000
885.553;  -28.250;  245.000;  325.000
885.797; -135.475; -545.000; -615.000
886.042;  -71.550;    8.000;   58.000
886.287;  -88.725; -253.000; -211.000
886.532;  -39.100;   26.000;  204.000
886.776; -104.075; -407.000; -525.000
887.021; -132.200; -621.000; -574.000
887.265; -167.600; -685.000; -689.000
887.510; -141.325; -557.000; -496.000
887.755; -104.325; -194.000; -164.000
887.999; -168.200; -552.000; -575.000
888.244;  -64.150;  -58.000;  161.000
888.488;   -3.775;  371.000;  393.000
888.732; -132.500; -368.000; -520.000
888.977; -129.700; -622.000; -567.000
889.221; -169.275; -683.000; -659.000
889.465; -137.150; -422.000; -566.000
889.710;  -82.925;  -56.000; -299.000
889.954;  -10.450;  579.000;  467.000
890.198; -151.250; -584.000; -707.000
890.442; -170.800; -716.000; -712.000
890.687; -162.775; -800.000; -753.000
890.931;  -90.450; -273.000; -210.000
891.175; -150.100; -502.000; -500.000
891.419;  -89.375; -105.000; -110.000
891.663;  -94.300; -239.000; -112.000
891.907; -178.275; -801.000; -545.000
892.151; -199.450; -920.000; -815.000
892.395; -123.725; -274.000; -387.000
892.638;  -34.825;  408.000;  291.000
892.882; -174.950; -780.000; -867.000
893.126;   14.050;  758.000;  558.000
893.370;  -95.450; -167.000; -168.000
893.614; -161.150; -714.000; -715.000
893.857;  -98.400; -183.000; -197.000
894.101; -144.725; -527.000; -631.000
894.345;  -56.950;  300.000;  150.000
894.588;    0.775;  569.000;  380.000
894.832; -103.850; -178.000;  -84.000
895.075;  -91.200;   15.000;  -92.000
895.319; -129.425; -552.000; -420.000
895.563; -133.425; -413.000; -353.000
895.806; -163.975; -628.000; -741.000
896.049;  -76.600; -576.000; -368.000
896.293;   87.400;  527.000;  405.000
896.536;  -88.175; -465.000; -468.000
896.779;  -63.600; -149.000;   -1.000
897.023; -145.175; -751.000; -714.000
897.266;  -41.325;  325.000;  269.000
897.509; -197.150; -900.000; -901.000
897.752;  -52.225;  149.000;  171.000
897.996; -190.425; -972.000; -864.000
898.239;  -57.850;  168.000;  102.000
898.482; -132.350; -431.000; -453.000
898.725;  -37.375;  101.000;   53.000
898.968; -151.025; -609.000; -744.000
899.211; -115.000; -513.000; -361.000
899.454; -147.650; -633.000; -539.000
899.697;  -69.800;   90.000;  -43.000
899.940; -180.000; -761.000; -757.000
900.182; -115.475; -335.000; -405.000
900.425; -105.825; -150.000; -298.000
900.668;  -40.750;  491.000;  350.000
900.911; -109.650; -292.000; -345.000
901.154;  -57.525;  141.000;   -3.000
901.396; -141.150; -407.000; -412.000
901.639; -136.325; -430.000; -496.000
901.882; -193.825; -790.000; -809.000
902.124;  -96.050;  -29.000; -143.000
902.367; -111.800; -315.000; -361.000
902.609; -133.850; -476.000; -453.000
902.852;  -90.375; -108.000; -260.000
903.094; -136.900; -458.000; -337.000
903.337;  -75.825;  -26.000;   53.000
903.579; -120.450; -228.000; -441.000
903.821; -169.400; -597.000; -744.000
904.064;  -50.800;   85.000;  127.000
904.306;  -97.100; -126.000; -166.000
904.548; -109.450; -152.000; -366.000
904.790; -113.200; -195.000; -340.000
905.033; -133.725; -625.000; -577.000
905.275; -147.075; -513.000; -524.000
905.517;   40.075;  468.000;  256.000
905.759;  -76.750; -667.000; -761.000
906.001; -108.250; -322.000; -369.000
906.243;  -69.500; -162.000; -224.000
906.485;  111.700; -265.000; -207.000
906.727;   82.625; -499.000; -542.000
906.969;  -27.275;  -30.000; -135.000
907.211;  117.525; -316.000; -382.000
907.453;  274.550; -188.000; -237.000
907.695;  -10.000; -158.000; -385.000
907.936;   38.275;  818.000;  706.000
908.178;  -74.950;   92.000; -135.000
908.420;  -85.800; -111.000; -162.000
908.662; -151.350; -633.000; -682.000
908.903;  -88.425; -208.000; -123.000
909.145;  -64.025; -240.000; -305.000
909.386;   10.875;  315.000;  280.000
909.628;   26.375;  363.000;  397.000
909.870;   -1.500;   29.000;  264.000
910.111; -112.025; -809.000; -949.000
910.353;    2.425; -123.000; -161.000
910.594;   -8.600; -574.000; -606.000
910.835;   83.425; -265.000; -326.000
911.077;  134.550; -503.000; -604.000
911.318;  291.575; -505.000; -471.000
911.559;  435.850; -577.000; -880.000
911.801; 1370.850; -284.000; -280.000
912.042;10737.500;  -50.000; -159.000
912.283;26881.925;  404.000;  371.000
912.524; 3855.850; -396.000; -457.000
912.765;  455.025; -193.000;   79.000
913.006;  229.650; -307.000; -338.000
913.247;   41.450; -270.000; -290.000
913.488;  -25.425;  -43.000;   30.000
913.729;  -93.850; -373.000; -373.000
913.970;  -88.950;  -96.000; -292.000
914.211;  -79.675; -160.000; -198.000
914.452;  -73.950; -118.000;  -11.000
914.693;   12.975;  510.000;  592.000
914.934;   -7.925;  510.000;  440.000
915.175;  -76.275;   53.000;  -95.000
915.415;  -93.675; -137.000;   27.000
915.656;  -69.200;  -28.000;  192.000
915.897; -102.425; -252.000;  -82.000
916.137;  -93.950;   74.000;   -9.000
916.378; -137.850; -573.000; -517.000
916.619; -104.075; -159.000;  -63.000
916.859;  -41.750;  303.000;  330.000
917.100;  123.600; 1655.000; 1070.000
917.340;   38.950;  930.000;  728.000
917.581;   42.325;  965.000;  789.000
917.821;  -52.925; -171.000;  143.000
918.061;   -5.725; -199.000;  -72.000
918.302;  -67.250; -152.000; -211.000
918.542;  -24.300;  -22.000;    3.000
918.782;   31.875;  369.000;  377.000
919.023;  114.300;  360.000;  427.000
919.263; 1765.075; 8131.000;  202.000
919.503; 1074.850; -137.000;  -54.000
919.743;  634.325;  390.000;  266.000
919.983;  247.725; -134.000;  -26.000
920.223;   57.725;  135.000;   14.000
920.463;  132.375;  631.000;  554.000
920.703;  124.625;   84.000;   39.000
920.943;  157.475; -110.000;   90.000
921.183;  213.525; -414.000; -405.000
921.423;  491.675;  307.000;  546.000
921.663;  742.175; -174.000; -257.000
921.903; 1588.400;  237.000;  173.000
922.143; 8988.325;  372.000;  389.000
922.383;33748.600;  158.000;  115.000
922.622;10822.650; -120.000;  -15.000
922.862; 1151.475;  796.000;  785.000
923.102;  431.200;  -51.000;   33.000
923.341;  182.575;   59.000;   74.000
923.581;   83.850;  450.000;  360.000
923.821;   15.975;  301.000;  398.000
924.060;   -2.275;  351.000;  193.000
924.300;  -65.600;  -16.000; -128.000
924.539;  -21.000;  584.000;  473.000
924.779;   10.725;  812.000;  597.000
925.018;  -56.200;  247.000;  353.000
925.257;  -10.900;  595.000;  666.000
925.497;  -51.750;  447.000;  412.000
925.736;  -76.550;  -35.000;  102.000
925.975;  -13.225;  687.000;  669.000
926.214;   11.850;  907.000;  850.000
926.454;    4.525;  706.000;  757.000
926.693;  -42.000;  419.000;  543.000
926.932;   23.175; 1021.000;  825.000
927.171;   70.075; 1107.000; 1044.000
927.410;   42.825; 1144.000;  967.000
927.649;   34.025;  924.000;  742.000
927.888;   -2.975;  590.000;  564.000
928.127;    7.400;  680.000;  678.000
928.366;   22.525;  842.000;  826.000
928.605;   37.075;  831.000;  737.000
928.844;  224.150; 1451.000; 1393.000
929.083;  605.525;  770.000;  613.000
929.321;  313.225; 1335.000; 1359.000
929.560;   91.250; 1158.000; 1122.000
929.799;  -39.300;  574.000;  475.000
930.038;   81.600; 1025.000; 1394.000
930.276;  -67.075;  334.000;  397.000
930.515;   -5.700;  827.000;  681.000
930.753;  -41.650;  614.000;  589.000
930.992;  -25.000;  664.000;  717.000
931.230;   -9.750;  847.000;  847.000
931.469;  168.900; 2162.000;  892.000
931.707;   68.250;  840.000;  751.000
931.946;   50.525; 1278.000; 1344.000
932.184;   36.900; 1437.000; 1175.000
932.423;   42.250; 1265.000;  963.000
932.661;   81.950; 1296.000; 1428.000
932.899;   18.750;  987.000;  821.000
933.137;   15.875;  754.000;  564.000
933.376;  137.675; 1664.000; 1335.000
933.614;  148.275; 1759.000; 1196.000
933.852;   55.050; 1357.000; 1171.000
934.090;  135.175; 1722.000; 1747.000
934.328;   96.850; 1252.000; 1457.000
934.566;   69.225; 1431.000; 1110.000
934.804;  136.250; 1263.000; 1309.000
935.042;  456.950; 1861.000; 1850.000
935.280; 1799.025; 2088.000; 2063.000
935.518; 1660.300; 2113.000; 2007.000
935.756;  361.750; 2481.000; 2316.000
935.994;  164.425; 1808.000; 1751.000
936.231;  358.975; 2890.000; 2950.000
936.469;  185.525; 2367.000; 2378.000
936.707;  163.150; 2220.000; 2167.000
936.945;  228.425; 2825.000; 2882.000
937.182;  207.875; 2679.000; 2741.000
937.420;  295.675; 3602.000; 3031.000
937.657;  431.250; 3365.000; 3478.000
937.895;  353.950; 3331.000; 3488.000
938.133;  317.100; 3540.000; 3528.000
938.370;  348.800; 3896.000; 4191.000
938.607;  393.275; 4488.000; 4205.000
938.845;  529.450; 5587.000; 5549.000
939.082;  482.925; 5387.000; 5177.000
939.320;  521.275; 5799.000; 5728.000
939.557;  627.475; 6549.000; 6491.000
939.794;  713.400; 7285.000; 7097.000
940.031;  907.325; 8421.000; 8368.000
940.269; 1115.975; 9552.000; 9107.000
940.506; 1122.450;10901.000;10507.000

