
Integration time [ms]: 100.000
Averaging Nr. [scans]: 40
Smoothing Nr. [pixels]: 0
Data measured with spectrometer [name]: 2101013U2
Wave   ;Sample   ;Dark     ;Reference
[nm]   ;[counts] ;[counts] ;[counts] 

394.013;   47.728; -450.257; -315.536
394.305;  203.050; -461.258; -419.536
394.596; 1084.847; -676.269; -527.514
394.887; 2719.738; -796.268; -654.518
395.178; 1072.619;  145.736;   11.476
395.470;   80.230; -210.263; -356.526
395.761;  182.228;  305.734;  394.479
396.052;  262.395; -545.284; -306.489
396.343;  254.416; -557.276; -454.503
396.634;  114.934; -200.279; -290.497
396.926;  100.711; -618.268; -565.517
397.217;  114.795;   11.725;  -17.504
397.508;   41.811; -366.273; -154.507
397.799;   35.384; -555.279; -571.497
398.090;    0.779; -973.280; -902.495
398.381;  126.370;   11.708;  -11.473
398.672;   -9.879; -585.292; -742.473
398.963;   50.990; -348.279; -373.498
399.254;  115.055;   54.709; -209.475
399.545;  -28.425;-1017.266; -883.520
399.836;   56.880; -407.277; -343.501
400.127;   49.796; -205.295; -209.468
400.418;   51.281; -423.274; -392.506
400.709;   58.641; -359.281; -333.493
401.000;   40.309; -268.291; -309.476
401.290;  109.907;  225.698;  115.545
401.581;   77.903; -166.286; -228.485
401.872;   17.768; -542.298; -486.462
402.163;   58.513; -313.296; -252.467
402.454;  101.606; -123.291; -163.475
402.744;   70.980; -844.297; -813.465
403.035;  433.661; -226.293;  -86.471
403.326;  550.649; -366.292; -384.474
403.617;  379.862;  204.701;  165.539
403.907;  252.226; -593.283; -679.490
404.198; 2408.286; -545.307; -599.446
404.489; 6291.881; -618.283; -588.491
404.779; 2084.385; -618.302; -660.456
405.070;  216.014;  -67.304; -174.451
405.360;  340.238; -259.293; -238.472
405.651;  374.572;  125.699;   98.542
405.942;  175.723;  209.714;  127.516
406.232;  258.763; -432.285; -413.487
406.523;  464.656;  641.706;  758.530
406.813;   97.900; -579.286; -644.484
407.104;  348.194;  261.708;  144.527
407.394;  164.338; -604.299; -591.462
407.685;  143.887;  336.715;  222.513
407.975;   59.905; -400.283; -382.490
408.265;  124.195; -134.289; -190.478
408.556;   63.528; -472.291; -459.475
408.846;  168.682;  474.706;  429.530
409.137;   92.404;   -1.288; -216.480
409.427;   47.688; -193.285; -271.487
409.717;   33.590; -776.273; -692.508
410.007;  147.806;    4.715; -170.486
410.298;   81.824; -360.295; -342.469
410.588;   76.335; -495.285; -510.486
410.878;   29.140; -792.287; -873.482
411.168;  132.820; -481.298; -478.463
411.459;  122.949; -295.283; -242.489
411.749;   66.401; -609.292; -507.474
412.039;   61.027; -755.289; -386.480
412.329;  203.673;   40.722;  132.501
412.619;  193.176;  -62.286; -148.485
412.909;  359.748;  639.711;  594.521
413.199;  348.104; -130.280; -251.495
413.490;  405.214;  521.710;  352.523
413.780;  154.058;-1013.279; -913.496
414.070;  326.717;  -46.276;  235.497
414.360;  352.219; -729.278; -666.498
414.650;  428.461; -726.288; -688.482
414.940;  532.482; -538.280; -441.496
415.230;  919.308;   50.712;   74.519
415.520; 6131.371;  155.730;   66.486
415.809;24137.190; -305.281; -125.493
416.099;18835.282; -388.277; -229.501
416.389; 5224.879;  435.726;  236.494
416.679; 3066.959;   91.738;   85.473
416.969;  539.094; -527.287; -503.483
417.259;  587.735;  341.721;  171.503
417.549;  706.414;  522.718;  318.508
417.838; 1659.288; -205.268; -147.518
418.128; 5510.619;  650.710;  492.522
418.418; 4646.871; -491.272; -579.509
418.708; 3133.179;    9.726;  -48.506
418.997;11581.849; -474.275; -480.505
419.287;12248.586; -733.273; -790.507
419.577;11566.799; -160.283; -123.489
419.866;38154.555; -588.277; -498.501
420.156;39193.492; -242.270;  -55.513
420.446; 7117.126; -112.263;  -26.526
420.735;  855.411; -376.271; -446.512
421.025;  845.843; 1830.722;  315.502
421.314;  662.109; -203.271; -226.512
421.604; 1405.081;   89.732;  233.484
421.893;  823.355; -705.271; -602.511
422.183;  240.827; -487.263; -461.526
422.472;  377.232;  -36.271; -107.511
422.762;  435.981; -416.266; -379.521
423.051;  254.467; -916.276; -916.503
423.341;  332.062; -491.273; -439.507
423.630;  399.412; -121.265;   15.477
423.919;  385.524;   58.725;   49.495
424.209;  374.457;  -31.263;   56.473
424.498;  498.585;   68.732;  161.483
424.787; 1063.717; -535.267; -601.518
425.077; 3368.585;   34.735;   29.478
425.366; 4675.488; -734.262; -744.528
425.655; 9919.138;  639.727;  259.493
425.945;21783.118; -313.247; -268.554
426.234;12171.511;  117.741;  300.467
426.523; 5073.341;  -86.259; -350.534
426.812; 7043.027;  107.734;  159.480
427.101;10290.077; -127.269; -323.515
427.390;12990.021;  -55.270;  -86.514
427.680; 2873.486; -624.257; -411.538
427.969;  476.622; -330.255; -301.540
428.258;  316.377; -385.257; -477.536
428.547;  530.925;  449.728;  397.490
428.836; 1200.538; -421.253; -398.543
429.125; 1754.368; -199.259;  -72.534
429.414;  818.236; -330.251; -294.548
429.703; 3163.811; -231.251; -213.548
429.992; 9347.064; -938.250; -828.549
430.281; 6204.394; -397.264; -331.524
430.570;  595.926;  -21.252;   32.454
430.859;  563.790;  279.741;  352.466
431.148;  425.189;  636.752;  631.446
431.437;  294.451;  391.748;  367.454
431.725;  157.679; -544.257; -481.536
432.014;  124.720; -845.253; -756.545
432.303;  376.115; -149.239; -105.569
432.592;  607.651; -460.263; -178.525
432.881; 1053.990; -601.248; -437.554
433.169; 6288.097; -343.255;  -61.540
433.458;12682.324;  445.765;  540.424
433.747; 5333.293; -397.261; -289.529
434.036;  897.491; -275.242; -280.564
434.324; 2111.352; -395.249; -379.551
434.613; 3679.909;   40.757;  159.437
434.902; 1226.230;  333.760;  439.433
435.190;  561.989;   75.761;  295.431
435.479;  308.066;  -52.245;   83.441
435.767;  115.074; -411.244; -427.561
436.056;  191.986; -340.242; -294.563
436.345;  372.807; -372.240; -223.568
436.633;  402.347;   60.750;  383.450
436.922;  263.910;  208.760;  414.432
437.210;  564.939; -194.236;    1.426
437.499; 1798.072; -583.235; -432.576
437.787; 2012.113; -339.236;  -10.574
438.075;  524.669;   56.761;  162.430
438.364;  713.597;  -44.238;  250.429
438.652;  423.052; -286.226; -138.592
438.941;  131.616;    3.770;  269.415
439.229;    9.948; -665.252; -466.545
439.517;   39.080; -160.234;  -85.577
439.806;  -11.807; -501.225; -290.595
440.094;  168.088;  377.766;  650.421
440.382;  164.117; -653.233; -302.580
440.670;  199.497; -361.235; -285.576
440.959;   27.736; -347.223; -170.599
441.247;   82.878; -151.229; -109.587
441.535;   90.729; -266.235;   31.423
441.823;   43.735; -497.234; -305.578
442.111;  187.757;  173.771;  327.412
442.400;  496.840; -628.245; -335.559
442.688; 1347.088; -111.234; -620.579
442.976;  960.474; -786.213; -450.617
443.264;   96.825; -324.224; -364.597
443.552;   99.828; -258.226;   51.408
443.840;  170.177;  602.765;  876.423
444.128;  111.641;  265.767;  269.420
444.416;    0.134; -694.228; -312.588
444.704;   21.240; -465.219;  -92.605
444.992;   68.056;   -0.226;  240.407
445.280;   43.867; -517.230;  -94.585
445.568;   58.553; -694.212; -396.618
445.856;  344.924; -174.221;  357.398
446.143;  712.137;  -54.220;   -7.604
446.431;  615.188;  -25.228;  625.411
446.719;  254.410;  489.783;  675.391
447.007;  174.586;  481.769;  705.416
447.295;  179.783;  597.777;  871.402
447.583;   84.975; -464.229;  -34.587
447.870;  163.371; -434.221; -202.601
448.158;  415.740; -104.230;  129.415
448.446;  314.438; -800.219; -338.604
448.733;  171.401;   13.776;  269.403
449.021;  270.427;   60.788;  341.382
449.309;  179.742; -296.210;  208.379
449.596;  227.881;  128.783;   59.392
449.884;  149.640; -571.222; -325.600
450.172;  151.944; -756.227; -406.590
450.459;  445.632;  645.786;  780.387
450.747; 2423.005; -411.218; -147.608
451.034; 7632.589;  493.772;  889.411
451.322; 6349.410; -413.214; -170.614
451.609;  547.503;  292.777;  508.403
451.897;  591.306; -550.203; -183.634
452.184; 1796.383; -622.223; -400.598
452.472; 1714.489;   97.792;  269.375
452.759;  331.313;  512.781;  864.395
453.047;  114.825; -407.212; -125.617
453.334;   63.696; -732.219; -216.606
453.621;   61.313; -438.214; -161.615
453.909;  111.498;   13.796;  384.368
454.196;  102.193; -299.199; -123.641
454.483;  204.419;  317.798;  540.364
454.771;  122.242; -215.208;  196.374
455.058;   57.545; -316.207;  102.374
455.345;  113.424;   71.807;  344.347
455.632;   91.673; -128.207;  235.373
455.919;   52.691;  -82.196;  182.354
456.207;  -42.827; -774.198; -450.642
456.494;    2.581; -475.200;  -66.639
456.781;    7.214; -399.202; -198.635
457.068;   63.355; -253.206;  -29.628
457.355;    6.256; -698.206; -401.629
457.642;    6.212; -552.205; -290.630
457.929;    3.315; -778.194; -417.651
458.216;   61.875; -575.212; -354.617
458.503;  246.619; -173.193;  -19.652
458.790;  248.515; -864.208; -630.625
459.077;  284.644;  -77.202;  110.364
459.364;  795.583; -350.195; -210.649
459.651; 1663.853;  -46.206;  220.372
459.938;  780.955; -864.209; -665.623
460.225;  134.698;  132.799;  276.363
460.512;  -44.612; -836.197; -688.645
460.799;  110.853;  -32.218;  320.392
461.086;   61.960; -370.200; -251.640
461.372;   47.598; -509.198; -279.642
461.659;  117.392; -165.196;  108.354
461.946;   49.593; -445.193;  -54.651
462.233;  260.133;  842.800;  888.361
462.519;  341.355; -814.201; -464.639
462.806; 1014.714; -768.197; -497.645
463.093;  887.414; -445.191;  -66.656
463.380;  -12.045; -920.186; -824.664
463.666;   49.915; -259.197;  -18.646
463.953;  103.002; -406.195; -243.648
464.239;  203.552; -173.195;  -77.648
464.526;  390.863;  413.806;  743.350
464.813;  343.350; -565.190; -304.658
465.099;  351.969;  606.807;  607.348
465.386;  323.448;  903.807;  921.348
465.672;   22.989; -694.197; -522.645
465.959;   14.094; -598.188; -520.662
466.245;    8.723; -468.193; -359.652
466.532;   87.425; -109.195;   63.352
466.818;   71.005; -357.186; -216.664
467.104;    3.896; -488.182; -415.672
467.391;  -28.973; -628.189; -459.658
467.677;   14.109; -289.186;    9.335
467.964;    0.084; -682.189; -471.660
468.250;   69.311; -331.186; -160.665
468.536;   75.429;   90.811;  180.341
468.822;  -29.752; -821.184; -574.668
469.109;  156.927;  351.827;  471.311
469.395;  198.833;  729.808;  787.346
469.681;  192.807;   46.811;  156.341
469.967; 1248.861; -699.188; -382.660
470.254; 2688.469; -494.188; -306.662
470.540; 1764.266; -601.196; -476.646
470.826;  256.132; -488.181; -397.675
471.112;  318.352;  288.816;  113.331
471.398;   95.632; -253.183;  -58.670
471.684;   39.985; -626.177; -447.680
471.970;    2.560; -918.180; -981.675
472.256;   29.007; -521.192; -441.654
472.542;   17.113; -499.171; -434.691
472.828;   20.641; -743.182; -607.672
473.114;   39.081; -380.166; -283.700
473.400;   21.602; -504.175; -293.684
473.686;   31.388; -452.166; -400.701
473.972;   61.041; -230.174; -131.687
474.258;  -40.373; -925.173; -843.689
474.544;  215.252; -183.178;   -2.679
474.830;  302.353;  -65.175;   45.316
475.116;  484.427; -123.190; -196.658
475.401;  648.863; -558.180; -467.676
475.687;  199.212; -725.180; -718.676
475.973;    9.649; -673.181; -770.673
476.259;  250.756;  736.825;  764.315
476.544;  370.543; -539.176; -437.682
476.830;  834.334; -398.172; -322.690
477.116;  732.392; -430.177; -336.682
477.401;  144.537;  346.820;  358.324
477.687;   -4.648; -289.175; -405.684
477.973;   38.003;   21.819;   28.326
478.258;   -6.517; -448.163; -348.706
478.544;   52.192;   21.815;   61.334
478.829;  -45.282; -818.171; -738.692
479.115;  -51.242; -749.172; -651.690
479.401;    0.162; -444.174; -449.686
479.686;   35.811; -253.180;  -74.676
479.972;  -32.618; -886.178; -776.680
480.257;   28.233; -258.166;  -65.700
480.542;    0.347; -614.170; -469.693
480.828;  234.850; 1288.824; 1392.317
481.113;  -21.327; -464.176; -426.683
481.399;    0.507; -236.161; -202.711
481.684;  -48.443; -620.166; -462.700
481.969;   23.421; -158.159;  -73.713
482.255;   -7.992; -439.169; -285.695
482.540;    4.207; -569.178; -441.680
482.825;   29.500; -395.187; -404.663
483.110;   89.986;  -85.169; -105.696
483.396;  182.468; -840.157; -652.718
483.681;  501.017;  543.826;  730.313
483.966;  159.040; -696.160; -700.712
484.251;   11.441; -404.174; -310.687
484.536;   -5.757; -356.165; -378.703
484.822;   10.769; -205.173; -218.687
485.107;  -25.669; -599.152; -502.726
485.392;  129.424;  662.836;  541.296
485.677;   62.196;  354.832;  163.302
485.962;  102.465;  160.843;  270.283
486.247;   93.141;  -14.162;   -8.707
486.532;   47.259; -178.166; -325.701
486.817;  162.777;  381.839;  431.291
487.102;  114.114; -453.154; -514.722
487.387;  670.744; -637.156; -652.718
487.672; 1203.954; -154.164;  -38.705
487.957;  741.059; -394.160; -286.711
488.241;  203.398; -290.150; -314.729
488.526;  730.482; -280.152; -148.726
488.811; 1192.509; -881.177; -818.680
489.096;  904.917; -666.154; -702.723
489.381;  508.204;    3.847;  162.275
489.666;  380.157; -428.161; -510.710
489.950;  177.970;  558.846;  627.277
490.235;  -24.907; -480.151; -458.728
490.520;  -37.369; -756.161; -723.710
490.804;  -49.879; -827.156; -736.719
491.089;  -12.886; -469.149; -299.732
491.374;   25.353; -132.164;  -75.704
491.658;  -10.800; -817.147; -717.735
491.943;  163.987; -657.152; -609.727
492.227;  247.835; -178.155;  -38.721
492.512;   41.065; -294.157; -341.717
492.797;  -75.143; -713.149; -716.731
493.081;  -46.597; -588.147; -598.735
493.366;  -33.392; -751.161; -635.711
493.650;  214.156;  831.859;  917.254
493.935;   34.424; -648.147; -447.734
494.219;  -45.407; -778.142; -687.743
494.503;  -45.748; -585.150; -487.730
494.788;   40.781;   46.842;   74.285
495.072;  104.399;  184.850;  434.271
495.356;  175.942; -463.148; -343.733
495.641;  459.659; -812.146; -736.736
495.925;  444.326; -976.156; -903.719
496.209;   36.513; -599.149; -451.732
496.494;  -38.531; -763.142; -544.744
496.778;    5.939; -364.154; -360.722
497.062;  -69.449; -819.156; -627.719
497.346;  -34.789; -869.160; -640.711
497.631;  158.695;  580.852;  560.266
497.915;   70.695;  -64.145;  175.261
498.199;   48.518; -341.157; -277.718
498.483;   39.231; -562.152; -508.725
498.767;  202.325;  301.850;  300.271
499.051;  175.161; -126.149; -100.732
499.335;   15.834; -693.149; -739.731
499.619;  -40.292; -381.129; -423.767
499.903;   34.058; -272.155;  -65.721
500.187;   35.846; -588.153; -316.724
500.471;   18.986; -796.152; -595.727
500.755;  101.831;   62.839;  -96.710
501.039;   45.734; -270.155; -357.721
501.323;  101.458;  -21.141;  264.254
501.607;   31.084; -447.163; -503.706
501.891;   -8.081; -607.156; -512.718
502.174;  -32.744; -726.144; -585.741
502.458;   69.965;   89.849;  370.273
502.742;   39.657; -180.138; -191.751
503.026;  124.624; -412.147; -254.734
503.310;  187.995; -437.159; -375.713
503.593;  125.476; -464.147; -325.735
503.877;  116.323; -232.133; -156.760
504.161;  170.274;    2.847;  -50.724
504.444;  143.083; -841.158; -710.716
504.728;  470.152; -487.164; -522.704
505.012;  708.447; -257.150;  -76.729
505.295;  555.432; -417.161; -212.711
505.579;  537.601; -256.156; -496.719
505.862;  758.741; -555.145; -333.738
506.146;  751.597; -681.159; -758.714
506.429;  408.273;  568.841;  461.286
506.713;   51.444; -732.151; -667.728
506.996;  329.538;   90.846;  295.278
507.280;  341.897; -633.165; -474.703
507.563;  238.932; -469.155; -261.721
507.847;  107.122; -423.153; -112.724
508.130;   83.608; -665.161; -456.711
508.413;  112.654; -758.167; -577.700
508.697;  259.279; -151.167;   12.300
508.980;  153.923; -422.153; -312.724
509.263;   -5.197; -466.155; -450.720
509.547;   35.972; -124.150;   82.271
509.830;   40.860; -172.160;  140.289
510.113;   80.801;  128.844;  298.281
510.396;   24.454; -530.152; -300.725
510.680;  165.718; -818.145; -812.738
510.963;  590.418;  184.846;  180.277
511.246;  515.530; -493.150; -357.730
511.529;  265.773; -482.145;  -83.739
511.812;  377.244; -250.134;   10.241
512.095;  288.741; -740.151; -396.728
512.378;   62.255; -317.147; -245.736
512.661;   28.215; -703.137; -623.753
512.944;   26.645; -750.142; -637.744
513.227;   72.662; -170.137; -171.752
513.510;   22.606; -479.144; -671.741
513.793;   30.112; -485.140; -435.747
514.076;  133.254;  -43.127;  -39.771
514.359;  114.189; -294.149; -135.732
514.642;   86.973; -442.142; -567.744
514.925;  749.911;  581.860;  561.253
515.208;  995.765; -498.134; -443.758
515.491;  651.004; -276.133; -182.761
515.773;  380.185; -410.143; -337.742
516.056; 2147.321;  249.864;  409.246
516.339; 2801.700; -754.136; -652.755
516.622; 1935.652; -518.150; -488.730
516.904; 1227.267;  882.857;  975.257
517.187;  577.361; -730.138; -523.752
517.470;  405.641; -568.143; -510.743
517.752;  445.278; -624.136; -470.756
518.035;  351.123; -708.139; -725.749
518.318;  381.650; -799.136; -744.755
518.600; 2473.333; -300.132; -325.762
518.883; 3333.373;  310.858;   88.256
519.165; 1627.803; -585.138; -426.751
519.448;  388.383;  -61.132;  -19.762
519.730;  193.836; -573.126; -415.773
520.013;  307.700;  588.867;  664.240
520.295;  803.121;  -94.134;  -15.759
520.578; 1822.096; -335.131; -305.764
520.860; 2017.458; -254.132;   56.238
521.143; 1057.505; -763.135; -584.756
521.425;  481.099; -251.125; -279.775
521.707;  690.004; -622.127; -380.771
521.990; 1817.330; -199.127;  167.229
522.272; 2054.164; -116.140;   -4.748
522.554;  925.811; -237.143; -157.742
522.836;  380.369;  -24.134;   99.241
523.119;  221.348; -496.148; -189.734
523.401;  152.353; -448.130; -314.766
523.683;   90.065; -865.137; -693.753
523.965;  279.559;  408.862;  260.248
524.247;  287.196;   54.878;  170.220
524.529;  196.496; -451.134; -367.759
524.812;  346.229;   -3.130;  191.234
525.094;  855.233; -773.138; -631.751
525.376; 1376.834; -143.124;   78.223
525.658;  836.622; -441.136; -339.754
525.940;   27.867; -805.131; -671.764
526.222;   44.076; -188.136;  -88.755
526.504;  117.190; -190.131;   32.237
526.786;  185.248; -960.133; -647.760
527.068;  301.264; -124.123;  -67.778
527.349;  114.819; -865.137; -774.754
527.631;  134.082; -137.132;   22.238
527.913;  130.253; -664.127; -450.771
528.195;  172.492; -761.125; -639.774
528.477;  266.841;  -93.134;  -30.758
528.759;  137.304; -648.130; -522.766
529.040;   58.838; -569.123; -293.778
529.322;   43.095; -235.125;  -10.774
529.604;  145.657;  -47.130;   93.233
529.886;  117.211; -546.126; -302.773
530.167;  121.098;  232.870;  192.235
530.449;   63.429;    1.853;   63.265
530.731;   15.095; -572.122; -459.779
531.012;   65.091; -513.120; -216.784
531.294;   79.530; -118.116;  -43.792
531.575;  160.749;  290.875;  538.225
531.857;   63.285; -548.135; -266.757
532.138;   99.582; -113.141;   40.254
532.420;  171.182;  294.865;  403.244
532.701;  234.001; -722.133; -751.760
532.983;  343.304;  232.867;  182.239
533.264;  119.509; -243.126;  175.228
533.546;  -38.199; -491.136; -508.755
533.827;   43.647;  173.867;   -1.759
534.109;   51.510; -352.135;  -80.757
534.390;   98.511; -725.132; -582.762
534.671;  234.356; -270.135;  -82.756
534.953;  139.041; -751.123; -611.779
535.234;   19.115; -426.117; -255.789
535.515;  -71.926; -891.119; -735.785
535.796;  -21.151; -431.128; -193.770
536.078; -117.242;-1050.124; -904.777
536.359;    3.191;  -22.123;    3.221
536.640;  -12.331; -480.125; -197.774
536.921;  159.287;  225.871;  143.232
537.202;  390.280;  -87.138;  -16.751
537.483;  466.795;  251.869;  377.236
537.764;  170.923;   17.870;   98.235
538.045;  -39.035; -543.134; -371.758
538.326;  -31.211; -596.129; -447.768
538.607;   16.430; -686.127; -476.771
538.888;  178.782;   98.879;    5.218
539.169;  191.701; -704.122; -535.781
539.450;  340.361;  236.871;   16.233
539.731;  224.136; -361.121; -182.783
540.012;  133.041;  199.880;  412.216
540.293;   79.653;   82.876;  158.224
540.574;  -10.024; -895.113; -717.796
540.855;  446.834;  435.879;  377.218
541.136;  535.899;   47.878;  139.220
541.416;  287.255; -161.130; -220.766
541.697;  213.216; -274.131; -170.763
541.978; 1069.634; -270.135; -315.757
542.259; 1323.280; -211.127; -236.771
542.539;  647.799; -191.116; -186.790
542.820;  193.399;  461.875;  480.225
543.101;  117.819;  -52.145;  -77.738
543.381;   32.105; -638.127; -591.771
543.662;  268.427;  159.873; -254.771
543.942;  574.975; -751.127; -830.770
544.223; 1058.350;  193.878;  161.219
544.504;  703.583; -275.124; -182.777
544.784;  599.636; -592.126; -408.773
545.065; 1670.578;  104.884; -254.791
545.345; 1972.074;  227.881;   14.215
545.626; 1313.200;  -14.113; -108.796
545.906;  884.323;   77.869;   98.235
546.186;  384.466;   92.874;  -95.773
546.467;  201.436;   99.877;  -95.778
546.747;  349.999;  264.884;  327.210
547.027;  381.631;   91.876;  111.223
547.308;  338.850; -376.127; -530.770
547.588;  403.414;  299.871;  371.232
547.868;  198.924;  458.870;  588.235
548.149;  205.710;  609.885;  593.207
548.429;  135.528; -347.127; -299.771
548.709;  199.815; -645.120; -461.784
548.989;  491.884;   84.882;   88.213
549.269; 2121.556;   10.868;  139.239
549.550; 4834.465;  215.877;  117.222
549.830; 4362.093; -758.111; -556.799
550.110;  884.676; -468.110; -320.801
550.390;  814.195; -128.122;  -56.779
550.670; 1133.621; -868.114; -783.795
550.950;  813.209; -509.121; -471.782
551.230;  191.155;  549.879;  460.218
551.510;   -1.842; -381.121; -326.782
551.790;   34.934; -173.109; -127.803
552.070;  262.310;  940.877; 1181.223
552.350;  425.403; -492.119; -377.786
552.630;  602.778;   -2.121;   77.219
552.909;  363.028;  181.884;   73.209
553.189;  238.513;  -49.132;   33.237
553.469;  178.953; -703.119; -514.786
553.749;  195.531; -469.127; -357.772
554.029;  164.469;   33.883;  -24.790
554.308;  147.464; -154.115;  -37.794
554.588;   63.823; -196.128; -204.770
554.868;   51.360; -366.121;  -47.782
555.147;  156.436; -114.115;  -46.793
555.427;  607.880; -260.116; -250.792
555.707; 3964.409; -284.115; -200.793
555.986; 4726.446; -719.111; -538.800
556.266; 2501.947;   23.884;   72.210
556.546;  122.783; -888.121; -675.782
556.825;  257.394; -657.114; -556.794
557.105; 1795.471; -125.128;   17.230
557.384; 2108.677;  122.884;  187.209
557.664;  840.605; -717.116; -508.792
557.943;  128.309; -557.121; -411.782
558.222;  181.512; -345.118; -344.788
558.502;  287.713; -116.115;  -76.793
558.781;  498.758;  194.885;  499.208
559.061;  425.312; -232.118; -227.788
559.340;  299.667;  302.883;  353.211
559.619;  715.722;   93.884;  148.210
559.899; 1042.444; -239.117; -266.789
560.178;  967.062; -778.115; -593.793
560.457; 3220.870; -623.117; -562.790
560.736; 4427.923; -472.111; -482.800
561.015; 2989.169; -500.128; -502.769
561.295;  398.228;  180.893;  215.193
561.574;  328.710;  119.885;  116.207
561.853;  494.438;  274.891;  303.197
562.132;  508.040;  -45.114;  182.206
562.411;  454.453;  396.879;  553.219
562.690;  146.933; -592.115; -458.792
562.969;  137.032;  472.888;  630.203
563.248;  529.576; 2966.878; 2487.219
563.527;  277.172; -290.111; -408.800
563.806;  394.528; -650.127; -521.771
564.085;  429.994; -297.105; -206.810
564.364;  247.147; -594.117; -405.790
564.643;  520.279; -276.121; -223.781
564.922; 1924.157;  221.890;  397.198
565.201; 1913.735; -640.109; -700.803
565.479;  833.982; -297.115; -219.792
565.758;  326.047; -810.128; -712.770
566.037;  473.786; -155.109; -100.803
566.316;  232.902; -286.116;  -28.791
566.595;   34.659;  -17.115;  -12.793
566.873;  106.849; -166.111;  -79.801
567.152;  -51.893; -490.113; -590.797
567.431;    4.698; -113.116;    6.210
567.709;   21.854; -344.107; -212.807
567.988;  244.493; -810.114; -769.794
568.266;  533.934; -160.115;  -68.793
568.545;  399.816; -644.100; -514.819
568.824;  579.006;  160.885;  356.208
569.102;  560.318; -351.114; -235.794
569.381;  219.330; -492.116; -407.792
569.659;  -42.297; -553.113; -553.796
569.938;   37.474; -743.122; -465.780
570.216;  118.264; -225.109; -225.804
570.494;  -33.954; -632.114; -572.795
570.773;   42.332;  202.879;  114.218
571.051;   10.288; -373.123; -357.778
571.330;   66.976; -221.113; -174.796
571.608;   45.409; -181.098; -173.823
571.886;  -55.934; -671.111; -581.799
572.164;  -74.940; -739.121; -621.782
572.443;  -39.353; -562.105; -512.811
572.721;  -32.855; -399.117; -289.790
572.999;  -41.161; -280.117; -168.788
573.277;   95.616;  379.894;  620.191
573.555;  279.668;   94.894;   37.190
573.834; 1348.263;  -86.117; -114.788
574.112; 1579.256;  880.893;  811.193
574.390;  488.073; -143.111;  -96.801
574.668;    8.208;  -91.112;  -61.797
574.946;  -10.732; -165.106; -187.810
575.224;   16.860;   71.891;  -16.803
575.502;  -13.000; -200.116; -204.791
575.780;  -82.816; -767.112; -829.798
576.058;  201.672; 1589.889; 1004.200
576.336;  -24.897; -210.110; -129.801
576.614;  -47.966; -511.112; -340.798
576.891;   51.539; -711.115; -823.794
577.169;  494.722; -158.108; -285.805
577.447;  583.680;  169.893;  202.193
577.725;  278.414;  629.888;  854.201
578.003;   19.787;  -71.112; -371.798
578.280;   91.356; -208.104; -242.812
578.558;   66.488; -450.115; -422.793
578.836;  126.846; -210.114; -145.795
579.114;   33.357; -630.112; -670.797
579.391;   66.865;   -6.117;  -18.789
579.669;  -72.785; -595.114; -704.794
579.947;  183.852; -326.107; -127.806
580.224;  314.252; -692.107; -524.806
580.502;  325.481;  127.893;   76.193
580.779;   34.871;  -42.117;   75.210
581.057;  -59.486; -584.109; -470.804
581.334;  -99.629; -726.102; -695.815
581.612;   54.819;   54.895;  511.190
581.889;  -24.765;  -83.101; -129.818
582.167;  -35.326; -298.099; -190.821
582.444; -102.996; -845.102; -814.817
582.721;  107.380;  657.899;  715.183
582.999;   64.221; -326.100; -167.821
583.276;  546.493; -812.123; -713.779
583.553;  731.549; -364.102; -294.816
583.831;  256.253; -607.104; -631.812
584.108;   66.145;  349.892;  174.195
584.385;   12.721; -122.102;  -98.815
584.662;  -72.976; -651.111; -828.801
584.940;   38.524;  204.889;  204.199
585.217;   -5.772;  -73.113; -303.796
585.494;   48.258;   71.890;  118.198
585.771;  213.965; -250.109; -354.804
586.048;  500.977; -196.113;  -76.796
586.325;  321.027; -721.110; -773.801
586.602;   92.807;  230.896;  213.188
586.879;  -16.282; -499.100; -580.820
587.156;   67.820; -156.105; -331.810
587.433;  -40.898; -701.102; -667.817
587.710;   74.935;  152.888;  234.202
587.987;  308.125; -264.105; -236.811
588.264;  792.111;  315.888;  387.202
588.541; 1379.334;  -61.104;   26.187
588.818; 2691.217;   72.892;  171.196
589.095; 2293.780; -163.104; -174.812
589.371;  391.938; -459.109; -414.804
589.648;    4.331; -581.107; -437.807
589.925;   14.997; -517.114; -621.795
590.202;    5.334; -741.112; -607.798
590.478;   99.677; -166.105;  -73.811
590.755;  276.373; -241.108; -132.806
591.032; 2487.504; -741.110; -699.802
591.308; 3425.624; -732.094; -790.831
591.585; 1804.229; -573.110; -560.802
591.862;  156.779;-1056.102; -950.817
592.138;   74.071; -475.108; -474.805
592.415;  147.808; -486.104; -495.813
592.691; 1479.155;  460.896;  518.188
592.968; 1890.511; -208.098; -123.824
593.244;  916.248; -695.116; -595.790
593.521;   69.679; -105.102;  -42.817
593.797;  -11.429; -810.122; -720.780
594.074;  339.098; -611.096; -588.826
594.350;  662.485;  828.905;  729.172
594.626;  307.399; -303.111; -283.801
594.903;  113.204; -643.101; -645.817
595.179;  196.186;  243.896;  418.187
595.455;   13.532; -136.107; -150.807
595.731;    6.538;  -19.103;  -38.814
596.008;  -39.656; -464.111; -434.800
596.284;   41.795; -187.100; -242.820
596.560;   66.130; -501.093; -493.833
596.836;  179.397; -173.105;  -70.810
597.112;  350.222; -582.108; -437.805
597.388;  279.096;  -49.097;  -48.826
597.665;  105.755;  437.887;  530.203
597.941;  -75.190; -572.089; -658.839
598.217;   15.382; -323.110; -293.802
598.493;  266.917;   61.891; -204.804
598.769;  493.089; -175.100;  -50.819
599.045;  316.400; -490.108; -562.806
599.321;   53.444; -193.100; -261.820
599.597;  146.691; -355.109; -476.804
599.872;  489.884;  409.896;  429.187
600.148;  388.423;  -61.097; -172.826
600.424;  298.930;   91.893;  202.193
600.700;  261.732; -170.107; -280.807
600.976;  115.217; -442.097; -464.825
601.252;  233.263; -226.109; -272.803
601.527;  212.060; -833.104; -840.813
601.803;  147.177; -453.105; -404.812
602.079;  186.814; -124.100; -118.819
602.354;  566.440; -620.092; -531.835
602.630;  814.378; -140.113; -482.796
602.906; 2382.460; -910.101; -863.818
603.181; 6700.728; -627.119; -534.786
603.457; 5692.445;   98.903; -278.826
603.733;  854.037; -605.120; -626.783
604.008; 1001.244; -245.106; -164.810
604.284; 3082.431; -636.101; -580.817
604.559; 2674.438;   -3.112;  -42.799
604.835;  488.622; -163.105; -225.810
605.110;  429.124; -732.099; -892.821
605.385;  697.108;  224.907;  267.167
605.661;  656.987; -625.095; -729.829
605.936; 1180.475; -664.108; -737.806
606.211; 1027.095;  -17.103; -170.815
606.487;  199.242; -329.114; -376.794
606.762;   26.278; -791.119; -745.786
607.037;  -12.503; -501.105; -433.810
607.313;  -51.094; -589.096; -574.828
607.588;    6.043; -375.106; -137.810
607.863;   46.934;  -28.101; -143.818
608.138;  164.881;  513.890;  516.198
608.413;   29.753; -576.099; -592.822
608.688;   53.046; -203.108; -267.805
608.964;  193.412; -509.106; -218.809
609.239;  252.419; -107.105; -212.810
609.514;  261.052;  281.895;  240.188
609.789;  647.156; -187.104; -716.812
610.064;  875.954; -435.096; -609.827
610.339;  876.588; -855.109; -799.804
610.614; 1185.244; -131.100; -315.820
610.889;  683.227;  215.895;  107.188
611.163;   45.403; -407.104; -591.812
611.438;   74.818;   81.886; -167.794
611.713;    0.931; -467.101; -499.817
611.988;   52.058; -144.101; -328.818
612.263;  -22.629; -771.102; -717.815
612.538;  223.152;  385.887;  251.204
612.812;  176.371; -832.100; -911.820
613.087;  129.983; -358.098; -338.823
613.362;  -49.193; -497.107; -557.807
613.637;   49.066;  261.897;  138.186
613.911;  -19.159; -256.092; -345.835
614.186;  125.180; -249.107; -292.807
614.460;  684.035; -842.081; -758.854
614.735;  786.283;  -55.087;  -17.843
615.010;  160.373;   43.912;  -82.841
615.284;  256.746;  360.892;  246.195
615.559;  375.815; -792.092; -955.835
615.833;  296.026;  -76.099;  -87.822
616.108;   12.502; -225.090; -390.837
616.382;  147.885;  274.913;  402.156
616.656;  168.402; -241.090; -232.837
616.931;  511.502; -785.099; -700.822
617.205; 1086.911; -973.104; -979.813
617.480; 1006.122;  -91.125;    6.225
617.754;  165.170; -396.125; -128.774
618.028;   17.415; -369.129; -382.768
618.302;   48.594;   73.892;  -25.805
618.577;  -63.008; -371.103; -518.815
618.851;  -61.815; -399.109; -600.803
619.125;  -45.779; -335.134; -378.759
619.399;  -36.664; -244.104; -374.813
619.673;  -48.619; -330.115; -515.792
619.947;  -44.604; -333.114; -448.795
620.222;  -15.475; -198.110; -204.801
620.496;   -4.991;  -47.121;  -96.782
620.770;   21.901; -187.122;  -93.781
621.044;  219.395;  323.895;  346.190
621.318;  762.862; -653.120; -614.783
621.592;  662.960; -430.121; -409.783
621.866;  347.739; -476.112; -572.799
622.140;   29.775; -207.116; -356.791
622.413;   75.469;  138.889;  112.200
622.687;  -49.344; -746.101; -492.817
622.961;    5.794; -130.108; -143.805
623.235;  -53.206; -633.111; -661.800
623.509; -103.423; -816.105; -848.811
623.783;    5.253;  -12.107;   48.193
624.056;  -21.662; -254.120; -280.783
624.330;   55.583;   63.888;   -3.797
624.604;   45.622; -271.116; -355.790
624.877;   56.880;  180.890;   26.198
625.151;   35.416; -249.114; -238.794
625.425;  -37.462; -150.103; -283.814
625.698;  -65.627; -367.119; -374.785
625.972; -102.018; -799.110; -765.802
626.245;   77.299;  685.884;  484.210
626.519;  -58.333; -426.120; -340.784
626.792;  -22.593; -192.107; -380.807
627.066;  -84.006; -485.122; -662.779
627.339;  -99.247; -736.110; -663.802
627.613;   34.291;  351.880;  148.216
627.886;  -65.241;  187.891; -612.803
628.160;  -11.088;  312.880; -161.783
628.433;  -95.150; -695.125; -703.775
628.706;  -80.383; -517.120; -615.784
628.979;   22.432;  296.876;  117.223
629.253;  -84.723; -785.119; -833.786
629.526;  369.509; -334.126; -253.772
629.799;  349.414; -641.123; -479.778
630.072;  154.117; -497.128; -516.769
630.346;  -63.801;-1115.116;-1080.790
630.619;  449.783; -467.107; -545.808
630.892;  613.470;  709.889;  593.200
631.165;  342.561;  790.896;  679.187
631.438;  -99.089;-1092.112;-1055.798
631.711;   53.667;  453.877;  257.221
631.984;  -48.056; -523.117; -624.789
632.257;  -69.685; -636.117; -681.789
632.530;  -57.352; -412.119; -433.785
632.803;   21.864; -109.115;    7.207
633.076;  -63.540; -360.123; -422.777
633.349;    1.846;  173.872;  121.231
633.622;  -37.353; -187.119; -240.785
633.895; -121.387; -903.120; -823.783
634.167;  -77.563; -496.126; -525.773
634.440;  -10.195;  -19.116; -137.792
634.713;    5.551;  -22.119; -120.786
634.986;   89.736;  593.871;  453.233
635.258;  -64.938; -507.115; -597.793
635.531;  107.436;  742.882; -343.788
635.804;  -33.307; -303.117; -318.789
636.077;  -98.774; -830.116; -852.791
636.349;  -12.565; -586.115; -474.793
636.622;  400.084; 1695.874; 1392.228
636.894;  236.093; -474.120; -909.784
637.167;  148.403; -836.127; -789.771
637.439;   29.749; -278.128; -213.770
637.712;  -51.440; -312.126; -293.772
637.984;  -73.623; -635.116; -707.791
638.257;  386.136;  515.877;  488.222
638.529;  551.501; -881.125; -924.776
638.802;  253.741; -508.128; -449.769
639.074; -105.475; -927.122; -952.781
639.346; -125.288; -942.135; -930.757
639.619;   -8.928;  -79.142; -319.744
639.891;    5.419;  -83.122; -168.779
640.163;  -81.304; -689.122; -756.780
640.435;   33.873;  273.878;  103.220
640.708;    4.399;  -72.122; -132.780
640.980;  -12.974; -366.122; -362.781
641.252;  199.478;  -25.121;  -71.781
641.524; 1828.980;  580.879;  573.219
641.796; 1780.182;-1094.121; -907.782
642.068;  322.534; -191.121; -300.782
642.340;  -51.790; -486.121; -566.783
642.613;   42.237;  294.880;  323.217
642.885; -100.961; -787.120; -878.783
643.157;  -49.309; -810.120; -658.784
643.428;   53.668;  170.880;  218.216
643.700;  -79.105; -498.120; -425.784
643.972;  -36.829;  -16.119; -133.785
644.244;  -92.977; -474.119; -559.785
644.516;  -37.375; -250.119; -114.786
644.788;   59.702;  662.881;  548.214
645.060;  -21.521;  -12.119; -124.786
645.332; -111.269; -525.118; -535.787
645.603;   38.507;  479.882;  342.213
645.875;  -68.166; -334.118; -369.787
646.147;  166.536; 1487.882; 1242.212
646.418;  -74.087; -931.117; -918.788
646.690;  141.540; -714.117; -715.789
646.962;   45.417; -413.117; -451.789
647.233;   -8.182;   15.883;   11.211
647.505; -105.630; -595.117; -475.790
647.776;   18.272;  328.884;  229.210
648.048;   -2.301; -248.116; -418.790
648.320;  -72.599; -752.116; -679.791
648.591; -163.147;-1055.116; -958.791
648.862;  -86.821; -505.116; -577.792
649.134;    6.681;  115.885;  198.208
649.405;  -46.742; -661.115; -618.792
649.677;  -49.740; -475.115; -598.793
649.948;  -10.688; -181.115; -296.793
650.219;   -7.736;  -37.115; -147.793
650.491;  -89.835; -431.114; -520.794
650.762; -117.158; -705.114; -731.794
651.033;  -73.556; -437.114; -424.795
651.304; -103.929; -743.114; -728.795
651.576;  -73.052; -680.114; -645.795
651.847;  -45.675; -250.113; -140.796
652.118;  -22.099;  -32.113; -189.796
652.389;  -97.872; -639.113; -722.796
652.660;  -28.945; -147.113;  -89.797
652.931; -137.393; -897.112; -871.797
653.202;  -78.641; -382.112; -541.798
653.473;  -66.339; -633.112; -533.798
653.744;  156.662; -595.112; -590.798
654.015;  135.864; -356.112; -303.799
654.286;  -66.409; -642.111; -663.799
654.557;  -53.132; -586.111; -521.799
654.828; -171.255;-1114.111;-1088.800
655.099;  -71.478; -404.111; -291.800
655.370;  -99.327; -427.111; -543.801
655.641; -122.475; -656.110; -714.801
655.911; -108.948; -618.110; -638.801
656.182;   62.104;  437.890;  387.198
656.453;   86.981;  830.890;  746.198
656.724;  -77.967; -466.110; -426.802
656.994;  -84.591; -553.109; -568.803
657.265; -103.389; -862.109; -873.803
657.536;  -82.512; -500.109; -377.804
657.806; -106.960; -561.109; -593.804
658.077; -128.483; -866.109; -950.804
658.347; -100.956; -523.108; -598.805
658.618; -109.579; -646.108; -694.805
658.888;  -22.478;  -41.108;  112.195
659.159;  -76.376; -432.108; -548.806
659.429;  -15.424; -292.108; -349.806
659.700;   12.203; -435.107; -390.807
659.970;   -0.020; -370.107; -359.807
660.241;   20.132; -754.107; -921.807
660.511;  501.333; -147.107; -174.808
660.781;  101.135; -793.106; -748.808
661.052;  -38.338; -222.106; -381.808
661.322;  -24.786;   21.894;   -9.809
661.592;   16.316;  257.894;  148.191
661.862;  -82.307; -369.106; -382.810
662.133;  -92.781; -551.105; -502.810
662.403; -116.979; -770.105; -676.810
662.673;  -55.377; -256.105; -213.811
662.943;  -97.725; -612.105; -551.811
663.213;   -7.573;  -85.105;  -81.811
663.483;  -87.421; -593.104; -568.812
663.753;  -40.820; -194.104; -152.812
664.023;  -10.768;   68.896;  -32.813
664.293;  -66.441; -319.104; -126.813
664.563; -102.889; -694.104; -648.813
664.833; -121.237; -743.103; -608.814
665.103; -122.985; -730.103; -793.814
665.373; -104.984; -766.103; -806.814
665.643;  -80.582; -863.103; -918.815
665.913;   35.520; -534.103; -714.815
666.182;  139.197; -685.102; -719.816
666.452;  279.749;  -22.102;  -89.816
666.722;  -39.749; -724.102; -784.816
666.992; -121.048; -948.102; -921.817
667.261; -111.471; -824.102; -808.817
667.531;  210.806;  134.899;   45.183
667.801;  543.083; -440.101; -412.818
668.070;  229.585;  714.899;  697.182
668.340;  -99.638; -883.101; -840.819
668.609;   94.963;  588.900;  301.181
668.879;  -66.035; -490.100; -558.819
669.149;  -75.008; -539.100; -516.820
669.418; -113.181; -698.100; -726.820
669.688;  -28.754; -482.100; -666.820
669.957;   65.323; -423.099; -546.821
670.226;  -30.326; -268.099; -331.821
670.496;  -92.849; -431.099; -635.822
670.765;  -82.572; -418.099; -501.822
671.034; -144.170; -872.099; -828.822
671.304;  -19.043;   55.902; -111.823
671.573; -156.316;-1085.098; -957.823
671.842;   84.610; -380.098; -294.823
672.112;   32.012; -692.098; -586.824
672.381;   -0.361; -239.098; -214.824
672.650; -140.334;-1005.097;-1021.825
672.919;  -86.682; -631.097; -507.825
673.188; -106.530; -681.097; -878.825
673.457; -150.879;-1101.097;-1143.826
673.726;  -80.927; -579.096; -646.826
673.995;  -50.625; -533.096; -479.826
674.265;   -7.548; -263.096; -333.827
674.534;   -4.496; -183.096; -235.827
674.802;    3.831; -618.096; -703.828
675.071; 1029.857; -886.095; -801.828
675.340; 3875.559; -464.095; -339.828
675.609; 1304.811;  103.905;   82.171
675.878;   72.138; -949.095; -893.829
676.147;   55.740;  -26.095;   -8.829
676.416;  102.817; -210.094; -294.830
676.685;  749.843; 1000.906; -622.830
676.953;  118.620; -603.094; -452.831
677.222;  -39.403; -193.094; -273.831
677.491;  -13.926;  -24.094; -127.831
677.759;   -5.324;   11.907;  172.168
678.028;  -29.072; -279.093; -222.832
678.297;   -2.546;   71.907;  197.168
678.565; -151.869; -898.093; -944.833
678.834;  -55.842; -311.093; -268.833
679.102;  -81.440; -411.092; -391.834
679.371; -141.538; -898.092; -727.834
679.639; -146.461; -797.092; -786.834
679.908; -108.084; -794.092; -724.835
680.176; -150.483; -895.091; -941.835
680.445;  -71.556; -346.091; -352.835
680.713;  -28.504;  -58.091;  -23.836
680.982; -103.377; -523.091; -525.836
681.250; -104.700; -578.091; -507.837
681.518; -107.048; -534.090; -751.837
681.787;  -10.322; -204.090; -167.837
682.055;  -76.445; -490.090; -422.838
682.323; -142.643; -993.090; -992.838
682.591;   10.884; -216.090; -538.838
682.859;   82.336;    9.911;  -35.839
683.128;   16.113;  232.911;  497.161
683.396; -169.561;-1102.089;-1122.840
683.664;  -37.459; -241.089;   21.160
683.932;   -8.757;  144.911;  -76.840
684.200;  -88.480; -576.088; -320.841
684.468;  -10.028;  -73.088; -124.841
684.736;  -32.076; -214.088; -175.841
685.004; -112.575;-1024.088; -982.842
685.272;  -56.273; -880.088; -774.842
685.540;  -63.646; -499.087; -557.843
685.808;  -86.944; -651.087; -682.843
686.076; -110.917; -894.087; -969.843
686.343;  -66.740; -601.087; -815.844
686.611;   37.111; -195.087; -224.844
686.879;  491.313; -530.086; -553.844
687.147; 3311.790; -483.086; -480.845
687.414;  939.267;  -12.086; -169.845
687.682;    6.044; -658.086; -757.846
687.950;  295.221;  259.915;  263.154
688.217;   11.297; -792.085; -760.846
688.485;    5.824; -632.085; -636.847
688.753;  533.876;  -11.085; -102.847
689.020;  152.378; -820.085; -851.847
689.288;  -97.145; -853.084; -787.848
689.555;  -24.218; -195.084; -148.848
689.823;  -43.717; -241.084; -345.849
690.090;  -84.790; -546.084; -651.849
690.358; -159.913; -877.084; -897.849
690.625;   21.364;  120.917;   45.150
690.892;  -83.634; -403.083; -369.850
691.160;  -21.857;   72.917;  -35.850
691.427;   -7.606;  141.917;  130.149
691.694; -131.929; -855.083; -929.851
691.962; -142.027;-1177.082;-1060.852
692.229;    6.000;  127.918;   56.148
692.496;   89.777;  130.918;  -49.852
692.763;   24.279; -164.082; -201.853
693.031;  -72.645; -739.082; -716.853
693.298;  -50.443; -509.081; -368.853
693.565;  313.909; -155.081; -163.854
693.832; 1271.836;   -5.081;   -9.854
694.099;  145.713; -643.081; -642.855
694.366;  -72.410; -882.081; -896.855
694.633;  -61.509; -920.080; -633.855
694.900;  786.043; 4367.920; -114.856
695.167;  418.770; -214.080; -380.856
695.434;   85.022; -646.080; -623.856
695.701;  186.999;  121.921;  -61.857
695.968;  469.026; -365.079; -361.857
696.234; 1049.152; -415.079; -646.858
696.501;10499.004; -776.079; -614.858
696.768; 5142.706; -554.079; -617.858
697.035;  314.933; -632.078; -667.859
697.302;   28.235; -448.078; -552.859
697.568;   10.437; -458.078; -497.859
697.835;  -40.512; -683.078; -624.860
698.102;  -28.610; -498.078; -407.860
698.368;   71.667;  384.923;  396.139
698.635;  -31.656;  -47.077; -424.861
698.901;  -29.179; -240.077; -348.861
699.168;   66.573; -534.077; -456.862
699.435;   74.600;  -72.077;  -13.862
699.701; -109.624; -868.076; -764.862
699.968;  -54.122;  144.924; -441.863
700.234; -107.720; -783.076; -822.863
700.500;  -66.518; -448.076; -539.864
700.767;    3.084;   -1.075;   26.136
701.033; -141.989;-1015.075; -963.864
701.299;  -56.363; -450.075; -483.865
701.566;  124.339;  950.925;  763.135
701.832;   24.516;  -31.075;  -76.865
702.098; -100.632;-1054.074;-1034.866
702.365;  -81.430;-1098.074;-1030.866
702.631;  -35.628;-1038.074;-1063.867
702.897; 1392.698; -765.074; -676.867
703.163; 2227.375;  348.926;  254.133
703.429;  164.602; -256.073; -273.868
703.695;  -36.346; -796.073; -792.868
703.961;   15.981; -214.073; -210.868
704.227;  -60.367; -630.073; -725.869
704.493;  127.684;  613.927;  510.131
704.759;  -37.964; -565.072; -540.870
705.025;   34.438; -203.072; -194.870
705.291;   -7.035; -666.072; -562.870
705.557;  203.242;  719.928;   34.129
705.823;   28.219; -742.072; -694.871
706.089;  137.420; -307.071; -326.871
706.355;  370.422; -315.071; -244.872
706.620; 5668.599; -776.071; -729.872
706.886; 7684.601; -309.071; -362.873
707.152;  718.753; -818.070; -973.873
707.418;  -28.420;-1153.070;-1186.873
707.683;   -4.144; -550.070; -530.874
707.949;  -43.842; -547.070; -578.874
708.215;   -4.615; -129.070; -207.874
708.480;  -15.513; -520.069; -420.875
708.746;   93.089;   68.931;   28.125
709.011;  -65.709; -578.069; -612.876
709.277;  -81.758; -538.069; -543.876
709.542;  -72.206; -428.069; -387.876
709.808;   -2.829;  -59.068;   89.123
710.073;  -90.427; -577.068; -695.877
710.339;  -27.600; -242.068; -228.877
710.604;   67.252; -780.068; -845.878
710.869;  318.828; -277.068; -366.878
711.135;  -74.420; -715.067; -628.879
711.400;  -91.118; -507.067; -608.879
711.665;  -70.266; -404.067; -479.879
711.931;  -87.264; -661.067; -677.880
712.196; -126.062; -876.067; -954.880
712.461;  105.664; -402.066; -490.880
712.726;  140.591; -727.066; -771.881
712.991;  -92.582; -647.066; -664.881
713.256;  -54.955; -350.066; -332.882
713.521;  -66.703; -417.065; -381.882
713.787;  -68.276; -454.065; -472.882
714.052;  -35.600; -214.065; -400.883
714.317;  -87.498;-1045.065; -981.883
714.581; 1067.529; -374.065; -268.883
714.846; 1377.831; -822.064; -888.884
715.111;  134.808;  261.936;  257.116
715.376;  -28.665;  -86.064; -223.885
715.641;  -20.414; -365.064; -367.885
715.906;  285.113;   15.936; -551.885
716.171;  130.065;  221.937;  209.114
716.436;   30.517;  -78.063; -104.886
716.700; -102.431; -818.063; -692.886
716.965; -119.929; -794.063; -807.887
717.230;  -79.803; -339.063; -392.887
717.494;  -24.401;  -40.062; -134.888
717.759;  -87.524; -784.062; -640.888
718.024;    7.753;  269.938;  250.112
718.288;   75.355;  685.938;  395.111
718.553; -150.143; -803.062; -977.889
718.817; -135.241; -883.061; -899.889
719.082;  -28.765; -115.061; -125.890
719.346; -148.213;-1000.061; -947.890
719.611;  -43.886; -300.061; -255.891
719.875; -101.759; -568.060; -537.891
720.140;  -71.432; -453.060; -603.891
720.404;   36.745; -136.060; -249.892
720.668;  878.396; -475.060; -411.892
720.933;  321.398;  146.940;  137.108
721.197;  -94.725; -667.059; -600.893
721.461; -146.248; -851.059; -826.893
721.725;    3.329;  -21.059; -250.894
721.990;  -64.619; -284.059; -204.894
722.254;  -22.443;  -26.059; -108.894
722.518;  -77.741; -286.058; -442.895
722.782;  -91.564; -743.058; -594.895
723.046;  117.688;  614.942;  570.105
723.310;   27.115;  374.942;  210.104
723.574;  -97.433; -654.058; -614.896
723.838; -100.357; -576.057; -642.897
724.102;  -51.830; -226.057; -239.897
724.366; -130.578;-1032.057; -978.897
724.630; -113.776; -749.057; -571.898
724.894;  -81.174; -722.057; -514.898
725.158;  -10.447;   38.944; -295.898
725.422;  -53.146; -394.056; -327.899
725.685;  -63.569; -441.056; -349.899
725.949;  -86.167; -566.056; -519.900
726.213;  -72.790; -732.056; -811.900
726.477;  177.762;-1020.055; -933.900
726.740;  152.664; -274.055; -104.901
727.004;  351.540; -384.055; -510.901
727.268; 3324.992; -442.055; -400.901
727.531;  876.644; -961.055; -775.902
727.795;  -45.904; -713.054; -673.902
728.059;  -79.627; -552.054; -557.903
728.322;  -83.725; -841.054; -669.903
728.586;   22.876; -692.054; -701.903
728.849;  -92.622; -695.053; -756.904
729.112; -112.620; -812.053; -912.904
729.376; -112.068; -959.053; -905.904
729.639;  -76.116; -536.053; -536.905
729.903; -108.639; -733.053; -699.905
730.166;  -52.913; -437.052; -399.906
730.429;  -23.761; -317.052; -468.906
730.693;  -70.959; -355.052; -894.906
730.956;  208.643;  810.948;  651.093
731.219;  707.270; -310.052; -103.907
731.482;  127.322;-1003.051; -894.907
731.745;   99.023; -794.051; -935.908
732.009;   21.275;  -30.051;   50.092
732.272;  -97.973; -904.051; -771.909
732.535;  -46.046; -300.051; -310.909
732.798; -155.569;-1083.050;-1166.909
733.061;  -65.042; -430.050; -456.910
733.324;    1.334;   31.950; -180.910
733.587;   68.136;  290.950;  365.090
733.850;  -69.312; -973.049;-1050.911
734.113;   20.565;   33.951;   32.089
734.376;   -4.958; -328.049; -447.912
734.639;  220.994; 1188.951; 1011.088
734.901;   82.670; -180.049; -402.912
735.164;  538.597; -883.048; -837.913
735.427; 1286.674; -166.048; -355.913
735.690;  127.426; -205.048; -234.913
735.952;  -36.622; -923.048; -925.914
736.215;  -18.445;-1113.048;-1009.914
736.478;   39.956; -771.047; -774.915
736.740;  212.458;   33.953;  129.085
737.003;  727.610; -658.047; -672.915
737.266; 4075.787;  -94.047;   46.084
737.528;  431.764; -682.047; -660.916
737.791;  298.916; -316.046; -327.916
738.053;  825.743;  465.954;  649.083
738.316;11231.944; -162.046; -136.917
738.578; 7450.296; -770.046; -736.918
738.841;  450.098; -382.046; -446.918
739.103;  181.875; -875.045; -777.918
739.365;  509.327;   79.955;  -69.919
739.628;   -7.821; -884.045; -805.919
739.890;  -18.795; -758.045; -710.919
740.152;  -45.543; -692.044; -754.920
740.414;   -7.766; -408.044; -359.920
740.677;  -47.289; -785.044; -634.921
740.939;  -50.812; -587.044; -487.921
741.201;  282.240; -432.044; -572.921
741.463;   25.891; -689.043; -745.922
741.725;   22.643;  -21.043; -199.922
741.987;   55.070;  220.957;  116.078
742.249;   -4.103; -751.043; -859.923
742.511;  231.524; -703.043; -794.923
742.773;   10.126; -546.042; -546.924
743.035;  123.227;  796.958;  533.076
743.297;  -44.171; -963.042;-1013.924
743.559;  740.406; -278.042; -262.925
743.821;   61.833; -735.042; -744.925
744.083;    4.285;  -44.041; -149.925
744.345;  -93.388; -869.041; -892.926
744.607;   46.763;   75.959;  122.074
744.868;  -62.985; -490.041; -554.927
745.130; -129.158; -994.041;-1008.927
745.392;   49.769;   -1.040;  -44.927
745.653;   -7.654; -411.040; -378.928
745.915;  143.673;  896.960;  631.072
746.177;   52.324;   35.960;  -43.928
746.438;   -4.099; -428.040; -543.929
746.700;  -51.447; -947.039; -988.929
746.961;   -1.045; -659.039; -740.930
747.223;  153.407; -190.039;  -74.930
747.484;   76.809; -391.039; -471.930
747.746;  156.460;  -23.038; -106.931
748.007;  115.512; -647.038; -689.931
748.269;  319.664; -468.038; -440.931
748.530;  472.066; -852.038; -638.932
748.791;  259.418; -354.038; -420.932
749.053;  448.520;  286.963;  163.067
749.314;  470.271; -236.037; -169.933
749.575;  518.873; -945.037; -905.933
749.836;  856.100; -217.037;   86.066
750.098; 2585.877;  -60.037;  -21.934
750.359;37347.679;  414.964;  555.066
750.620; 9008.356; -121.036; -220.935
750.881; 1048.832; -585.036; -513.935
751.142; 1394.934; -950.036; -938.936
751.403;17235.636; -789.036; -705.936
751.664; 7144.463;-1034.035; -999.936
751.925;  488.615; -175.035; -262.937
752.186;  277.042; -298.035; -278.937
752.447;  137.693; -590.035; -445.937
752.708;   46.370; -532.035; -648.938
752.969;   11.172; -566.034; -576.938
753.230;   -8.451; -777.034; -672.939
753.491;   -6.874; -650.034; -631.939
753.751;   57.203;  109.966;   19.061
754.012;   95.629;  258.967;  181.060
754.273;   60.706; -174.033;  -71.940
754.534;    7.033; -487.033; -580.940
754.794;  -72.140; -926.033; -911.941
755.055;  147.737; 1051.967;  881.059
755.316;  -37.086; -700.032; -566.942
755.576;  -17.835; -606.032; -576.942
755.837;  -43.683; -527.032; -695.942
756.097;  -45.706; -530.032; -564.943
756.358;  -62.779; -725.032; -770.943
756.618;  -62.902; -705.031; -641.943
756.879;   -3.825; -254.031; -349.944
757.139; -131.824;-1098.031;-1116.944
757.400;  -44.247; -538.031; -553.945
757.660;  -14.520; -365.031; -401.945
757.920;   18.632; -266.030; -228.945
758.181;  -13.716; -468.030; -351.946
758.441;  -93.364; -870.030; -809.946
758.701;  -35.162; -308.030; -215.946
758.961;   -8.261; -220.030; -278.947
759.222;  -48.284; -574.029; -502.947
759.482;  -85.332; -683.029; -723.948
759.742;  -93.655; -706.029; -547.948
760.002;   13.872;  -83.029; -143.948
760.262;   25.149;   50.972;  182.051
760.522;  -45.975; -498.028; -574.949
760.782;  -51.848; -738.028; -612.949
761.042;  -34.571; -618.028; -573.950
761.302;   45.681;   55.972;  -18.950
761.562;   53.233; -164.027; -154.951
761.822;   72.010; -710.027; -551.951
762.082;  -43.089;-1104.027;-1093.951
762.342;   71.613; -328.027; -403.952
762.601;   82.540; -567.027; -506.952
762.861;  362.092; -281.026; -207.952
763.121;  421.969; -406.026; -411.953
763.381; 7751.496; -499.026; -485.953
763.640; 7949.972; -139.026; -307.954
763.900;  351.074; -242.026; -203.954
764.160;   70.126; -458.025; -491.954
764.419;  -16.597; -726.025; -782.955
764.679;  -77.070; -795.025; -726.955
764.939;   -5.268; -124.025; -210.955
765.198;  -71.292; -608.025; -563.956
765.458;  -78.590; -710.024; -612.956
765.717;  -81.563; -454.024; -590.957
765.976;  -64.311; -428.024; -411.957
766.236;  -63.584; -475.024; -610.957
766.495;   18.693;  260.977;   73.042
766.755;  -89.631;-1090.023; -987.958
767.014;   17.121; -594.023; -665.958
767.273;  -53.227; -373.023; -397.959
767.533;  -48.550; -228.023; -307.959
767.792;  -50.423; -151.022; -188.960
768.051;  -56.146; -228.022; -276.960
768.310;  -83.520; -546.022; -650.960
768.569;   -2.743; -161.022;    4.039
768.828;  -19.291; -285.022; -363.961
769.088; -114.314;-1050.021; -942.961
769.347;  -83.712; -755.021; -599.962
769.606;  -96.360; -876.021; -857.962
769.865; -119.609;-1016.021;-1033.963
770.124;  -16.032; -411.021; -336.963
770.383;  -47.480; -778.020; -910.963
770.641;   -0.003; -398.020; -400.964
770.900;  -70.676; -953.020; -846.964
771.159;  -49.074; -851.020; -951.964
771.418;  -24.673; -917.020; -779.965
771.677;  132.929; -224.019; -293.965
771.936;  146.981; -794.019; -865.966
772.194; 2360.608; -465.019; -437.966
772.453;10989.710; -213.019; -391.966
772.712;  734.612;  416.982;  329.033
772.970;  117.913;   32.982;   63.033
773.229;   91.690;  -22.018;  102.033
773.488;  -89.708; -814.018; -770.968
773.746;   51.644;  296.982;  335.032
774.005;   -5.379;  190.983;  -22.969
774.263;   -2.552;  243.983;  177.031
774.522;  -86.951; -422.017; -548.969
774.780;  -80.224; -484.017; -417.970
775.039;  -90.672; -551.017; -531.970
775.297;  -28.145; -135.016; -351.970
775.555; -111.143; -489.016; -612.971
775.814; -121.191; -618.016; -570.971
776.072; -123.965; -749.016; -740.971
776.330; -105.513; -630.016; -520.972
776.589; -125.836; -703.015; -721.972
776.847; -124.209; -645.015; -624.973
777.105; -163.057;-1016.015;-1032.973
777.363;  -89.455; -459.015; -454.973
777.621; -138.478; -660.015; -717.974
777.879;  -16.477;  -42.014;   32.026
778.138;  -95.600; -554.014; -717.974
778.396;  -99.573; -585.014; -526.975
778.654; -158.921;-1015.014; -970.975
778.912;  -73.719; -269.014; -371.976
779.170; -139.242; -880.013; -803.976
779.427; -147.116; -922.013; -897.976
779.685; -140.839; -880.013; -832.977
779.943;  -87.487; -654.013; -593.977
780.201; -155.860; -964.012; -883.978
780.459; -126.033; -651.012; -610.978
780.717;  -86.581; -440.012; -390.978
780.974;  -98.430; -449.012; -490.979
781.232;  -93.728; -358.012; -338.979
781.490;  -89.201; -551.011; -472.979
781.747; -101.824; -555.011; -476.980
782.005;   18.953;  462.989;  254.020
782.263; -163.345; -542.011;-1004.981
782.520;  -87.369; -326.011; -501.981
782.778; -173.392;-1013.010;-1051.981
783.035; -174.790; -962.010; -938.982
783.293;  -72.463; -248.010; -206.982
783.550;  -65.336; -134.010; -198.982
783.808; -137.234; -764.010; -776.983
784.065; -163.208; -745.009; -874.983
784.322;  -51.381;   25.991;  -86.984
784.580; -144.729; -915.009; -771.984
784.837;  -99.052; -392.009; -466.984
785.094; -144.800; -783.009; -762.985
785.352;  -59.898; -304.008; -404.985
785.609; -116.597; -934.008; -839.985
785.866;  -88.420; -345.008; -401.986
786.123;  -68.143; -639.008; -583.986
786.380;  -95.816; -665.008; -604.987
786.637;  -36.864; -225.007; -380.987
786.895;  -28.212; -456.007; -543.987
787.152;  -49.011; -135.007; -267.988
787.409;  -48.259; -123.007; -225.988
787.666;  -81.107; -299.006; -378.988
787.923; -112.655; -616.006; -695.989
788.179; -122.678; -551.006; -584.989
788.436; -111.301; -585.006; -585.990
788.693;  -25.625;  -92.006;  -87.990
788.950;  148.502; -125.005; -112.990
789.207;  196.629; -381.005; -372.991
789.464;  -41.444; -161.005; -301.991
789.720;  -10.217;  150.995;  110.009
789.977; -168.640;-1003.005; -671.992
790.234;  -27.964;   44.996;  -66.992
790.490; -161.037; -884.004;-1031.993
790.747;  -23.035;  -85.004;   22.007
791.004;  -22.908; -426.004; -348.993
791.260;  -87.456; -430.004; -560.994
791.517;  -97.854; -843.003; -788.994
791.773;  -52.203; -379.003; -342.994
792.030; -104.851; -596.003; -660.995
792.286; -110.399; -686.003; -636.995
792.543;  -16.197;  -74.002; -159.995
792.799;  -62.495; -584.002; -382.996
793.055; -155.168;-1179.002;-1210.996
793.312;  -95.892; -827.002; -816.997
793.568;  -66.215; -746.002; -599.997
793.824;   11.187; -226.001; -284.997
794.081;   12.139; -447.001; -508.998
794.337;   64.691; -664.001; -561.998
794.593; 1452.718; -319.001; -271.999
794.849; 6526.694; -746.001; -772.999
795.105;  318.171; -270.000; -261.999
795.361;   21.148; -490.000; -457.000
795.617;  -71.375; -875.000; -945.000
795.873;  -60.000; -360.000; -407.000
796.129;  -57.225; -368.000; -306.000
796.385;  -19.125; -124.000; -156.000
796.641;   68.600;  412.000;  550.000
796.897;  -99.250; -666.000; -635.000
797.153;   70.625;  453.000;  357.000
797.409; -115.825; -785.000; -868.000
797.665;  -72.100; -625.000; -732.000
797.921;  -91.725; -775.000; -762.000
798.176;  -55.600; -744.000; -747.000
798.432;  -52.125; -824.000; -596.000
798.688;  -79.025;-1174.000;-1078.000
798.943;   80.175; -165.000; -147.000
799.199;   -7.525;-1005.000; -959.000
799.455;  232.675;  369.000;  316.000
799.710;  117.275; -813.000; -380.000
799.966;  290.625; -162.000; -160.000
800.221;  471.275; -638.000; -721.000
800.477;10946.275; -743.000; -710.000
800.732; 9000.725; -773.000; -800.000
800.988;  618.800;  205.000;  -19.000
801.243; 1911.425; -454.000; -344.000
801.498; 7652.300; -814.000; -739.000
801.754;  415.475; -289.000; -163.000
802.009;  106.325; -257.000; -335.000
802.264;  -46.600; -967.000;-1033.000
802.520;   30.950;  222.000;   -3.000
802.775;  -48.250; -524.000; -359.000
803.030;   55.850;  395.000;  356.000
803.285; -134.350; -840.000; -903.000
803.540;  -60.775; -686.000; -699.000
803.795;  -37.325; -648.000; -583.000
804.051;  -43.600; -279.000; -346.000
804.306;   23.900;  168.000;  128.000
804.561;  145.050;  451.000;  362.000
804.816;  133.050;  714.000;  861.000
805.071;    0.125; -185.000; -280.000
805.325;  217.150; -257.000; -427.000
805.580; -114.275; -841.000; -877.000
805.835;  -14.000; -204.000; -297.000
806.090;  -83.425; -760.000; -676.000
806.345;  -24.100; -344.000; -264.000
806.600;  -26.850; -549.000; -632.000
806.854;  -43.150; -408.000; -538.000
807.109;  -22.100; -493.000; -577.000
807.364;   -7.225; -407.000; -328.000
807.618;  -12.525; -415.000; -381.000
807.873;   59.450; -470.000; -494.000
808.128;  102.400; -257.000; -518.000
808.382;  100.975; -224.000; -332.000
808.637;   75.625; -440.000; -511.000
808.891;  188.400; -257.000; -180.000
809.146;   91.800; -902.000; -794.000
809.400;  272.975; -848.000; -923.000
809.654;  340.125; -779.000; -551.000
809.909;  494.575; -841.000; -927.000
810.163; 7055.600; -813.000; -651.000
810.418;16910.350; -940.000; -861.000
810.672;  999.350; -685.000; -690.000
810.926;  731.450; -993.000; -973.000
811.180; 1435.150; -439.000; -372.000
811.434;32708.975;  240.000;  135.000
811.689;12135.150; -231.000; -365.000
811.943;  623.975; -936.000; -953.000
812.197;  326.075; -893.000; -671.000
812.451;  125.675; -379.000; -514.000
812.705;  -25.875; -809.000; -619.000
812.959;   -5.425; -263.000; -388.000
813.213;   -3.150; -283.000; -209.000
813.467;   78.000;  470.000;  253.000
813.721;  -98.800; -764.000; -792.000
813.975; -129.500; -826.000; -877.000
814.229;   52.350;  430.000;  353.000
814.482;  -77.400; -517.000; -566.000
814.736; -124.300; -766.000; -744.000
814.990; -134.800; -779.000; -872.000
815.244;  -53.650; -228.000; -285.000
815.497;  -95.375; -636.000; -601.000
815.751;  -15.400; -141.000;   82.000
816.005;  -88.775; -470.000; -586.000
816.258;  -66.550; -510.000; -363.000
816.512; -106.850; -693.000; -610.000
816.766;    6.575;  121.000;  157.000
817.019;   18.925;  148.000;  149.000
817.273; -117.075;-1000.000; -802.000
817.526;  -19.725; -206.000; -173.000
817.779;  -47.175;-1049.000; -960.000
818.033;  -76.825; -693.000; -807.000
818.286; -127.775; -725.000; -792.000
818.540;  -96.600; -403.000; -403.000
818.793;  -80.700; -402.000; -489.000
819.046; -103.925; -582.000; -520.000
819.299;  -40.850; -157.000; -166.000
819.553; -114.800; -552.000; -592.000
819.806; -166.325;-1016.000; -838.000
820.059;  -79.050; -334.000; -354.000
820.312;   22.725;  152.000;  185.000
820.565;   -8.950;  110.000;  -27.000
820.818;  -46.375;  -59.000; -173.000
821.071; -180.275;-1041.000; -957.000
821.324; -111.925; -536.000; -540.000
821.577; -113.825; -457.000; -483.000
821.830;  -77.550; -270.000; -172.000
822.083; -140.250; -733.000; -288.000
822.336;  -55.225; -261.000; -167.000
822.589; -135.225; -805.000; -688.000
822.842; -149.850; -875.000; -770.000
823.094; -190.800;-1076.000;-1114.000
823.347; -137.775; -925.000; -729.000
823.600;   12.100;  402.000;  187.000
823.853;  -49.575; -311.000; -267.000
824.105;  -74.325; -331.000; -575.000
824.358; -114.650; -617.000; -716.000
824.611;   30.500;  234.000;   40.000
824.863;  -60.775; -612.000; -591.000
825.116;   54.100;  -33.000;   27.000
825.368;   77.875; -366.000; -372.000
825.621;  160.550; -186.000; -240.000
825.873;   93.150; -704.000; -737.000
826.126;  639.825; -669.000; -641.000
826.378;11909.400; -389.000; -505.000
826.630; 2676.200; -890.000; -898.000
826.883;   38.900; -754.000; -693.000
827.135;   42.900; -279.000; -270.000
827.387; -125.200; -893.000; -839.000
827.639;  -25.825;  -86.000;   32.000
827.892; -126.275; -742.000; -582.000
828.144; -135.575; -848.000; -804.000
828.396;  -41.425;  104.000;  -80.000
828.648; -104.825; -440.000; -333.000
828.900; -154.525; -702.000; -795.000
829.152; -111.450; -684.000; -683.000
829.404;  -76.950; -215.000; -267.000
829.656;   -8.200;  321.000;  214.000
829.908;  -28.125;  393.000;  229.000
830.160; -176.825;-1064.000;-1047.000
830.412;  -91.725; -481.000; -430.000
830.664; -123.050; -557.000; -665.000
830.916;  -78.450; -268.000; -206.000
831.167; -177.125;-1073.000; -951.000
831.419; -125.375; -623.000; -566.000
831.671; -151.250; -764.000; -809.000
831.923;  -85.025; -311.000; -447.000
832.174;  -83.200; -273.000; -331.000
832.426; -119.650; -493.000; -582.000
832.678; -185.050;-1043.000;-1091.000
832.929; -164.575; -947.000; -935.000
833.181;  -64.625; -575.000; -677.000
833.432;  -48.800;  -59.000; -186.000
833.684;  -23.175;  112.000;  -27.000
833.935; -138.375; -610.000; -566.000
834.187; -127.150; -829.000; -823.000
834.438;  -40.175;  -58.000;  -25.000
834.689;  -60.975; -255.000; -123.000
834.941;  -54.950; -343.000; -244.000
835.192;  -99.025; -590.000; -533.000
835.443; -111.650; -419.000; -506.000
835.695;  -11.325;  138.000;  -16.000
835.946;  -85.200; -608.000; -378.000
836.197; -110.275; -599.000; -622.000
836.448;  -84.750; -528.000; -395.000
836.699;  -63.500; -253.000; -341.000
836.950;  -19.150;   72.000;    7.000
837.201; -159.500;-1003.000; -987.000
837.452;  -61.725; -356.000; -170.000
837.703; -117.775; -791.000; -737.000
837.954;  -34.975; -205.000; -365.000
838.205;  -83.975;-1029.000;-1008.000
838.456;  175.950; -196.000; -282.000
838.707;   -2.725; -423.000; -519.000
838.958;    6.675; -634.000; -647.000
839.209;  290.600;   18.000;   40.000
839.460;  104.225; -439.000; -201.000
839.710;  167.800; -135.000; -297.000
839.961;  437.275;  730.000;  612.000
840.212;  345.600; -382.000; -497.000
840.462; 1202.425; -328.000; -277.000
840.713;18519.900; -571.000; -536.000
840.964; 6840.950;  -62.000; -143.000
841.214;  481.225; -384.000; -624.000
841.465;  571.850; -214.000; -141.000
841.715;  508.675; -417.000; -380.000
841.966;  684.800; -746.000; -685.000
842.216; 9780.300; -330.000; -431.000
842.466;34401.800; -169.000; -313.000
842.717; 1716.350; -964.000; -952.000
842.967;  323.250; -635.000; -641.000
843.217;  255.575;   20.000;   28.000
843.468;   72.200; -104.000; -132.000
843.718;  -40.400; -718.000; -726.000
843.968; -104.400; -837.000; -765.000
844.218;    3.250; -315.000; -262.000
844.469;  -55.225; -577.000; -561.000
844.719; -107.850; -537.000; -682.000
844.969;  -76.675; -550.000; -580.000
845.219; -145.575; -814.000; -862.000
845.469;  -81.900; -392.000; -342.000
845.719; -148.275; -792.000; -884.000
845.969;  -14.800;  119.000;  174.000
846.219; -132.725; -738.000; -720.000
846.469;   29.925;  464.000;  432.000
846.718;  -49.100; -115.000;   31.000
846.968; -138.075; -827.000; -827.000
847.218;  -42.375; -224.000; -371.000
847.468;   -3.900; -586.000; -555.000
847.718; -149.350; -827.000; -798.000
847.967; -140.050; -826.000; -915.000
848.217;  -82.700; -449.000; -569.000
848.467;  -71.575; -405.000; -376.000
848.716; -107.375; -708.000; -725.000
848.966;    0.325; -372.000; -358.000
849.215;  -70.200; -428.000; -419.000
849.465; -104.650; -785.000; -615.000
849.714; -164.400;-1132.000;-1150.000
849.964;  -59.750; -551.000; -613.000
850.213;  -20.100; -393.000; -355.000
850.463;   77.000;  137.000;  340.000
850.712;   11.250; -542.000; -567.000
850.961;   17.925; -739.000; -678.000
851.211;   88.850; -513.000; -504.000
851.460;  158.900; -635.000; -650.000
851.709;  595.025;  -25.000;   18.000
851.958;10876.425; -912.000; -750.000
852.208;12341.700; -859.000; -879.000
852.457;  455.675; -181.000;  -13.000
852.706;   65.000; -791.000; -823.000
852.955;   12.725; -507.000; -528.000
853.204;  -83.825; -521.000; -461.000
853.453;  -82.950; -418.000; -458.000
853.702; -138.150; -660.000; -750.000
853.951; -111.100; -532.000; -520.000
854.200; -128.425; -613.000; -562.000
854.449; -122.250; -695.000; -661.000
854.698;  -98.925; -340.000; -279.000
854.946;  -78.650; -181.000; -284.000
855.195; -159.825; -843.000; -868.000
855.444; -101.625; -395.000; -420.000
855.693; -121.100; -345.000; -432.000
855.941; -101.025; -387.000; -516.000
856.190;  -60.750; -256.000; -382.000
856.439; -129.550; -652.000; -703.000
856.687;  -59.200;  -99.000;  -72.000
856.936; -123.675; -621.000; -323.000
857.184; -184.650;-1067.000;-1020.000
857.433; -103.400; -423.000; -512.000
857.681; -165.800; -989.000; -953.000
857.930;  -73.025; -282.000; -433.000
858.178; -171.025; -856.000; -929.000
858.427; -159.550; -802.000; -781.000
858.675; -122.400; -377.000; -544.000
858.923; -120.475; -527.000; -819.000
859.172; -198.925;-1094.000;-1070.000
859.420;  -83.850; -339.000; -239.000
859.668; -125.975; -624.000; -628.000
859.916;  -35.725;  109.000;  115.000
860.164; -119.025; -699.000; -603.000
860.413;  302.000; -878.000; -696.000
860.661;  195.375; -709.000; -577.000
860.909;  -88.775; -339.000; -325.000
861.157;  -92.350; -277.000; -444.000
861.405; -138.225; -534.000; -670.000
861.653;    3.075;  310.000;  310.000
861.901;  183.575; -543.000; -613.000
862.149;  -30.025; -801.000; -824.000
862.396;  -86.350; -297.000; -187.000
862.644;  -83.900; -368.000; -347.000
862.892;  -39.625;   98.000;  138.000
863.140; -123.225; -549.000; -530.000
863.388; -163.200; -815.000; -759.000
863.635; -143.975; -642.000; -601.000
863.883;  -20.175;  231.000;  190.000
864.131; -110.375; -288.000; -357.000
864.378; -126.825; -675.000; -540.000
864.626; -100.075; -347.000; -415.000
864.873; -116.875; -556.000; -505.000
865.121; -145.000; -714.000; -799.000
865.368;  -57.025; -173.000;   75.000
865.616;  -51.525;  -33.000;  -40.000
865.863;  -75.150; -462.000; -506.000
866.111; -122.300; -795.000; -824.000
866.358;   38.575; -426.000; -420.000
866.605; 2379.450;  -64.000; -804.000
866.853; 2214.025; -621.000; -537.000
867.100;  -42.600; -728.000; -775.000
867.347; -117.150; -672.000; -611.000
867.594;  -86.200; -740.000; -714.000
867.841;   87.350;   97.000;   17.000
868.089; -145.275; -746.000; -698.000
868.336; -118.475; -477.000; -420.000
868.583; -146.375; -637.000; -741.000
868.830;  -68.075; -131.000; -170.000
869.077; -176.250; -859.000; -787.000
869.324; -132.275; -502.000; -458.000
869.571; -124.475; -398.000; -430.000
869.818; -117.525; -485.000; -439.000
870.065; -105.350; -439.000; -513.000
870.311; -113.675; -456.000; -542.000
870.558; -104.825; -332.000; -311.000
870.805;  -79.325; -320.000; -384.000
871.052; -115.500; -494.000; -369.000
871.298;  -64.225; -204.000; -131.000
871.545;  -74.775; -151.000; -185.000
871.792; -103.075; -173.000; -222.000
872.038;  -68.750;   43.000; -126.000
872.285; -130.200; -496.000; -387.000
872.532; -110.825; -357.000; -387.000
872.778;    2.125;  556.000;  403.000
873.025; -103.475; -384.000; -359.000
873.271;    8.825;  501.000;  578.000
873.517;  -17.625; -133.000; -209.000
873.764;  -27.850; -193.000;  -80.000
874.010;  -80.275; -143.000; -230.000
874.257;  -30.825;  123.000;   90.000
874.503; -128.525; -579.000; -479.000
874.749;  -78.425;   31.000;  275.000
874.995;  -71.600;  -80.000;  -20.000
875.242; -125.900; -540.000; -478.000
875.488; -114.175; -414.000; -439.000
875.734;  -59.675; -106.000; -234.000
875.980;  189.950; -872.000;-1032.000
876.226;  343.200; -157.000; -255.000
876.472;  -10.075;  343.000;  237.000
876.718;  -48.325;  184.000;  158.000
876.964;  -41.150;   56.000;   55.000
877.210; -172.550; -547.000; -677.000
877.456; -142.525; -630.000; -557.000
877.702; -172.300; -821.000; -832.000
877.948; -126.850; -377.000; -497.000
878.193;   21.550;  361.000;  255.000
878.439;  -96.975; -487.000; -472.000
878.685;  -95.575; -272.000; -343.000
878.931; -141.350; -618.000; -676.000
879.176;  -94.200; -201.000; -201.000
879.422; -176.350; -933.000; -820.000
879.668;   65.875;   10.000;   79.000
879.913;  140.775;   53.000;  137.000
880.159;  -60.225; -112.000;  -17.000
880.404;  -49.625; -152.000; -162.000
880.650;  -45.450;   91.000;  141.000
880.895; -162.600; -670.000; -710.000
881.141; -123.250; -454.000; -428.000
881.386; -143.950; -503.000; -658.000
881.631;  -92.750; -311.000; -166.000
881.877;  -26.100;  112.000;  -13.000
882.122; -139.300; -684.000; -600.000
882.367;  -84.250; -136.000; -186.000
882.612;  -85.800;  -80.000; -176.000
882.858; -185.750; -877.000; -823.000
883.103; -112.075; -297.000; -267.000
883.348; -151.950; -759.000; -852.000
883.593; -147.850; -677.000; -602.000
883.838;  -50.925; -311.000;  -24.000
884.083;   20.150;  353.000;  288.000
884.328; -114.350; -564.000; -545.000
884.573;  -58.050; -196.000; -143.000
884.818;  202.275; -694.000; -531.000
885.063;  167.350; -348.000; -315.000
885.308; -103.075; -475.000; -398.000
885.553;   -9.800;  245.000;  325.000
885.797; -133.350; -545.000; -615.000
886.042;  -47.050;    8.000;   58.000
886.287;  -89.725; -253.000; -211.000
886.532;  -63.850;   26.000;  204.000
886.776; -113.650; -407.000; -525.000
887.021; -142.675; -621.000; -574.000
887.265; -150.300; -685.000; -689.000
887.510; -137.675; -557.000; -496.000
887.755;  -93.400; -194.000; -164.000
887.999; -139.675; -552.000; -575.000
888.244;  -51.800;  -58.000;  161.000
888.488;  -10.100;  371.000;  393.000
888.732; -137.400; -368.000; -520.000
888.977; -132.525; -622.000; -567.000
889.221; -164.450; -683.000; -659.000
889.465; -141.475; -422.000; -566.000
889.710;  -82.200;  -56.000; -299.000
889.954;    6.450;  579.000;  467.000
890.198; -154.325; -584.000; -707.000
890.442; -163.075; -716.000; -712.000
890.687; -167.575; -800.000; -753.000
890.931; -103.750; -273.000; -210.000
891.175; -144.900; -502.000; -500.000
891.419;  -75.700; -105.000; -110.000
891.663; -100.075; -239.000; -112.000
891.907; -181.225; -801.000; -545.000
892.151; -182.600; -920.000; -815.000
892.395;  -99.175; -274.000; -387.000
892.638;  -21.800;  408.000;  291.000
892.882; -191.000; -780.000; -867.000
893.126;   15.575;  758.000;  558.000
893.370;  -90.550; -167.000; -168.000
893.614; -157.425; -714.000; -715.000
893.857; -103.325; -183.000; -197.000
894.101; -139.025; -527.000; -631.000
894.345;  -52.650;  300.000;  150.000
894.588;   14.150;  569.000;  380.000
894.832;  -72.400; -178.000;  -84.000
895.075;  -95.025;   15.000;  -92.000
895.319; -144.425; -552.000; -420.000
895.563; -116.100; -413.000; -353.000
895.806; -154.350; -628.000; -741.000
896.049;  -64.425; -576.000; -368.000
896.293;   89.450;  527.000;  405.000
896.536;  -72.975; -465.000; -468.000
896.779;  -70.150; -149.000;   -1.000
897.023; -145.375; -751.000; -714.000
897.266;  -31.950;  325.000;  269.000
897.509; -184.200; -900.000; -901.000
897.752;  -47.875;  149.000;  171.000
897.996; -206.825; -972.000; -864.000
898.239;  -66.275;  168.000;  102.000
898.482; -135.750; -431.000; -453.000
898.725;  -40.725;  101.000;   53.000
898.968; -153.825; -609.000; -744.000
899.211; -118.325; -513.000; -361.000
899.454; -141.275; -633.000; -539.000
899.697;  -67.950;   90.000;  -43.000
899.940; -180.075; -761.000; -757.000
900.182; -101.200; -335.000; -405.000
900.425; -104.775; -150.000; -298.000
900.668;  -19.850;  491.000;  350.000
900.911;  -98.750; -292.000; -345.000
901.154;  -63.250;  141.000;   -3.000
901.396; -157.650; -407.000; -412.000
901.639; -135.975; -430.000; -496.000
901.882; -187.375; -790.000; -809.000
902.124;  -86.900;  -29.000; -143.000
902.367; -125.125; -315.000; -361.000
902.609; -142.850; -476.000; -453.000
902.852;  -95.150; -108.000; -260.000
903.094; -139.575; -458.000; -337.000
903.337;  -65.125;  -26.000;   53.000
903.579; -118.550; -228.000; -441.000
903.821; -160.025; -597.000; -744.000
904.064;  -73.925;   85.000;  127.000
904.306;  -94.550; -126.000; -166.000
904.548; -125.150; -152.000; -366.000
904.790; -107.650; -195.000; -340.000
905.033; -138.800; -625.000; -577.000
905.275; -134.700; -513.000; -524.000
905.517;   46.300;  468.000;  256.000
905.759;  -67.625; -667.000; -761.000
906.001; -101.750; -322.000; -369.000
906.243;  -80.650; -162.000; -224.000
906.485;  126.250; -265.000; -207.000
906.727;   86.800; -499.000; -542.000
906.969;  -38.000;  -30.000; -135.000
907.211;  126.375; -316.000; -382.000
907.453;  267.275; -188.000; -237.000
907.695;  -20.100; -158.000; -385.000
907.936;   27.750;  818.000;  706.000
908.178;  -68.850;   92.000; -135.000
908.420;  -79.825; -111.000; -162.000
908.662; -139.825; -633.000; -682.000
908.903; -104.075; -208.000; -123.000
909.145;  -71.850; -240.000; -305.000
909.386;   -0.225;  315.000;  280.000
909.628;   43.050;  363.000;  397.000
909.870;    4.050;   29.000;  264.000
910.111; -114.975; -809.000; -949.000
910.353;    3.375; -123.000; -161.000
910.594;   -5.600; -574.000; -606.000
910.835;   89.075; -265.000; -326.000
911.077;  148.975; -503.000; -604.000
911.318;  280.425; -505.000; -471.000
911.559;  453.750; -577.000; -880.000
911.801; 1400.850; -284.000; -280.000
912.042;11046.400;  -50.000; -159.000
912.283;26837.625;  404.000;  371.000
912.524; 3766.025; -396.000; -457.000
912.765;  460.100; -193.000;   79.000
913.006;  227.750; -307.000; -338.000
913.247;   51.300; -270.000; -290.000
913.488;  -13.825;  -43.000;   30.000
913.729;  -91.500; -373.000; -373.000
913.970;  -63.225;  -96.000; -292.000
914.211;  -81.200; -160.000; -198.000
914.452;  -59.775; -118.000;  -11.000
914.693;    0.425;  510.000;  592.000
914.934;   15.225;  510.000;  440.000
915.175;  -63.275;   53.000;  -95.000
915.415;  -79.100; -137.000;   27.000
915.656;  -69.950;  -28.000;  192.000
915.897; -104.150; -252.000;  -82.000
916.137;  -77.675;   74.000;   -9.000
916.378; -145.750; -573.000; -517.000
916.619; -105.900; -159.000;  -63.000
916.859;  -30.725;  303.000;  330.000
917.100;  132.950; 1655.000; 1070.000
917.340;   44.725;  930.000;  728.000
917.581;   47.400;  965.000;  789.000
917.821;  -31.575; -171.000;  143.000
918.061;    1.325; -199.000;  -72.000
918.302;  -53.275; -152.000; -211.000
918.542;  -30.050;  -22.000;    3.000
918.782;   40.425;  369.000;  377.000
919.023;  130.775;  360.000;  427.000
919.263; 1818.025; 8131.000;  202.000
919.503; 1102.700; -137.000;  -54.000
919.743;  610.525;  390.000;  266.000
919.983;  244.375; -134.000;  -26.000
920.223;   71.725;  135.000;   14.000
920.463;  137.575;  631.000;  554.000
920.703;  130.475;   84.000;   39.000
920.943;  162.400; -110.000;   90.000
921.183;  196.225; -414.000; -405.000
921.423;  502.650;  307.000;  546.000
921.663;  738.400; -174.000; -257.000
921.903; 1609.175;  237.000;  173.000
922.143; 9155.900;  372.000;  389.000
922.383;33937.775;  158.000;  115.000
922.622;10627.875; -120.000;  -15.000
922.862; 1152.700;  796.000;  785.000
923.102;  463.525;  -51.000;   33.000
923.341;  166.725;   59.000;   74.000
923.581;   86.275;  450.000;  360.000
923.821;    5.200;  301.000;  398.000
924.060;   12.200;  351.000;  193.000
924.300;  -53.775;  -16.000; -128.000
924.539;  -11.975;  584.000;  473.000
924.779;    8.150;  812.000;  597.000
925.018;  -57.100;  247.000;  353.000
925.257;   -8.725;  595.000;  666.000
925.497;  -37.175;  447.000;  412.000
925.736;  -76.525;  -35.000;  102.000
925.975;   -0.400;  687.000;  669.000
926.214;   20.150;  907.000;  850.000
926.454;   30.000;  706.000;  757.000
926.693;  -38.150;  419.000;  543.000
926.932;   21.100; 1021.000;  825.000
927.171;   73.375; 1107.000; 1044.000
927.410;   63.350; 1144.000;  967.000
927.649;   10.100;  924.000;  742.000
927.888;    5.100;  590.000;  564.000
928.127;   -7.425;  680.000;  678.000
928.366;   16.100;  842.000;  826.000
928.605;   43.325;  831.000;  737.000
928.844;  238.975; 1451.000; 1393.000
929.083;  619.400;  770.000;  613.000
929.321;  295.475; 1335.000; 1359.000
929.560;   86.525; 1158.000; 1122.000
929.799;  -30.325;  574.000;  475.000
930.038;   84.775; 1025.000; 1394.000
930.276;  -49.975;  334.000;  397.000
930.515;   -5.525;  827.000;  681.000
930.753;  -29.075;  614.000;  589.000
930.992;  -29.900;  664.000;  717.000
931.230;    1.775;  847.000;  847.000
931.469;  166.150; 2162.000;  892.000
931.707;   59.775;  840.000;  751.000
931.946;   55.225; 1278.000; 1344.000
932.184;   51.200; 1437.000; 1175.000
932.423;   41.200; 1265.000;  963.000
932.661;   92.100; 1296.000; 1428.000
932.899;   14.175;  987.000;  821.000
933.137;    3.375;  754.000;  564.000
933.376;  162.100; 1664.000; 1335.000
933.614;  174.950; 1759.000; 1196.000
933.852;   55.300; 1357.000; 1171.000
934.090;  126.200; 1722.000; 1747.000
934.328;   97.775; 1252.000; 1457.000
934.566;   99.350; 1431.000; 1110.000
934.804;  118.375; 1263.000; 1309.000
935.042;  452.875; 1861.000; 1850.000
935.280; 1858.575; 2088.000; 2063.000
935.518; 1637.450; 2113.000; 2007.000
935.756;  338.425; 2481.000; 2316.000
935.994;  154.550; 1808.000; 1751.000
936.231;  341.300; 2890.000; 2950.000
936.469;  199.500; 2367.000; 2378.000
936.707;  174.400; 2220.000; 2167.000
936.945;  230.475; 2825.000; 2882.000
937.182;  210.075; 2679.000; 2741.000
937.420;  298.900; 3602.000; 3031.000
937.657;  414.600; 3365.000; 3478.000
937.895;  353.225; 3331.000; 3488.000
938.133;  323.200; 3540.000; 3528.000
938.370;  346.675; 3896.000; 4191.000
938.607;  395.875; 4488.000; 4205.000
938.845;  542.625; 5587.000; 5549.000
939.082;  491.850; 5387.000; 5177.000
939.320;  557.200; 5799.000; 5728.000
939.557;  615.400; 6549.000; 6491.000
939.794;  734.900; 7285.000; 7097.000
940.031;  900.350; 8421.000; 8368.000
940.269; 1117.600; 9552.000; 9107.000
940.506; 1116.400;10901.000;10507.000

