
Integration time [ms]: 100.000
Averaging Nr. [scans]: 40
Smoothing Nr. [pixels]: 0
Data measured with spectrometer [name]: 2101013U2
Wave   ;Sample   ;Dark     ;Reference
[nm]   ;[counts] ;[counts] ;[counts] 

394.013;   54.761; -450.257; -315.536
394.305;  231.559; -461.258; -419.536
394.596; 1168.228; -676.269; -527.514
394.887; 2829.895; -796.268; -654.518
395.178; 1064.527;  145.736;   11.476
395.470;  100.788; -210.263; -356.526
395.761;  209.661;  305.734;  394.479
396.052;  343.750; -545.284; -306.489
396.343;  344.822; -557.276; -454.503
396.634;  114.989; -200.279; -290.497
396.926;  115.318; -618.268; -565.517
397.217;  123.201;   11.725;  -17.504
397.508;   41.217; -366.273; -154.507
397.799;   48.789; -555.279; -571.497
398.090;   11.759; -973.280; -902.495
398.381;  120.898;   11.708;  -11.473
398.672;  -11.701; -585.292; -742.473
398.963;   50.071; -348.279; -373.498
399.254;  103.408;   54.709; -209.475
399.545;  -16.418;-1017.266; -883.520
399.836;   71.135; -407.277; -343.501
400.127;   55.548; -205.295; -209.468
400.418;   64.712; -423.274; -392.506
400.709;   66.995; -359.281; -333.493
401.000;   44.012; -268.291; -309.476
401.290;  101.883;  225.698;  115.545
401.581;   80.757; -166.286; -228.485
401.872;   27.295; -542.298; -486.462
402.163;   54.141; -313.296; -252.467
402.454;   90.359; -123.291; -163.475
402.744;   85.182; -844.297; -813.465
403.035;  452.189; -226.293;  -86.471
403.326;  586.352; -366.292; -384.474
403.617;  383.664;  204.701;  165.539
403.907;  274.181; -593.283; -679.490
404.198; 2491.486; -545.307; -599.446
404.489; 6449.311; -618.283; -588.491
404.779; 2100.662; -618.302; -660.456
405.070;  234.190;  -67.304; -174.451
405.360;  347.391; -259.293; -238.472
405.651;  379.698;  125.699;   98.542
405.942;  181.102;  209.714;  127.516
406.232;  268.342; -432.285; -413.487
406.523;  468.759;  641.706;  758.530
406.813;  108.129; -579.286; -644.484
407.104;  331.497;  261.708;  144.527
407.394;  190.340; -604.299; -591.462
407.685;  162.591;  336.715;  222.513
407.975;   72.259; -400.283; -382.490
408.265;  109.424; -134.289; -190.478
408.556;   72.381; -472.291; -459.475
408.846;  172.584;  474.706;  429.530
409.137;   91.382;   -1.288; -216.480
409.427;   54.792; -193.285; -271.487
409.717;   40.596; -776.273; -692.508
410.007;  146.810;    4.715; -170.486
410.298;   93.751; -360.295; -342.469
410.588;   84.889; -495.285; -510.486
410.878;   32.719; -792.287; -873.482
411.168;  107.447; -481.298; -478.463
411.459;  114.929; -295.283; -242.489
411.749;   61.579; -609.292; -507.474
412.039;   57.881; -755.289; -386.480
412.329;  204.328;   40.722;  132.501
412.619;  209.555;  -62.286; -148.485
412.909;  376.277;  639.711;  594.521
413.199;  328.059; -130.280; -251.495
413.490;  407.592;  521.710;  352.523
413.780;  147.213;-1013.279; -913.496
414.070;  331.498;  -46.276;  235.497
414.360;  378.624; -729.278; -666.498
414.650;  431.590; -726.288; -688.482
414.940;  546.237; -538.280; -441.496
415.230;  962.612;   50.712;   74.519
415.520; 6190.478;  155.730;   66.486
415.809;24788.145; -305.281; -125.493
416.099;18948.838; -388.277; -229.501
416.389; 5356.159;  435.726;  236.494
416.679; 3092.442;   91.738;   85.473
416.969;  543.348; -527.287; -503.483
417.259;  479.065;  341.721;  171.503
417.549;  697.719;  522.718;  318.508
417.838; 1699.320; -205.268; -147.518
418.128; 5648.372;  650.710;  492.522
418.418; 4675.452; -491.272; -579.509
418.708; 3189.310;    9.726;  -48.506
418.997;12000.655; -474.275; -480.505
419.287;12407.167; -733.273; -790.507
419.577;11771.303; -160.283; -123.489
419.866;39134.811; -588.277; -498.501
420.156;39832.823; -242.270;  -55.513
420.446; 7099.109; -112.263;  -26.526
420.735;  869.892; -376.271; -446.512
421.025;  828.973; 1830.722;  315.502
421.314;  711.840; -203.271; -226.512
421.604; 1399.337;   89.732;  233.484
421.893;  799.486; -705.271; -602.511
422.183;  249.184; -487.263; -461.526
422.472;  390.238;  -36.271; -107.511
422.762;  462.113; -416.266; -379.521
423.051;  272.048; -916.276; -916.503
423.341;  330.019; -491.273; -439.507
423.630;  418.319; -121.265;   15.477
423.919;  393.805;   58.725;   49.495
424.209;  397.240;  -31.263;   56.473
424.498;  514.367;   68.732;  161.483
424.787; 1137.899; -535.267; -601.518
425.077; 3468.893;   34.735;   29.478
425.366; 4791.096; -734.262; -744.528
425.655;10084.394;  639.727;  259.493
425.945;22313.503; -313.247; -268.554
426.234;12264.319;  117.741;  300.467
426.523; 5233.649;  -86.259; -350.534
426.812; 7105.759;  107.734;  159.480
427.101;10535.959; -127.269; -323.515
427.390;13120.277;  -55.270;  -86.514
427.680; 2913.295; -624.257; -411.538
427.969;  480.006; -330.255; -301.540
428.258;  311.236; -385.257; -477.536
428.547;  548.306;  449.728;  397.490
428.836; 1256.147; -421.253; -398.543
429.125; 1783.326; -199.259;  -72.534
429.414;  829.221; -330.251; -294.548
429.703; 3200.671; -231.251; -213.548
429.992; 9619.149; -938.250; -828.549
430.281; 6204.802; -397.264; -331.524
430.570;  579.461;  -21.252;   32.454
430.859;  574.824;  279.741;  352.466
431.148;  457.649;  636.752;  631.446
431.437;  300.985;  391.748;  367.454
431.725;  164.113; -544.257; -481.536
432.014;  139.105; -845.253; -756.545
432.303;  406.101; -149.239; -105.569
432.592;  621.909; -460.263; -178.525
432.881; 1066.850; -601.248; -437.554
433.169; 6385.657; -343.255;  -61.540
433.458;12979.861;  445.765;  540.424
433.747; 5369.402; -397.261; -289.529
434.036;  901.077; -275.242; -280.564
434.324; 2139.012; -395.249; -379.551
434.613; 3711.270;   40.757;  159.437
434.902; 1211.116;  333.760;  439.433
435.190;  558.675;   75.761;  295.431
435.479;  305.326;  -52.245;   83.441
435.767;  107.285; -411.244; -427.561
436.056;  228.397; -340.242; -294.563
436.345;  394.544; -372.240; -223.568
436.633;  401.682;   60.750;  383.450
436.922;  262.396;  208.760;  414.432
437.210;  581.851; -194.236;    1.426
437.499; 1831.934; -583.235; -432.576
437.787; 1994.875; -339.236;  -10.574
438.075;  518.331;   56.761;  162.430
438.364;  706.784;  -44.238;  250.429
438.652;  426.316; -286.226; -138.592
438.941;  134.654;    3.770;  269.415
439.229;   10.133; -665.252; -466.545
439.517;   35.018; -160.234;  -85.577
439.806;    5.682; -501.225; -290.595
440.094;  183.251;  377.766;  650.421
440.382;  201.005; -653.233; -302.580
440.670;  195.284; -361.235; -285.576
440.959;   47.800; -347.223; -170.599
441.247;   74.541; -151.229; -109.587
441.535;   98.916; -266.235;   31.423
441.823;   48.748; -497.234; -305.578
442.111;  190.045;  173.771;  327.412
442.400;  522.976; -628.245; -335.559
442.688; 1345.025; -111.234; -620.579
442.976;  955.665; -786.213; -450.617
443.264;  102.664; -324.224; -364.597
443.552;  100.767; -258.226;   51.408
443.840;  172.765;  602.765;  876.423
444.128;  112.179;  265.767;  269.420
444.416;    0.298; -694.228; -312.588
444.704;   34.780; -465.219;  -92.605
444.992;   75.420;   -0.226;  240.407
445.280;   53.255; -517.230;  -94.585
445.568;   35.269; -694.212; -396.618
445.856;  340.364; -174.221;  357.398
446.143;  737.301;  -54.220;   -7.604
446.431;  605.027;  -25.228;  625.411
446.719;  258.025;  489.783;  675.391
447.007;  183.599;  481.769;  705.416
447.295;  174.047;  597.777;  871.402
447.583;   96.213; -464.229;  -34.587
447.870;  152.336; -434.221; -202.601
448.158;  405.153; -104.230;  129.415
448.446;  317.228; -800.219; -338.604
448.733;  172.465;   13.776;  269.403
449.021;  255.968;   60.788;  341.382
449.309;  190.009; -296.210;  208.379
449.596;  209.296;  128.783;   59.392
449.884;  165.654; -571.222; -325.600
450.172;  152.407; -756.227; -406.590
450.459;  442.548;  645.786;  780.387
450.747; 2463.495; -411.218; -147.608
451.034; 7919.353;  493.772;  889.411
451.322; 6399.051; -413.214; -170.614
451.609;  538.992;  292.777;  508.403
451.897;  623.998; -550.203; -183.634
452.184; 1851.422; -622.223; -400.598
452.472; 1765.330;   97.792;  269.375
452.759;  345.053;  512.781;  864.395
453.047;  124.066; -407.212; -125.617
453.334;   87.111; -732.219; -216.606
453.621;   86.653; -438.214; -161.615
453.909;  117.990;   13.796;  384.368
454.196;   97.361; -299.199; -123.641
454.483;  225.036;  317.798;  540.364
454.771;  133.208; -215.208;  196.374
455.058;   36.962; -316.207;  102.374
455.345;  108.268;   71.807;  344.347
455.632;   95.265; -128.207;  235.373
455.919;   53.659;  -82.196;  182.354
456.207;  -49.134; -774.198; -450.642
456.494;  -11.151; -475.200;  -66.639
456.781;   18.032; -399.202; -198.635
457.068;   59.397; -253.206;  -29.628
457.355;   -9.027; -698.206; -401.629
457.642;   12.054; -552.205; -290.630
457.929;    4.784; -778.194; -417.651
458.216;   69.116; -575.212; -354.617
458.503;  256.238; -173.193;  -19.652
458.790;  251.281; -864.208; -630.625
459.077;  280.312;  -77.202;  110.364
459.364;  807.701; -350.195; -210.649
459.651; 1738.045;  -46.206;  220.372
459.938;  797.121; -864.209; -665.623
460.225;  152.465;  132.799;  276.363
460.512;  -48.244; -836.197; -688.645
460.799;  111.893;  -32.218;  320.392
461.086;   61.753; -370.200; -251.640
461.372;   51.966; -509.198; -279.642
461.659;  115.386; -165.196;  108.354
461.946;   58.237; -445.193;  -54.651
462.233;  250.701;  842.800;  888.361
462.519;  370.723; -814.201; -464.639
462.806; 1047.957; -768.197; -497.645
463.093;  881.383; -445.191;  -66.656
463.380;  -11.225; -920.186; -824.664
463.666;   64.384; -259.197;  -18.646
463.953;   99.796; -406.195; -243.648
464.239;  181.896; -173.195;  -77.648
464.526;  393.607;  413.806;  743.350
464.813;  360.995; -565.190; -304.658
465.099;  351.688;  606.807;  607.348
465.386;  329.942;  903.807;  921.348
465.672;   36.507; -694.197; -522.645
465.959;   14.888; -598.188; -520.662
466.245;   24.292; -468.193; -359.652
466.532;  101.744; -109.195;   63.352
466.818;   91.000; -357.186; -216.664
467.104;    6.141; -488.182; -415.672
467.391;  -14.178; -628.189; -459.658
467.677;   43.879; -289.186;    9.335
467.964;    0.854; -682.189; -471.660
468.250;   75.132; -331.186; -160.665
468.536;   83.298;   90.811;  180.341
468.822;  -13.406; -821.184; -574.668
469.109;  155.449;  351.827;  471.311
469.395;  200.952;  729.808;  787.346
469.681;  189.876;   46.811;  156.341
469.967; 1295.806; -699.188; -382.660
470.254; 2763.914; -494.188; -306.662
470.540; 1751.159; -601.196; -476.646
470.826;  255.978; -488.181; -397.675
471.112;  292.972;  288.816;  113.331
471.398;   87.077; -253.183;  -58.670
471.684;   46.407; -626.177; -447.680
471.970;   18.157; -918.180; -981.675
472.256;   25.951; -521.192; -441.654
472.542;   15.960; -499.171; -434.691
472.828;   24.612; -743.182; -607.672
473.114;   31.305; -380.166; -283.700
473.400;   13.849; -504.175; -293.684
473.686;   41.336; -452.166; -400.701
473.972;   63.839; -230.174; -131.687
474.258;  -26.726; -925.173; -843.689
474.544;  207.448; -183.178;   -2.679
474.830;  319.975;  -65.175;   45.316
475.116;  513.122; -123.190; -196.658
475.401;  704.084; -558.180; -467.676
475.687;  197.683; -725.180; -718.676
475.973;   15.095; -673.181; -770.673
476.259;  248.903;  736.825;  764.315
476.544;  377.990; -539.176; -437.682
476.830;  853.081; -398.172; -322.690
477.116;  742.463; -430.177; -336.682
477.401;  147.033;  346.820;  358.324
477.687;   -5.576; -289.175; -405.684
477.973;   45.249;   21.819;   28.326
478.258;   -0.268; -448.163; -348.706
478.544;   64.162;   21.815;   61.334
478.829;  -51.384; -818.171; -738.692
479.115;  -41.794; -749.172; -651.690
479.401;  -13.391; -444.174; -449.686
479.686;   27.732; -253.180;  -74.676
479.972;  -27.972; -886.178; -776.680
480.257;   40.681; -258.166;  -65.700
480.542;   -7.780; -614.170; -469.693
480.828;  217.472; 1288.824; 1392.317
481.113;  -24.630; -464.176; -426.683
481.399;    4.832; -236.161; -202.711
481.684;  -52.294; -620.166; -462.700
481.969;   13.845; -158.159;  -73.713
482.255;  -12.219; -439.169; -285.695
482.540;   -3.996; -569.178; -441.680
482.825;    7.745; -395.187; -404.663
483.110;   99.109;  -85.169; -105.696
483.396;  198.717; -840.157; -652.718
483.681;  503.689;  543.826;  730.313
483.966;  178.739; -696.160; -700.712
484.251;   13.738; -404.174; -310.687
484.536;   13.717; -356.165; -378.703
484.822;   31.941; -205.173; -218.687
485.107;  -21.194; -599.152; -502.726
485.392;  128.297;  662.836;  541.296
485.677;   85.844;  354.832;  163.302
485.962;  108.265;  160.843;  270.283
486.247;   90.215;  -14.162;   -8.707
486.532;   36.482; -178.166; -325.701
486.817;  156.001;  381.839;  431.291
487.102;  120.764; -453.154; -514.722
487.387;  681.819; -637.156; -652.718
487.672; 1206.578; -154.164;  -38.705
487.957;  754.408; -394.160; -286.711
488.241;  193.199; -290.150; -314.729
488.526;  777.958; -280.152; -148.726
488.811; 1246.681; -881.177; -818.680
489.096;  921.667; -666.154; -702.723
489.381;  496.979;    3.847;  162.275
489.666;  388.131; -428.161; -510.710
489.950;  168.870;  558.846;  627.277
490.235;  -24.807; -480.151; -458.728
490.520;  -43.295; -756.161; -723.710
490.804;  -43.504; -827.156; -736.719
491.089;    7.465; -469.149; -299.732
491.374;   32.601; -132.164;  -75.704
491.658;   -8.924; -817.147; -717.735
491.943;  181.387; -657.152; -609.727
492.227;  270.435; -178.155;  -38.721
492.512;   58.789; -294.157; -341.717
492.797;  -51.492; -713.149; -716.731
493.081;  -51.596; -588.147; -598.735
493.366;  -39.943; -751.161; -635.711
493.650;  208.484;  831.859;  917.254
493.935;   20.851; -648.147; -447.734
494.219;  -22.779; -778.142; -687.743
494.503;  -34.497; -585.150; -487.730
494.788;   39.106;   46.842;   74.285
495.072;  105.700;  184.850;  434.271
495.356;  185.418; -463.148; -343.733
495.641;  480.886; -812.146; -736.736
495.925;  466.051; -976.156; -903.719
496.209;   33.189; -599.149; -451.732
496.494;  -37.729; -763.142; -544.744
496.778;   21.214; -364.154; -360.722
497.062;  -56.249; -819.156; -627.719
497.346;  -33.615; -869.160; -640.711
497.631;  145.447;  580.852;  560.266
497.915;   68.172;  -64.145;  175.261
498.199;   53.442; -341.157; -277.718
498.483;   56.006; -562.152; -508.725
498.767;  197.351;  301.850;  300.271
499.051;  193.987; -126.149; -100.732
499.335;   14.310; -693.149; -739.731
499.619;  -38.838; -381.129; -423.767
499.903;   21.758; -272.155;  -65.721
500.187;   34.946; -588.153; -316.724
500.471;   26.586; -796.152; -595.727
500.755;  107.381;   62.839;  -96.710
501.039;   14.059; -270.155; -357.721
501.323;   91.510;  -21.141;  264.254
501.607;   36.533; -447.163; -503.706
501.891;   -4.306; -607.156; -512.718
502.174;  -17.992; -726.144; -585.741
502.458;   84.941;   89.849;  370.273
502.742;   36.960; -180.138; -191.751
503.026;  110.550; -412.147; -254.734
503.310;  177.044; -437.159; -375.713
503.593;  130.827; -464.147; -325.735
503.877;  126.876; -232.133; -156.760
504.161;  192.874;    2.847;  -50.724
504.444;  150.758; -841.158; -710.716
504.728;  464.600; -487.164; -522.704
505.012;  716.573; -257.150;  -76.729
505.295;  549.407; -417.161; -212.711
505.579;  544.976; -256.156; -496.719
505.862;  780.843; -555.145; -333.738
506.146;  777.797; -681.159; -758.714
506.429;  414.422;  568.841;  461.286
506.713;   76.170; -732.151; -667.728
506.996;  333.114;   90.846;  295.278
507.280;  347.846; -633.165; -474.703
507.563;  240.307; -469.155; -261.721
507.847;   91.297; -423.153; -112.724
508.130;   95.782; -665.161; -456.711
508.413;  131.577; -758.167; -577.700
508.697;  271.027; -151.167;   12.300
508.980;  156.824; -422.153; -312.724
509.263;    1.753; -466.155; -450.720
509.547;   46.123; -124.150;   82.271
509.830;   54.835; -172.160;  140.289
510.113;   86.551;  128.844;  298.281
510.396;   35.029; -530.152; -300.725
510.680;  153.369; -818.145; -812.738
510.963;  601.843;  184.846;  180.277
511.246;  513.831; -493.150; -357.730
511.529;  259.049; -482.145;  -83.739
511.812;  398.148; -250.134;   10.241
512.095;  263.092; -740.151; -396.728
512.378;   59.806; -317.147; -245.736
512.661;   34.018; -703.137; -623.753
512.944;   33.948; -750.142; -637.744
513.227;   76.315; -170.137; -171.752
513.510;   37.483; -479.144; -671.741
513.793;   22.240; -485.140; -435.747
514.076;  140.783;  -43.127;  -39.771
514.359;  106.940; -294.149; -135.732
514.642;   98.101; -442.142; -567.744
514.925;  763.463;  581.860;  561.253
515.208; 1025.769; -498.134; -443.758
515.491;  673.358; -276.133; -182.761
515.773;  393.812; -410.143; -337.742
516.056; 2157.924;  249.864;  409.246
516.339; 2885.978; -754.136; -652.755
516.622; 1911.203; -518.150; -488.730
516.904; 1229.269;  882.857;  975.257
517.187;  560.614; -730.138; -523.752
517.470;  409.943; -568.143; -510.743
517.752;  468.781; -624.136; -470.756
518.035;  338.926; -708.139; -725.749
518.318;  386.828; -799.136; -744.755
518.600; 2486.087; -300.132; -325.762
518.883; 3452.150;  310.858;   88.256
519.165; 1640.781; -585.138; -426.751
519.448;  383.411;  -61.132;  -19.762
519.730;  201.841; -573.126; -415.773
520.013;  293.954;  588.867;  664.240
520.295;  814.674;  -94.134;  -15.759
520.578; 1844.550; -335.131; -305.764
520.860; 2080.237; -254.132;   56.238
521.143; 1087.308; -763.135; -584.756
521.425;  509.029; -251.125; -279.775
521.707;  699.159; -622.127; -380.771
521.990; 1816.334; -199.127;  167.229
522.272; 2075.642; -116.140;   -4.748
522.554;  930.963; -237.143; -157.742
522.836;  376.022;  -24.134;   99.241
523.119;  215.974; -496.148; -189.734
523.401;  167.857; -448.130; -314.766
523.683;  109.893; -865.137; -693.753
523.965;  283.786;  408.862;  260.248
524.247;  284.076;   54.878;  170.220
524.529;  209.749; -451.134; -367.759
524.812;  366.709;   -3.130;  191.234
525.094;  865.536; -773.138; -631.751
525.376; 1395.414; -143.124;   78.223
525.658;  849.375; -441.136; -339.754
525.940;   30.471; -805.131; -671.764
526.222;   44.279; -188.136;  -88.755
526.504;  123.494; -190.131;   32.237
526.786;  187.027; -960.133; -647.760
527.068;  328.919; -124.123;  -67.778
527.349;  137.997; -865.137; -774.754
527.631;  136.936; -137.132;   22.238
527.913;  128.658; -664.127; -450.771
528.195;  175.772; -761.125; -639.774
528.477;  246.719;  -93.134;  -30.758
528.759;  129.933; -648.130; -522.766
529.040;   66.718; -569.123; -293.778
529.322;   63.325; -235.125;  -10.774
529.604;  133.586;  -47.130;   93.233
529.886;  144.316; -546.126; -302.773
530.167;  130.527;  232.870;  192.235
530.449;   58.881;    1.853;   63.265
530.731;   24.100; -572.122; -459.779
531.012;   77.371; -513.120; -216.784
531.294;   83.536; -118.116;  -43.792
531.575;  147.304;  290.875;  538.225
531.857;   60.839; -548.135; -266.757
532.138;  106.909; -113.141;   40.254
532.420;  180.785;  294.865;  403.244
532.701;  231.779; -722.133; -751.760
532.983;  361.257;  232.867;  182.239
533.264;  117.189; -243.126;  175.228
533.546;  -33.146; -491.136; -508.755
533.827;   48.651;  173.867;   -1.759
534.109;   51.039; -352.135;  -80.757
534.390;  105.240; -725.132; -582.762
534.671;  258.410; -270.135;  -82.756
534.953;  149.846; -751.123; -611.779
535.234;   35.696; -426.117; -255.789
535.515;  -64.645; -891.119; -735.785
535.796;   -5.321; -431.128; -193.770
536.078;  -98.837;-1050.124; -904.777
536.359;   11.322;  -22.123;    3.221
536.640;  -14.076; -480.125; -197.774
536.921;  155.516;  225.871;  143.232
537.202;  386.308;  -87.138;  -16.751
537.483;  463.474;  251.869;  377.236
537.764;  199.852;   17.870;   98.235
538.045;  -31.732; -543.134; -371.758
538.326;  -23.557; -596.129; -447.768
538.607;   30.010; -686.127; -476.771
538.888;  184.987;   98.879;    5.218
539.169;  195.107; -704.122; -535.781
539.450;  339.565;  236.871;   16.233
539.731;  230.591; -361.121; -182.783
540.012;  138.121;  199.880;  412.216
540.293;  100.683;   82.876;  158.224
540.574;   20.833; -895.113; -717.796
540.855;  456.765;  435.879;  377.218
541.136;  555.254;   47.878;  139.220
541.416;  276.884; -161.130; -220.766
541.697;  205.970; -274.131; -170.763
541.978; 1065.987; -270.135; -315.757
542.259; 1346.785; -211.127; -236.771
542.539;  647.380; -191.116; -186.790
542.820;  183.754;  461.875;  480.225
543.101;  136.671;  -52.145;  -77.738
543.381;   33.784; -638.127; -591.771
543.662;  268.382;  159.873; -254.771
543.942;  606.755; -751.127; -830.770
544.223; 1100.906;  193.878;  161.219
544.504;  687.338; -275.124; -182.777
544.784;  591.166; -592.126; -408.773
545.065; 1710.659;  104.884; -254.791
545.345; 2003.455;  227.881;   14.215
545.626; 1303.907;  -14.113; -108.796
545.906;  911.202;   77.869;   98.235
546.186;  370.420;   92.874;  -95.773
546.467;  196.991;   99.877;  -95.778
546.747;  334.280;  264.884;  327.210
547.027;  387.112;   91.876;  111.223
547.308;  338.504; -376.127; -530.770
547.588;  392.719;  299.871;  371.232
547.868;  197.728;  458.870;  588.235
548.149;  199.192;  609.885;  593.207
548.429;  137.683; -347.127; -299.771
548.709;  207.321; -645.120; -461.784
548.989;  491.165;   84.882;   88.213
549.269; 2129.835;   10.868;  139.239
549.550; 4978.595;  215.877;  117.222
549.830; 4448.825; -758.111; -556.799
550.110;  870.783; -468.110; -320.801
550.390;  852.250; -128.122;  -56.779
550.670; 1182.203; -868.114; -783.795
550.950;  822.039; -509.121; -471.782
551.230;  190.061;  549.879;  460.218
551.510;    8.863; -381.121; -326.782
551.790;   36.891; -173.109; -127.803
552.070;  250.091;  940.877; 1181.223
552.350;  412.609; -492.119; -377.786
552.630;  604.158;   -2.121;   77.219
552.909;  366.560;  181.884;   73.209
553.189;  243.566;  -49.132;   33.237
553.469;  196.234; -703.119; -514.786
553.749;  184.086; -469.127; -357.772
554.029;  172.825;   33.883;  -24.790
554.308;  143.071; -154.115;  -37.794
554.588;   75.403; -196.128; -204.770
554.868;   68.790; -366.121;  -47.782
555.147;  158.468; -114.115;  -46.793
555.427;  627.237; -260.116; -250.792
555.707; 3991.816; -284.115; -200.793
555.986; 4859.929; -719.111; -538.800
556.266; 2506.104;   23.884;   72.210
556.546;  127.988; -888.121; -675.782
556.825;  262.275; -657.114; -556.794
557.105; 1828.126; -125.128;   17.230
557.384; 2152.608;  122.884;  187.209
557.664;  834.711; -717.116; -508.792
557.943;  121.365; -557.121; -411.782
558.222;  190.668; -345.118; -344.788
558.502;  278.094; -116.115;  -76.793
558.781;  494.215;  194.885;  499.208
559.061;  412.743; -232.118; -227.788
559.340;  315.948;  302.883;  353.211
559.619;  731.204;   93.884;  148.210
559.899; 1062.300; -239.117; -266.789
560.178;  975.294; -778.115; -593.793
560.457; 3201.226; -623.117; -562.790
560.736; 4512.080; -472.111; -482.800
561.015; 2969.574; -500.128; -502.769
561.295;  379.436;  180.893;  215.193
561.574;  353.016;  119.885;  116.207
561.853;  507.745;  274.891;  303.197
562.132;  492.721;  -45.114;  182.206
562.411;  464.384;  396.879;  553.219
562.690;  153.964; -592.115; -458.792
562.969;  148.164;  472.888;  630.203
563.248;  496.306; 2966.878; 2487.219
563.527;  291.529; -290.111; -408.800
563.806;  400.733; -650.127; -521.771
564.085;  426.427; -297.105; -206.810
564.364;  248.003; -594.117; -405.790
564.643;  507.434; -276.121; -223.781
564.922; 1939.789;  221.890;  397.198
565.201; 1943.493; -640.109; -700.803
565.479;  844.063; -297.115; -219.792
565.758;  343.451; -810.128; -712.770
566.037;  490.244; -155.109; -100.803
566.316;  238.384; -286.116;  -28.791
566.595;   50.266;  -17.115;  -12.793
566.873;   96.781; -166.111;  -79.801
567.152;  -45.486; -490.113; -590.797
567.431;    9.030; -113.116;    6.210
567.709;   14.336; -344.107; -212.807
567.988;  269.675; -810.114; -769.794
568.266;  546.191; -160.115;  -68.793
568.545;  400.775; -644.100; -514.819
568.824;  601.313;  160.885;  356.208
569.102;  568.650; -351.114; -235.794
569.381;  245.712; -492.116; -407.792
569.659;  -33.290; -553.113; -553.796
569.938;   38.729; -743.122; -465.780
570.216;  106.397; -225.109; -225.804
570.494;  -10.572; -632.114; -572.795
570.773;   38.113;  202.879;  114.218
571.051;   17.769; -373.123; -357.778
571.330;   66.457; -221.113; -174.796
571.608;   51.068; -181.098; -173.823
571.886;  -64.177; -671.111; -581.799
572.164;  -55.510; -739.121; -621.782
572.443;  -33.820; -562.105; -512.811
572.721;  -20.573; -399.117; -289.790
572.999;  -29.105; -280.117; -168.788
573.277;   83.874;  379.894;  620.191
573.555;  308.276;   94.894;   37.190
573.834; 1389.845;  -86.117; -114.788
574.112; 1581.914;  880.893;  811.193
574.390;  493.080; -143.111;  -96.801
574.668;    9.465;  -91.112;  -61.797
574.946;    0.876; -165.106; -187.810
575.224;    1.468;   71.891;  -16.803
575.502;  -11.394; -200.116; -204.791
575.780;  -91.734; -767.112; -829.798
576.058;  225.879; 1589.889; 1004.200
576.336;  -14.715; -210.110; -129.801
576.614;  -49.359; -511.112; -340.798
576.891;   68.546; -711.115; -823.794
577.169;  504.005; -158.108; -285.805
577.447;  592.663;  169.893;  202.193
577.725;  285.971;  629.888;  854.201
578.003;    8.044;  -71.112; -371.798
578.280;  103.540; -208.104; -242.812
578.558;   73.844; -450.115; -422.793
578.836;  134.653; -210.114; -145.795
579.114;   57.514; -630.112; -670.797
579.391;   81.072;   -6.117;  -18.789
579.669;  -59.379; -595.114; -704.794
579.947;  180.660; -326.107; -127.806
580.224;  331.435; -692.107; -524.806
580.502;  319.564;  127.893;   76.193
580.779;   30.028;  -42.117;   75.210
581.057;  -68.753; -584.109; -470.804
581.334;  -87.695; -726.102; -695.815
581.612;   29.152;   54.895;  511.190
581.889;  -21.357;  -83.101; -129.818
582.167;  -24.742; -298.099; -190.821
582.444;  -91.187; -845.102; -814.817
582.721;   97.089;  657.899;  715.183
582.999;   51.505; -326.100; -167.821
583.276;  554.373; -812.123; -713.779
583.553;  737.558; -364.102; -294.816
583.831;  244.986; -607.104; -631.812
584.108;   57.353;  349.892;  174.195
584.385;   12.004; -122.102;  -98.815
584.662;  -50.843; -651.111; -828.801
584.940;   22.606;  204.889;  204.199
585.217;  -11.266;  -73.113; -303.796
585.494;   28.090;   71.890;  118.198
585.771;  201.848; -250.109; -354.804
586.048;  513.659; -196.113;  -76.796
586.325;  313.034; -721.110; -773.801
586.602;   98.215;  230.896;  213.188
586.879;  -14.648; -499.100; -580.820
587.156;   48.703; -156.105; -331.810
587.433;  -29.514; -701.102; -667.817
587.710;   70.442;  152.888;  234.202
587.987;  308.483; -264.105; -236.811
588.264;  802.593;  315.888;  387.202
588.541; 1360.393;  -61.104;   26.187
588.818; 2757.200;   72.892;  171.196
589.095; 2351.263; -163.104; -174.812
589.371;  378.196; -459.109; -414.804
589.648;   33.364; -581.107; -437.807
589.925;   43.229; -517.114; -621.795
590.202;   18.091; -741.112; -607.798
590.478;   86.435; -166.105;  -73.811
590.755;  270.056; -241.108; -132.806
591.032; 2501.361; -741.110; -699.802
591.308; 3517.784; -732.094; -790.831
591.585; 1805.761; -573.110; -560.802
591.862;  136.962;-1056.102; -950.817
592.138;   63.329; -475.108; -474.805
592.415;  167.866; -486.104; -495.813
592.691; 1472.314;  460.896;  518.188
592.968; 1893.095; -208.098; -123.824
593.244;  923.355; -695.116; -595.790
593.521;   75.688; -105.102;  -42.817
593.797;  -11.623; -810.122; -720.780
594.074;  332.508; -611.096; -588.826
594.350;  661.669;  828.905;  729.172
594.626;  325.432; -303.111; -283.801
594.903;  132.313; -643.101; -645.817
595.179;  206.120;  243.896;  418.187
595.455;   19.965; -136.107; -150.807
595.731;   16.521;  -19.103;  -38.814
596.008;  -33.674; -464.111; -434.800
596.284;   37.529; -187.100; -242.820
596.560;   82.541; -501.093; -493.833
596.836;  216.330; -173.105;  -70.810
597.112;  329.054; -582.108; -437.805
597.388;  312.131;  -49.097;  -48.826
597.665;  117.937;  437.887;  530.203
597.941;  -49.629; -572.089; -658.839
598.217;   28.715; -323.110; -293.802
598.493;  272.574;   61.891; -204.804
598.769;  524.098; -175.100;  -50.819
599.045;  322.207; -490.108; -562.806
599.321;   51.678; -193.100; -261.820
599.597;  148.724; -355.109; -476.804
599.872;  499.942;  409.896;  429.187
600.148;  371.257;  -61.097; -172.826
600.424;  293.687;   91.893;  202.193
600.700;  230.190; -170.107; -280.807
600.976;  121.001; -442.097; -464.825
601.252;  253.995; -226.109; -272.803
601.527;  223.043; -833.104; -840.813
601.803;  145.486; -453.105; -404.812
602.079;  185.798; -124.100; -118.819
602.354;  579.726; -620.092; -531.835
602.630;  831.334; -140.113; -482.796
602.906; 2329.643; -910.101; -863.818
603.181; 6844.909; -627.119; -534.786
603.457; 5803.505;   98.903; -278.826
603.733;  839.017; -605.120; -626.783
604.008;  974.902; -245.106; -164.810
604.284; 3115.715; -636.101; -580.817
604.559; 2700.396;   -3.112;  -42.799
604.835;  486.705; -163.105; -225.810
605.110;  436.483; -732.099; -892.821
605.385;  691.118;  224.907;  267.167
605.661;  650.847; -625.095; -729.829
605.936; 1185.158; -664.108; -737.806
606.211; 1004.628;  -17.103; -170.815
606.487;  205.749; -329.114; -376.794
606.762;   37.159; -791.119; -745.786
607.037;  -17.720; -501.105; -433.810
607.313;  -43.785; -589.096; -574.828
607.588;    9.051; -375.106; -137.810
607.863;   43.343;  -28.101; -143.818
608.138;  168.763;  513.890;  516.198
608.413;   33.987; -576.099; -592.822
608.688;   53.879; -203.108; -267.805
608.964;  223.595; -509.106; -218.809
609.239;  241.352; -107.105; -212.810
609.514;  260.885;  281.895;  240.188
609.789;  669.840; -187.104; -716.812
610.064;  865.614; -435.096; -609.827
610.339;  893.096; -855.109; -799.804
610.614; 1223.753; -131.100; -315.820
610.889;  661.535;  215.895;  107.188
611.163;   35.461; -407.104; -591.812
611.438;   93.800;   81.886; -167.794
611.713;    7.940; -467.101; -499.817
611.988;   57.967; -144.101; -328.818
612.263;  -11.570; -771.102; -717.815
612.538;  191.534;  385.887;  251.204
612.812;  190.805; -832.100; -911.820
613.087;  137.718; -358.098; -338.823
613.362;  -50.360; -497.107; -557.807
613.637;   44.374;  261.897;  138.186
613.911;  -17.299; -256.092; -345.835
614.186;  132.488; -249.107; -292.807
614.460;  673.647; -842.081; -758.854
614.735;  787.494;  -55.087;  -17.843
615.010;  178.959;   43.912;  -82.841
615.284;  254.078;  360.892;  246.195
615.559;  377.100; -792.092; -955.835
615.833;  287.660;  -76.099;  -87.822
616.108;    7.512; -225.090; -390.837
616.382;  145.396;  274.913;  402.156
616.656;  166.213; -241.090; -232.837
616.931;  505.536; -785.099; -700.822
617.205; 1081.794; -973.104; -979.813
617.480;  993.277;  -91.125;    6.225
617.754;  152.000; -396.125; -128.774
618.028;   25.045; -369.129; -382.768
618.302;   63.702;   73.892;  -25.805
618.577;  -33.850; -371.103; -518.815
618.851;  -59.908; -399.109; -600.803
619.125;  -40.276; -335.134; -378.759
619.399;  -33.431; -244.104; -374.813
619.673;  -39.262; -330.115; -515.792
619.947;  -40.147; -333.114; -448.795
620.222;  -13.817; -198.110; -204.801
620.496;    0.240;  -47.121;  -96.782
620.770;    7.381; -187.122;  -93.781
621.044;  209.403;  323.895;  346.190
621.318;  749.268; -653.120; -614.783
621.592;  675.216; -430.121; -409.783
621.866;  380.872; -476.112; -572.799
622.140;   30.981; -207.116; -356.791
622.413;   64.476;  138.889;  112.200
622.687;  -47.835; -746.101; -492.817
622.961;   24.402; -130.108; -143.805
623.235;  -49.798; -633.111; -661.800
623.509; -101.790; -816.105; -848.811
623.783;   26.936;  -12.107;   48.193
624.056;  -12.781; -254.120; -280.783
624.330;   44.115;   63.888;   -3.797
624.604;   43.828; -271.116; -355.790
624.877;   84.937;  180.890;   26.198
625.151;   38.697; -249.114; -238.794
625.425;  -27.704; -150.103; -283.814
625.698;  -55.797; -367.119; -374.785
625.972;  -86.535; -799.110; -765.802
626.245;   78.855;  685.884;  484.210
626.519;  -51.627; -426.120; -340.784
626.792;  -38.035; -192.107; -380.807
627.066;  -89.276; -485.122; -662.779
627.339;  -96.089; -736.110; -663.802
627.613;   47.047;  351.880;  148.216
627.886;   61.717;  187.891; -612.803
628.160;  -17.658;  312.880; -161.783
628.433;  -90.120; -695.125; -703.775
628.706;  -73.877; -517.120; -615.784
628.979;   33.962;  296.876;  117.223
629.253;  -94.592; -785.119; -833.786
629.526;  376.564; -334.126; -253.772
629.799;  356.569; -641.123; -479.778
630.072;  175.021; -497.128; -516.769
630.346;  -48.220;-1115.116;-1080.790
630.619;  466.841; -467.107; -545.808
630.892;  643.077;  709.889;  593.200
631.165;  340.794;  790.896;  679.187
631.438;  -70.657;-1092.112;-1055.798
631.711;   37.022;  453.877;  257.221
631.984;  -48.375; -523.117; -624.789
632.257;  -52.853; -636.117; -681.789
632.530;  -37.546; -412.119; -433.785
632.803;   22.770; -109.115;    7.207
633.076;  -77.284; -360.123; -422.777
633.349;    7.225;  173.872;  121.231
633.622;  -43.723; -187.119; -240.785
633.895; -119.331; -903.120; -823.783
634.167;  -48.559; -496.126; -525.773
634.440;   -4.939;  -19.116; -137.792
634.713;  -16.018;  -22.119; -120.786
634.986;   70.115;  593.871;  453.233
635.258;  -70.407; -507.115; -597.793
635.531;  100.617;  742.882; -343.788
635.804;  -27.151; -303.117; -318.789
636.077;  -78.518; -830.116; -852.791
636.349;   -7.408; -586.115; -474.793
636.622;  383.163; 1695.874; 1392.228
636.894;  239.173; -474.120; -909.784
637.167;  169.932; -836.127; -789.771
637.439;   44.403; -278.128; -213.770
637.712;  -45.410; -312.126; -293.772
637.984;  -80.792; -635.116; -707.791
638.257;  374.066;  515.877;  488.222
638.529;  589.181; -881.125; -924.776
638.802;  258.646; -508.128; -449.769
639.074; -114.719; -927.122; -952.781
639.346; -124.784; -942.135; -930.757
639.619;   -3.876;  -79.142; -319.744
639.891;    2.749;  -83.122; -168.779
640.163;  -78.499; -689.122; -756.780
640.435;   37.878;  273.878;  103.220
640.708;    2.805;  -72.122; -132.780
640.980;  -21.118; -366.122; -362.781
641.252;  181.084;  -25.121;  -71.781
641.524; 1796.310;  580.879;  573.219
641.796; 1847.487;-1094.121; -907.782
642.068;  329.139; -191.121; -300.782
642.340;  -52.484; -486.121; -566.783
642.613;   41.843;  294.880;  323.217
642.885;  -93.305; -787.120; -878.783
643.157;  -51.503; -810.120; -658.784
643.428;   61.773;  170.880;  218.216
643.700;  -65.575; -498.120; -425.784
643.972;  -38.898;  -16.119; -133.785
644.244;  -82.171; -474.119; -559.785
644.516;  -44.494; -250.119; -114.786
644.788;   56.508;  662.881;  548.214
645.060;  -17.015;  -12.119; -124.786
645.332; -103.213; -525.118; -535.787
645.603;   26.488;  479.882;  342.213
645.875;  -69.210; -334.118; -369.787
646.147;  150.967; 1487.882; 1242.212
646.418;  -60.306; -931.117; -918.788
646.690;  149.446; -714.117; -715.789
646.962;   44.448; -413.117; -451.789
647.233;  -15.000;   15.883;   11.211
647.505; -102.323; -595.117; -475.790
647.776;   16.003;  328.884;  229.210
648.048;   -4.720; -248.116; -418.790
648.320;  -66.493; -752.116; -679.791
648.591; -160.616;-1055.116; -958.791
648.862;  -97.189; -505.116; -577.792
649.134;   10.963;  115.885;  198.208
649.405;  -53.910; -661.115; -618.792
649.677;  -46.084; -475.115; -598.793
649.948;    2.168; -181.115; -296.793
650.219;   -4.405;  -37.115; -147.793
650.491;  -81.503; -431.114; -520.794
650.762; -117.351; -705.114; -731.794
651.033;  -75.524; -437.114; -424.795
651.304;  -94.022; -743.114; -728.795
651.576;  -71.245; -680.114; -645.795
651.847;  -35.144; -250.113; -140.796
652.118;  -21.692;  -32.113; -189.796
652.389; -116.840; -639.113; -722.796
652.660;  -34.313; -147.113;  -89.797
652.931; -139.911; -897.112; -871.797
653.202;  -72.509; -382.112; -541.798
653.473;  -57.757; -633.112; -533.798
653.744;  146.645; -595.112; -590.798
654.015;  158.946; -356.112; -303.799
654.286;  -67.577; -642.111; -663.799
654.557;  -56.750; -586.111; -521.799
654.828; -156.873;-1114.111;-1088.800
655.099;  -76.671; -404.111; -291.800
655.370;  -94.144; -427.111; -543.801
655.641; -103.617; -656.110; -714.801
655.911;  -94.591; -618.110; -638.801
656.182;   43.536;  437.890;  387.198
656.453;   80.388;  830.890;  746.198
656.724;  -70.935; -466.110; -426.802
656.994;  -81.608; -553.109; -568.803
657.265; -108.781; -862.109; -873.803
657.536;  -78.479; -500.109; -377.804
657.806; -101.877; -561.109; -593.804
658.077; -130.701; -866.109; -950.804
658.347;  -79.599; -523.108; -598.805
658.618; -114.197; -646.108; -694.805
658.888;  -15.970;  -41.108;  112.195
659.159;  -76.343; -432.108; -548.806
659.429;  -10.591; -292.108; -349.806
659.700;    9.486; -435.107; -390.807
659.970;  -12.538; -370.107; -359.807
660.241;   13.714; -754.107; -921.807
660.511;  506.716; -147.107; -174.808
660.781;  102.718; -793.106; -748.808
661.052;  -55.730; -222.106; -381.808
661.322;  -25.453;   21.894;   -9.809
661.592;   12.924;  257.894;  148.191
661.862;  -85.024; -369.106; -382.810
662.133;  -82.098; -551.105; -502.810
662.403; -102.696; -770.105; -676.810
662.673;  -43.119; -256.105; -213.811
662.943;  -96.392; -612.105; -551.811
663.213;   -3.490;  -85.105;  -81.811
663.483;  -82.888; -593.104; -568.812
663.753;  -52.686; -194.104; -152.812
664.023;   -5.609;   68.896;  -32.813
664.293;  -65.333; -319.104; -126.813
664.563; -109.256; -694.104; -648.813
664.833; -124.179; -743.103; -608.814
665.103; -130.627; -730.103; -793.814
665.373; -106.600; -766.103; -806.814
665.643;  -81.723; -863.103; -918.815
665.913;   43.454; -534.103; -714.815
666.182;  146.680; -685.102; -719.816
666.452;  262.932;  -22.102;  -89.816
666.722;  -21.416; -724.102; -784.816
666.992; -118.389; -948.102; -921.817
667.261;  -82.137; -824.102; -808.817
667.531;  191.215;  134.899;   45.183
667.801;  549.342; -440.101; -412.818
668.070;  233.669;  714.899;  697.182
668.340;  -87.080; -883.101; -840.819
668.609;   97.072;  588.900;  301.181
668.879;  -71.501; -490.100; -558.819
669.149;  -77.174; -539.100; -516.820
669.418;  -95.372; -698.100; -726.820
669.688;  -36.170; -482.100; -666.820
669.957;   80.782; -423.099; -546.821
670.226;  -17.166; -268.099; -331.821
670.496;  -99.515; -431.099; -635.822
670.765;  -85.038; -418.099; -501.822
671.034; -132.786; -872.099; -828.822
671.304;    3.441;   55.902; -111.823
671.573; -145.282;-1085.098; -957.823
671.842;   75.270; -380.098; -294.823
672.112;   40.597; -692.098; -586.824
672.381;   -9.852; -239.098; -214.824
672.650; -136.450;-1005.097;-1021.825
672.919;  -82.273; -631.097; -507.825
673.188;  -93.946; -681.097; -878.825
673.457; -148.319;-1101.097;-1143.826
673.726;  -95.992; -579.096; -646.826
673.995;  -37.640; -533.096; -479.826
674.265;  -16.763; -263.096; -333.827
674.534;   16.988; -183.096; -235.827
674.802;    3.965; -618.096; -703.828
675.071;  984.017; -886.095; -801.828
675.340; 3977.144; -464.095; -339.828
675.609; 1330.546;  103.905;   82.171
675.878;   95.348; -949.095; -893.829
676.147;   27.775;  -26.095;   -8.829
676.416;   96.451; -210.094; -294.830
676.685;  752.703; 1000.906; -622.830
676.953;  120.980; -603.094; -452.831
677.222;  -20.218; -193.094; -273.831
677.491;  -18.441;  -24.094; -127.831
677.759;  -10.914;   11.907;  172.168
678.028;   -6.887; -279.093; -222.832
678.297;   -4.785;   71.907;  197.168
678.565; -140.959; -898.093; -944.833
678.834;  -62.982; -311.093; -268.833
679.102;  -84.230; -411.092; -391.834
679.371; -137.028; -898.092; -727.834
679.639; -137.151; -797.092; -786.834
679.908; -124.599; -794.092; -724.835
680.176; -146.022; -895.091; -941.835
680.445;  -68.420; -346.091; -352.835
680.713;  -16.969;  -58.091;  -23.836
680.982;  -76.167; -523.091; -525.836
681.250; -102.315; -578.091; -507.837
681.518;  -81.613; -534.090; -751.837
681.787;  -21.086; -204.090; -167.837
682.055;  -53.959; -490.090; -422.838
682.323; -149.557; -993.090; -992.838
682.591;   38.169; -216.090; -538.838
682.859;   97.546;    9.911;  -35.839
683.128;   30.548;  232.911;  497.161
683.396; -160.350;-1102.089;-1122.840
683.664;  -35.623; -241.089;   21.160
683.932;    2.279;  144.911;  -76.840
684.200;  -94.719; -576.088; -320.841
684.468;   -8.992;  -73.088; -124.841
684.736;  -36.416; -214.088; -175.841
685.004; -122.189;-1024.088; -982.842
685.272;  -42.537; -880.088; -774.842
685.540;  -62.710; -499.087; -557.843
685.808;  -81.983; -651.087; -682.843
686.076; -106.781; -894.087; -969.843
686.343;  -54.129; -601.087; -815.844
686.611;   40.298; -195.087; -224.844
686.879;  432.999; -530.086; -553.844
687.147; 3320.576; -483.086; -480.845
687.414;  957.503;  -12.086; -169.845
687.682;   19.055; -658.086; -757.846
687.950;  315.457;  259.915;  263.154
688.217;   15.634; -792.085; -760.846
688.485;  -13.039; -632.085; -636.847
688.753;  554.437;  -11.085; -102.847
689.020;  172.714; -820.085; -851.847
689.288; -101.334; -853.084; -787.848
689.555;  -27.457; -195.084; -148.848
689.823;  -40.030; -241.084; -345.849
690.090;  -82.353; -546.084; -651.849
690.358; -142.876; -877.084; -897.849
690.625;    6.826;  120.917;   45.150
690.892;  -69.873; -403.083; -369.850
691.160;   -9.271;   72.917;  -35.850
691.427;   -1.194;  141.917;  130.149
691.694; -117.167; -855.083; -929.851
691.962; -131.840;-1177.082;-1060.852
692.229;   22.162;  127.918;   56.148
692.496;   84.889;  130.918;  -49.852
692.763;   14.316; -164.082; -201.853
693.031;  -72.883; -739.082; -716.853
693.298;  -39.756; -509.081; -368.853
693.565;  297.321; -155.081; -163.854
693.832; 1309.523;   -5.081;   -9.854
694.099;  157.950; -643.081; -642.855
694.366;  -39.748; -882.081; -896.855
694.633;  -39.596; -920.080; -633.855
694.900;  739.680; 4367.920; -114.856
695.167;  444.332; -214.080; -380.856
695.434;   96.659; -646.080; -623.856
695.701;  198.286;  121.921;  -61.857
695.968;  487.538; -365.079; -361.857
696.234;  971.015; -415.079; -646.858
696.501;10419.167; -776.079; -614.858
696.768; 5484.769; -554.079; -617.858
697.035;  319.720; -632.078; -667.859
697.302;   38.372; -448.078; -552.859
697.568;    0.824; -458.078; -497.859
697.835;  -28.324; -683.078; -624.860
698.102;  -25.322; -498.078; -407.860
698.368;   72.155;  384.923;  396.139
698.635;  -25.468;  -47.077; -424.861
698.901;  -22.792; -240.077; -348.861
699.168;   67.085; -534.077; -456.862
699.435;   70.462;  -72.077;  -13.862
699.701; -108.461; -868.076; -764.862
699.968;   15.316;  144.924; -441.863
700.234; -100.632; -783.076; -822.863
700.500;  -74.105; -448.076; -539.864
700.767;    9.272;   -1.075;   26.136
701.033; -145.252;-1015.075; -963.864
701.299;  -48.550; -450.075; -483.865
701.566;  114.127;  950.925;  763.135
701.832;   26.254;  -31.075;  -76.865
702.098;  -94.819;-1054.074;-1034.866
702.365;  -73.117;-1098.074;-1030.866
702.631;  -18.740;-1038.074;-1063.867
702.897; 1349.962; -765.074; -676.867
703.163; 2367.238;  348.926;  254.133
703.429;  162.015; -256.073; -273.868
703.695;  -34.508; -796.073; -792.868
703.961;   20.269; -214.073; -210.868
704.227;  -20.829; -630.073; -725.869
704.493;  138.223;  613.927;  510.131
704.759;  -14.675; -565.072; -540.870
705.025;   25.151; -203.072; -194.870
705.291;  -16.172; -666.072; -562.870
705.557;  185.705;  719.928;   34.129
705.823;   37.232; -742.072; -694.871
706.089;  151.734; -307.071; -326.871
706.355;  347.061; -315.071; -244.872
706.620; 5490.788; -776.071; -729.872
706.886; 8087.740; -309.071; -362.873
707.152;  770.591; -818.070; -973.873
707.418;   -2.532;-1153.070;-1186.873
707.683;   -3.155; -550.070; -530.874
707.949;  -48.053; -547.070; -578.874
708.215;    7.049; -129.070; -207.874
708.480;  -20.174; -520.069; -420.875
708.746;  107.678;   68.931;   28.125
709.011;  -53.820; -578.069; -612.876
709.277;  -75.894; -538.069; -543.876
709.542;  -44.442; -428.069; -387.876
709.808;   10.635;  -59.068;   89.123
710.073;  -71.963; -577.068; -695.877
710.339;  -20.061; -242.068; -228.877
710.604;   83.091; -780.068; -845.878
710.869;  341.893; -277.068; -366.878
711.135;  -68.006; -715.067; -628.879
711.400;  -84.304; -507.067; -608.879
711.665;  -49.627; -404.067; -479.879
711.931;  -79.725; -661.067; -677.880
712.196; -107.648; -876.067; -954.880
712.461;  103.829; -402.066; -490.880
712.726;  158.706; -727.066; -771.881
712.991;  -79.192; -647.066; -664.881
713.256;  -41.866; -350.066; -332.882
713.521;  -51.614; -417.065; -381.882
713.787;  -59.987; -454.065; -472.882
714.052;  -24.485; -214.065; -400.883
714.317;  -91.858;-1045.065; -981.883
714.581; 1002.419; -374.065; -268.883
714.846; 1484.346; -822.064; -888.884
715.111;  134.772;  261.936;  257.116
715.376;  -18.451;  -86.064; -223.885
715.641;  -12.499; -365.064; -367.885
715.906;  291.453;   15.936; -551.885
716.171;  131.980;  221.937;  209.114
716.436;   46.282;  -78.063; -104.886
716.700; -104.891; -818.063; -692.886
716.965; -127.314; -794.063; -807.887
717.230;  -60.088; -339.063; -392.887
717.494;  -23.686;  -40.062; -134.888
717.759;  -85.109; -784.062; -640.888
718.024;   -2.907;  269.938;  250.112
718.288;   80.870;  685.938;  395.111
718.553; -146.728; -803.062; -977.889
718.817; -131.976; -883.061; -899.889
719.082;  -39.949; -115.061; -125.890
719.346; -140.448;-1000.061; -947.890
719.611;  -47.996; -300.061; -255.891
719.875;  -98.394; -568.060; -537.891
720.140;  -59.492; -453.060; -603.891
720.404;   42.635; -136.060; -249.892
720.668;  836.937; -475.060; -411.892
720.933;  347.114;  146.940;  137.108
721.197;  -99.710; -667.059; -600.893
721.461; -134.858; -851.059; -826.893
721.725;   -7.556;  -21.059; -250.894
721.990;  -42.279; -284.059; -204.894
722.254;  -41.852;  -26.059; -108.894
722.518;  -63.000; -286.058; -442.895
722.782;  -90.123; -743.058; -594.895
723.046;  124.079;  614.942;  570.105
723.310;   30.130;  374.942;  210.104
723.574; -101.293; -654.058; -614.896
723.838;  -88.491; -576.057; -642.897
724.102;  -39.489; -226.057; -239.897
724.366; -138.437;-1032.057; -978.897
724.630;  -94.710; -749.057; -571.898
724.894;  -72.183; -722.057; -514.898
725.158;    1.494;   38.944; -295.898
725.422;  -55.830; -394.056; -327.899
725.685;  -60.828; -441.056; -349.899
725.949;  -76.351; -566.056; -519.900
726.213;  -70.799; -732.056; -811.900
726.477;  175.528;-1020.055; -933.900
726.740;  147.480; -274.055; -104.901
727.004;  314.757; -384.055; -510.901
727.268; 3322.583; -442.055; -400.901
727.531;  981.585; -961.055; -775.902
727.795;  -43.388; -713.054; -673.902
728.059;  -58.136; -552.054; -557.903
728.322;  -77.909; -841.054; -669.903
728.586;   33.568; -692.054; -701.903
728.849;  -83.580; -695.053; -756.904
729.112;  -95.403; -812.053; -912.904
729.376; -125.727; -959.053; -905.904
729.639;  -68.100; -536.053; -536.905
729.903; -102.823; -733.053; -699.905
730.166;  -51.371; -437.052; -399.906
730.429;  -40.919; -317.052; -468.906
730.693;  -73.867; -355.052; -894.906
730.956;  192.285;  810.948;  651.093
731.219;  735.112; -310.052; -103.907
731.482;  119.913;-1003.051; -894.907
731.745;  112.190; -794.051; -935.908
732.009;   34.342;  -30.051;   50.092
732.272;  -83.356; -904.051; -771.909
732.535;  -42.104; -300.051; -310.909
732.798; -138.902;-1083.050;-1166.909
733.061;  -50.225; -430.050; -456.910
733.324;    5.151;   31.950; -180.910
733.587;   61.628;  290.950;  365.090
733.850;  -73.670; -973.049;-1050.911
734.113;   15.332;   33.951;   32.089
734.376;  -11.741; -328.049; -447.912
734.639;  226.736; 1188.951; 1011.088
734.901;   59.413; -180.049; -402.912
735.164;  481.490; -883.048; -837.913
735.427; 1344.391; -166.048; -355.913
735.690;  127.768; -205.048; -234.913
735.952;  -18.530; -923.048; -925.914
736.215;  -12.428;-1113.048;-1009.914
736.478;   39.474; -771.047; -774.915
736.740;  214.901;   33.953;  129.085
737.003;  649.403; -658.047; -672.915
737.266; 4134.579;  -94.047;   46.084
737.528;  464.731; -682.047; -660.916
737.791;  325.233; -316.046; -327.916
738.053;  793.060;  465.954;  649.083
738.316;10648.662; -162.046; -136.917
738.578; 8126.639; -770.046; -736.918
738.841;  458.041; -382.046; -446.918
739.103;  181.293; -875.045; -777.918
739.365;  521.244;   79.955;  -69.919
739.628;    7.996; -884.045; -805.919
739.890;  -17.052; -758.045; -710.919
740.152;  -40.875; -692.044; -754.920
740.414;    3.077; -408.044; -359.920
740.677;  -31.571; -785.044; -634.921
740.939;  -50.394; -587.044; -487.921
741.201;  264.808; -432.044; -572.921
741.463;   50.084; -689.043; -745.922
741.725;   20.386;  -21.043; -199.922
741.987;   52.863;  220.957;  116.078
742.249;   12.915; -751.043; -859.923
742.511;  221.317; -703.043; -794.923
742.773;   19.444; -546.042; -546.924
743.035;  123.746;  796.958;  533.076
743.297;  -28.353; -963.042;-1013.924
743.559;  756.474; -278.042; -262.925
743.821;   77.151; -735.042; -744.925
744.083;   20.628;  -44.041; -149.925
744.345;  -92.570; -869.041; -892.926
744.607;   33.282;   75.959;  122.074
744.868;  -49.341; -490.041; -554.927
745.130;  -99.289; -994.041;-1008.927
745.392;   29.237;   -1.040;  -44.927
745.653;  -12.636; -411.040; -378.928
745.915;  148.966;  896.960;  631.072
746.177;   54.043;   35.960;  -43.928
746.438;    4.120; -428.040; -543.929
746.700;  -36.553; -947.039; -988.929
746.961;    8.624; -659.039; -740.930
747.223;  136.026; -190.039;  -74.930
747.484;   88.477; -391.039; -471.930
747.746;  147.829;  -23.038; -106.931
748.007;  108.281; -647.038; -689.931
748.269;  297.708; -468.038; -440.931
748.530;  498.335; -852.038; -638.932
748.791;  296.812; -354.038; -420.932
749.053;  445.239;  286.963;  163.067
749.314;  465.215; -236.037; -169.933
749.575;  528.917; -945.037; -905.933
749.836;  841.819; -217.037;   86.066
750.098; 2363.221;  -60.037;  -21.934
750.359;36497.473;  414.964;  555.066
750.620;10050.250; -121.036; -220.935
750.881; 1063.077; -585.036; -513.935
751.142; 1349.279; -950.036; -938.936
751.403;16466.155; -789.036; -705.936
751.664; 7888.382;-1034.035; -999.936
751.925;  515.009; -175.035; -262.937
752.186;  296.886; -298.035; -278.937
752.447;  128.338; -590.035; -445.937
752.708;   54.865; -532.035; -648.938
752.969;   13.617; -566.034; -576.938
753.230;   -2.582; -777.034; -672.939
753.491;   16.620; -650.034; -631.939
753.751;   63.947;  109.966;   19.061
754.012;  100.799;  258.967;  181.060
754.273;   59.251; -174.033;  -71.940
754.534;   19.453; -487.033; -580.940
754.794;  -82.320; -926.033; -911.941
755.055;  131.907; 1051.967;  881.059
755.316;  -39.392; -700.032; -566.942
755.576;  -22.640; -606.032; -576.942
755.837;  -37.138; -527.032; -695.942
756.097;  -35.661; -530.032; -564.943
756.358;  -71.709; -725.032; -770.943
756.618;  -38.707; -705.031; -641.943
756.879;   19.970; -254.031; -349.944
757.139; -118.103;-1098.031;-1116.944
757.400;  -46.127; -538.031; -553.945
757.660;   -5.025; -365.031; -401.945
757.920;   22.502; -266.030; -228.945
758.181;  -13.346; -468.030; -351.946
758.441;  -79.619; -870.030; -809.946
758.701;  -29.217; -308.030; -215.946
758.961;  -20.490; -220.030; -278.947
759.222;  -40.789; -574.029; -502.947
759.482;  -73.687; -683.029; -723.948
759.742;  -75.860; -706.029; -547.948
760.002;   -2.483;  -83.029; -143.948
760.262;   26.219;   50.972;  182.051
760.522;  -43.929; -498.028; -574.949
760.782;  -52.277; -738.028; -612.949
761.042;  -35.650; -618.028; -573.950
761.302;   52.101;   55.972;  -18.950
761.562;   53.353; -164.027; -154.951
761.822;   71.705; -710.027; -551.951
762.082;  -25.768;-1104.027;-1093.951
762.342;   82.759; -328.027; -403.952
762.601;   85.236; -567.027; -506.952
762.861;  380.788; -281.026; -207.952
763.121;  416.240; -406.026; -411.953
763.381; 7314.891; -499.026; -485.953
763.640; 8764.518; -139.026; -307.954
763.900;  390.820; -242.026; -203.954
764.160;  100.572; -458.025; -491.954
764.419;    1.124; -726.025; -782.955
764.679;  -63.974; -795.025; -726.955
764.939;   -8.122; -124.025; -210.955
765.198;  -79.446; -608.025; -563.956
765.458;  -81.569; -710.024; -612.956
765.717;  -75.117; -454.024; -590.957
765.976;  -57.490; -428.024; -411.957
766.236;  -64.038; -475.024; -610.957
766.495;   12.914;  260.977;   73.042
766.755;  -96.734;-1090.023; -987.958
767.014;   -3.257; -594.023; -665.958
767.273;  -54.731; -373.023; -397.959
767.533;  -35.729; -228.023; -307.959
767.792;  -16.577; -151.022; -188.960
768.051;  -62.875; -228.022; -276.960
768.310;  -71.123; -546.022; -650.960
768.569;   -2.621; -161.022;    4.039
768.828;  -29.969; -285.022; -363.961
769.088; -107.318;-1050.021; -942.961
769.347;  -76.966; -755.021; -599.962
769.606;  -97.039; -876.021; -857.962
769.865; -114.712;-1016.021;-1033.963
770.124;    1.040; -411.021; -336.963
770.383;  -47.333; -778.020; -910.963
770.641;   -4.306; -398.020; -400.964
770.900;  -60.354; -953.020; -846.964
771.159;  -36.453; -851.020; -951.964
771.418;  -12.926; -917.020; -779.965
771.677;  139.551; -224.019; -293.965
771.936;  154.303; -794.019; -865.966
772.194; 2021.930; -465.019; -437.966
772.453;11454.432; -213.019; -391.966
772.712;  828.984;  416.982;  329.033
772.970;  133.436;   32.982;   63.033
773.229;   80.462;  -22.018;  102.033
773.488;  -84.586; -814.018; -770.968
773.746;   71.616;  296.982;  335.032
774.005;    6.993;  190.983;  -22.969
774.263;    6.370;  243.983;  177.031
774.522;  -45.853; -422.017; -548.969
774.780;  -84.326; -484.017; -417.970
775.039;  -93.000; -551.017; -531.970
775.297;  -19.548; -135.016; -351.970
775.555; -101.546; -489.016; -612.971
775.814; -126.719; -618.016; -570.971
776.072; -119.242; -749.016; -740.971
776.330;  -94.015; -630.016; -520.972
776.589; -125.388; -703.015; -721.972
776.847; -119.986; -645.015; -624.973
777.105; -169.910;-1016.015;-1032.973
777.363;  -97.158; -459.015; -454.973
777.621; -129.931; -660.015; -717.974
777.879;  -34.454;  -42.014;   32.026
778.138;  -96.002; -554.014; -717.974
778.396;  -98.175; -585.014; -526.975
778.654; -153.873;-1015.014; -970.975
778.912;  -69.421; -269.014; -371.976
779.170; -134.395; -880.013; -803.976
779.427; -143.768; -922.013; -897.976
779.685; -135.741; -880.013; -832.977
779.943;  -88.189; -654.013; -593.977
780.201; -154.137; -964.012; -883.978
780.459; -112.860; -651.012; -610.978
780.717;  -79.233; -440.012; -390.978
780.974;  -95.682; -449.012; -490.979
781.232;  -84.280; -358.012; -338.979
781.490;  -73.153; -551.011; -472.979
781.747; -108.651; -555.011; -476.980
782.005;   15.501;  462.989;  254.020
782.263; -165.222; -542.011;-1004.981
782.520;  -76.770; -326.011; -501.981
782.778; -169.193;-1013.010;-1051.981
783.035; -163.792; -962.010; -938.982
783.293;  -70.390; -248.010; -206.982
783.550;  -62.113; -134.010; -198.982
783.808; -127.636; -764.010; -776.983
784.065; -163.759; -745.009; -874.983
784.322;  -47.207;   25.991;  -86.984
784.580; -139.280; -915.009; -771.984
784.837;  -91.553; -392.009; -466.984
785.094; -137.852; -783.009; -762.985
785.352;  -67.800; -304.008; -404.985
785.609;  -86.548; -934.008; -839.985
785.866;  -70.796; -345.008; -401.986
786.123;  -71.219; -639.008; -583.986
786.380;  -98.917; -665.008; -604.987
786.637;  -49.040; -225.007; -380.987
786.895;  -11.789; -456.007; -543.987
787.152;  -45.762; -135.007; -267.988
787.409;  -50.835; -123.007; -225.988
787.666;  -84.458; -299.006; -378.988
787.923; -106.731; -616.006; -695.989
788.179;  -85.704; -551.006; -584.989
788.436; -106.352; -585.006; -585.990
788.693;  -44.300;  -92.006;  -87.990
788.950;  140.876; -125.005; -112.990
789.207;  243.753; -381.005; -372.991
789.464;  -42.995; -161.005; -301.991
789.720;   -6.043;  150.995;  110.009
789.977; -163.441;-1003.005; -671.992
790.234;  -26.764;   44.996;  -66.992
790.490; -141.137; -884.004;-1031.993
790.747;  -12.511;  -85.004;   22.007
791.004;  -19.509; -426.004; -348.993
791.260;  -81.657; -430.004; -560.994
791.517; -113.980; -843.003; -788.994
791.773;  -39.478; -379.003; -342.994
792.030; -124.001; -596.003; -660.995
792.286;  -95.349; -686.003; -636.995
792.543;  -17.947;  -74.002; -159.995
792.799;  -53.146; -584.002; -382.996
793.055; -152.969;-1179.002;-1210.996
793.312;  -92.067; -827.002; -816.997
793.568;  -62.340; -746.002; -599.997
793.824;    2.637; -226.001; -284.997
794.081;   33.189; -447.001; -508.998
794.337;   85.841; -664.001; -561.998
794.593; 1205.418; -319.001; -271.999
794.849; 6872.069; -746.001; -772.999
795.105;  387.246; -270.000; -261.999
795.361;    8.398; -490.000; -457.000
795.617;  -56.050; -875.000; -945.000
795.873;  -40.350; -360.000; -407.000
796.129;  -33.950; -368.000; -306.000
796.385;  -20.400; -124.000; -156.000
796.641;   64.050;  412.000;  550.000
796.897;  -75.450; -666.000; -635.000
797.153;   69.775;  453.000;  357.000
797.409;  -98.500; -785.000; -868.000
797.665;  -62.200; -625.000; -732.000
797.921;  -56.950; -775.000; -762.000
798.176;  -53.525; -744.000; -747.000
798.432;  -52.675; -824.000; -596.000
798.688;  -65.025;-1174.000;-1078.000
798.943;   83.250; -165.000; -147.000
799.199;    0.850;-1005.000; -959.000
799.455;  252.525;  369.000;  316.000
799.710;  133.350; -813.000; -380.000
799.966;  301.850; -162.000; -160.000
800.221;  483.225; -638.000; -721.000
800.477;10005.850; -743.000; -710.000
800.732;10104.300; -773.000; -800.000
800.988;  656.650;  205.000;  -19.000
801.243; 1654.575; -454.000; -344.000
801.498; 8091.525; -814.000; -739.000
801.754;  497.550; -289.000; -163.000
802.009;  100.675; -257.000; -335.000
802.264;  -35.800; -967.000;-1033.000
802.520;   33.025;  222.000;   -3.000
802.775;  -47.275; -524.000; -359.000
803.030;   37.475;  395.000;  356.000
803.285; -110.250; -840.000; -903.000
803.540;  -72.750; -686.000; -699.000
803.795;  -17.775; -648.000; -583.000
804.051;  -43.550; -279.000; -346.000
804.306;   11.725;  168.000;  128.000
804.561;  139.150;  451.000;  362.000
804.816;  131.675;  714.000;  861.000
805.071;    0.425; -185.000; -280.000
805.325;  227.300; -257.000; -427.000
805.580;  -93.375; -841.000; -877.000
805.835;  -14.250; -204.000; -297.000
806.090;  -77.175; -760.000; -676.000
806.345;  -20.250; -344.000; -264.000
806.600;  -20.900; -549.000; -632.000
806.854;  -17.175; -408.000; -538.000
807.109;  -20.450; -493.000; -577.000
807.364;   -5.550; -407.000; -328.000
807.618;   -2.075; -415.000; -381.000
807.873;   60.775; -470.000; -494.000
808.128;   85.250; -257.000; -518.000
808.382;  125.850; -224.000; -332.000
808.637;   80.900; -440.000; -511.000
808.891;  186.275; -257.000; -180.000
809.146;  103.700; -902.000; -794.000
809.400;  277.550; -848.000; -923.000
809.654;  337.575; -779.000; -551.000
809.909;  496.175; -841.000; -927.000
810.163; 6139.350; -813.000; -651.000
810.418;18171.925; -940.000; -861.000
810.672; 1132.825; -685.000; -690.000
810.926;  751.800; -993.000; -973.000
811.180; 1374.175; -439.000; -372.000
811.434;31479.525;  240.000;  135.000
811.689;14547.650; -231.000; -365.000
811.943;  704.225; -936.000; -953.000
812.197;  347.075; -893.000; -671.000
812.451;  153.500; -379.000; -514.000
812.705;  -10.475; -809.000; -619.000
812.959;    9.000; -263.000; -388.000
813.213;   -8.575; -283.000; -209.000
813.467;   75.825;  470.000;  253.000
813.721;  -96.325; -764.000; -792.000
813.975; -117.375; -826.000; -877.000
814.229;   49.100;  430.000;  353.000
814.482;  -65.425; -517.000; -566.000
814.736; -109.825; -766.000; -744.000
814.990; -115.600; -779.000; -872.000
815.244;  -31.025; -228.000; -285.000
815.497;  -97.425; -636.000; -601.000
815.751;   -9.975; -141.000;   82.000
816.005;  -85.400; -470.000; -586.000
816.258;  -77.975; -510.000; -363.000
816.512; -109.650; -693.000; -610.000
816.766;   10.925;  121.000;  157.000
817.019;   15.250;  148.000;  149.000
817.273; -118.525;-1000.000; -802.000
817.526;  -31.850; -206.000; -173.000
817.779;  -40.425;-1049.000; -960.000
818.033;  -73.150; -693.000; -807.000
818.286; -117.425; -725.000; -792.000
818.540;  -78.875; -403.000; -403.000
818.793;  -94.100; -402.000; -489.000
819.046;  -99.100; -582.000; -520.000
819.299;  -43.750; -157.000; -166.000
819.553;  -99.500; -552.000; -592.000
819.806; -148.700;-1016.000; -838.000
820.059;  -65.050; -334.000; -354.000
820.312;    4.675;  152.000;  185.000
820.565;  -12.750;  110.000;  -27.000
820.818;  -45.775;  -59.000; -173.000
821.071; -159.800;-1041.000; -957.000
821.324; -111.900; -536.000; -540.000
821.577;  -95.925; -457.000; -483.000
821.830;  -77.725; -270.000; -172.000
822.083; -132.175; -733.000; -288.000
822.336;  -57.300; -261.000; -167.000
822.589; -131.675; -805.000; -688.000
822.842; -133.600; -875.000; -770.000
823.094; -165.875;-1076.000;-1114.000
823.347; -130.000; -925.000; -729.000
823.600;   13.825;  402.000;  187.000
823.853;  -52.650; -311.000; -267.000
824.105;  -76.850; -331.000; -575.000
824.358; -111.825; -617.000; -716.000
824.611;   22.175;  234.000;   40.000
824.863;  -40.300; -612.000; -591.000
825.116;   46.200;  -33.000;   27.000
825.368;   74.375; -366.000; -372.000
825.621;  176.200; -186.000; -240.000
825.873;   81.850; -704.000; -737.000
826.126;  562.700; -669.000; -641.000
826.378;11441.850; -389.000; -505.000
826.630; 3288.325; -890.000; -898.000
826.883;   61.025; -754.000; -693.000
827.135;   48.950; -279.000; -270.000
827.387; -110.000; -893.000; -839.000
827.639;  -12.325;  -86.000;   32.000
827.892; -118.600; -742.000; -582.000
828.144; -141.650; -848.000; -804.000
828.396;  -42.450;  104.000;  -80.000
828.648; -116.825; -440.000; -333.000
828.900; -126.850; -702.000; -795.000
829.152; -111.725; -684.000; -683.000
829.404;  -72.850; -215.000; -267.000
829.656;   -7.550;  321.000;  214.000
829.908;  -21.325;  393.000;  229.000
830.160; -162.725;-1064.000;-1047.000
830.412;  -95.975; -481.000; -430.000
830.664; -117.975; -557.000; -665.000
830.916;  -79.725; -268.000; -206.000
831.167; -183.050;-1073.000; -951.000
831.419; -105.375; -623.000; -566.000
831.671; -150.475; -764.000; -809.000
831.923;  -89.225; -311.000; -447.000
832.174;  -75.025; -273.000; -331.000
832.426; -120.400; -493.000; -582.000
832.678; -189.650;-1043.000;-1091.000
832.929; -162.950; -947.000; -935.000
833.181;  -58.850; -575.000; -677.000
833.432;  -43.675;  -59.000; -186.000
833.684;  -27.600;  112.000;  -27.000
833.935; -102.400; -610.000; -566.000
834.187; -125.775; -829.000; -823.000
834.438;  -43.675;  -58.000;  -25.000
834.689;  -72.225; -255.000; -123.000
834.941;  -52.950; -343.000; -244.000
835.192;  -94.650; -590.000; -533.000
835.443;  -93.625; -419.000; -506.000
835.695;   -3.575;  138.000;  -16.000
835.946;  -98.600; -608.000; -378.000
836.197; -109.800; -599.000; -622.000
836.448;  -93.775; -528.000; -395.000
836.699;  -58.575; -253.000; -341.000
836.950;  -10.425;   72.000;    7.000
837.201; -144.350;-1003.000; -987.000
837.452;  -42.850; -356.000; -170.000
837.703; -107.700; -791.000; -737.000
837.954;  -34.350; -205.000; -365.000
838.205;  -74.425;-1029.000;-1008.000
838.456;  169.050; -196.000; -282.000
838.707;    9.800; -423.000; -519.000
838.958;   -3.500; -634.000; -647.000
839.209;  300.950;   18.000;   40.000
839.460;  128.825; -439.000; -201.000
839.710;  177.500; -135.000; -297.000
839.961;  423.550;  730.000;  612.000
840.212;  349.075; -382.000; -497.000
840.462; 1108.250; -328.000; -277.000
840.713;17418.575; -571.000; -536.000
840.964; 8130.175;  -62.000; -143.000
841.214;  537.375; -384.000; -624.000
841.465;  578.675; -214.000; -141.000
841.715;  519.125; -417.000; -380.000
841.966;  675.125; -746.000; -685.000
842.216; 8321.375; -330.000; -431.000
842.466;36013.800; -169.000; -313.000
842.717; 2333.875; -964.000; -952.000
842.967;  344.500; -635.000; -641.000
843.217;  290.975;   20.000;   28.000
843.468;   66.675; -104.000; -132.000
843.718;  -34.325; -718.000; -726.000
843.968;  -86.725; -837.000; -765.000
844.218;   17.050; -315.000; -262.000
844.469;  -45.400; -577.000; -561.000
844.719; -102.600; -537.000; -682.000
844.969;  -76.650; -550.000; -580.000
845.219; -142.150; -814.000; -862.000
845.469;  -74.625; -392.000; -342.000
845.719; -137.100; -792.000; -884.000
845.969;  -10.425;  119.000;  174.000
846.219; -111.075; -738.000; -720.000
846.469;   26.075;  464.000;  432.000
846.718;  -45.325; -115.000;   31.000
846.968; -126.675; -827.000; -827.000
847.218;  -47.400; -224.000; -371.000
847.468; -102.525; -586.000; -555.000
847.718; -143.300; -827.000; -798.000
847.967; -128.750; -826.000; -915.000
848.217;  -95.750; -449.000; -569.000
848.467;  -68.150; -405.000; -376.000
848.716; -110.575; -708.000; -725.000
848.966;    2.025; -372.000; -358.000
849.215;  -54.375; -428.000; -419.000
849.465; -100.975; -785.000; -615.000
849.714; -131.375;-1132.000;-1150.000
849.964;  -59.600; -551.000; -613.000
850.213;  -17.075; -393.000; -355.000
850.463;   71.125;  137.000;  340.000
850.712;   -1.600; -542.000; -567.000
850.961;   16.650; -739.000; -678.000
851.211;  106.250; -513.000; -504.000
851.460;  172.800; -635.000; -650.000
851.709;  555.000;  -25.000;   18.000
851.958; 9795.400; -912.000; -750.000
852.208;13859.400; -859.000; -879.000
852.457;  536.475; -181.000;  -13.000
852.706;   81.925; -791.000; -823.000
852.955;   29.775; -507.000; -528.000
853.204;  -83.725; -521.000; -461.000
853.453;  -74.075; -418.000; -458.000
853.702; -130.475; -660.000; -750.000
853.951; -117.975; -532.000; -520.000
854.200; -119.925; -613.000; -562.000
854.449; -129.950; -695.000; -661.000
854.698;  -86.825; -340.000; -279.000
854.946;  -75.875; -181.000; -284.000
855.195; -139.100; -843.000; -868.000
855.444;  -98.300; -395.000; -420.000
855.693; -116.100; -345.000; -432.000
855.941; -107.025; -387.000; -516.000
856.190;  -77.750; -256.000; -382.000
856.439; -133.600; -652.000; -703.000
856.687;  -36.375;  -99.000;  -72.000
856.936; -124.575; -621.000; -323.000
857.184; -182.250;-1067.000;-1020.000
857.433; -111.825; -423.000; -512.000
857.681; -151.150; -989.000; -953.000
857.930;  -78.750; -282.000; -433.000
858.178; -159.725; -856.000; -929.000
858.427; -151.350; -802.000; -781.000
858.675; -119.650; -377.000; -544.000
858.923; -100.675; -527.000; -819.000
859.172; -176.900;-1094.000;-1070.000
859.420;  -94.625; -339.000; -239.000
859.668; -124.050; -624.000; -628.000
859.916;  -22.700;  109.000;  115.000
860.164; -114.450; -699.000; -603.000
860.413;  263.275; -878.000; -696.000
860.661;  248.050; -709.000; -577.000
860.909;  -88.450; -339.000; -325.000
861.157;  -89.525; -277.000; -444.000
861.405; -118.400; -534.000; -670.000
861.653;   13.900;  310.000;  310.000
861.901;  146.925; -543.000; -613.000
862.149;   18.400; -801.000; -824.000
862.396;  -84.450; -297.000; -187.000
862.644;  -86.200; -368.000; -347.000
862.892;  -56.225;   98.000;  138.000
863.140; -138.625; -549.000; -530.000
863.388; -170.575; -815.000; -759.000
863.635; -133.800; -642.000; -601.000
863.883;  -19.825;  231.000;  190.000
864.131; -101.900; -288.000; -357.000
864.378; -136.725; -675.000; -540.000
864.626;  -85.000; -347.000; -415.000
864.873; -128.800; -556.000; -505.000
865.121; -146.325; -714.000; -799.000
865.368;  -54.225; -173.000;   75.000
865.616;  -52.775;  -33.000;  -40.000
865.863;  -72.050; -462.000; -506.000
866.111; -107.950; -795.000; -824.000
866.358;   16.175; -426.000; -420.000
866.605; 2121.300;  -64.000; -804.000
866.853; 2509.125; -621.000; -537.000
867.100;  -30.250; -728.000; -775.000
867.347; -103.175; -672.000; -611.000
867.594;  -81.650; -740.000; -714.000
867.841;   87.875;   97.000;   17.000
868.089; -134.775; -746.000; -698.000
868.336; -106.700; -477.000; -420.000
868.583; -135.025; -637.000; -741.000
868.830;  -43.850; -131.000; -170.000
869.077; -167.625; -859.000; -787.000
869.324; -129.925; -502.000; -458.000
869.571; -131.725; -398.000; -430.000
869.818; -123.600; -485.000; -439.000
870.065; -111.075; -439.000; -513.000
870.311; -116.775; -456.000; -542.000
870.558; -114.300; -332.000; -311.000
870.805;  -94.850; -320.000; -384.000
871.052; -106.925; -494.000; -369.000
871.298;  -68.900; -204.000; -131.000
871.545;  -64.725; -151.000; -185.000
871.792;  -88.125; -173.000; -222.000
872.038;  -71.150;   43.000; -126.000
872.285; -115.700; -496.000; -387.000
872.532; -100.575; -357.000; -387.000
872.778;    8.450;  556.000;  403.000
873.025; -100.025; -384.000; -359.000
873.271;   17.050;  501.000;  578.000
873.517;  -40.000; -133.000; -209.000
873.764;  -34.375; -193.000;  -80.000
874.010;  -72.250; -143.000; -230.000
874.257;  -56.550;  123.000;   90.000
874.503; -129.025; -579.000; -479.000
874.749;  -71.075;   31.000;  275.000
874.995;  -67.675;  -80.000;  -20.000
875.242; -127.350; -540.000; -478.000
875.488; -108.700; -414.000; -439.000
875.734;  -53.375; -106.000; -234.000
875.980;  165.350; -872.000;-1032.000
876.226;  387.750; -157.000; -255.000
876.472;    0.050;  343.000;  237.000
876.718;  -37.175;  184.000;  158.000
876.964;  -51.925;   56.000;   55.000
877.210; -140.875; -547.000; -677.000
877.456; -137.950; -630.000; -557.000
877.702; -179.400; -821.000; -832.000
877.948; -109.350; -377.000; -497.000
878.193;    8.375;  361.000;  255.000
878.439;  -86.325; -487.000; -472.000
878.685;  -95.550; -272.000; -343.000
878.931; -132.050; -618.000; -676.000
879.176;  -81.075; -201.000; -201.000
879.422; -174.350; -933.000; -820.000
879.668;   41.775;   10.000;   79.000
879.913;  147.700;   53.000;  137.000
880.159;  -60.000; -112.000;  -17.000
880.404;  -61.125; -152.000; -162.000
880.650;  -27.350;   91.000;  141.000
880.895; -151.325; -670.000; -710.000
881.141; -126.525; -454.000; -428.000
881.386; -147.250; -503.000; -658.000
881.631;  -86.175; -311.000; -166.000
881.877;  -32.575;  112.000;  -13.000
882.122; -133.450; -684.000; -600.000
882.367;  -85.775; -136.000; -186.000
882.612;  -68.400;  -80.000; -176.000
882.858; -163.725; -877.000; -823.000
883.103;  -97.900; -297.000; -267.000
883.348; -159.675; -759.000; -852.000
883.593; -147.100; -677.000; -602.000
883.838;  -65.375; -311.000;  -24.000
884.083;   24.375;  353.000;  288.000
884.328;  -87.725; -564.000; -545.000
884.573;  -55.325; -196.000; -143.000
884.818;  177.550; -694.000; -531.000
885.063;  214.700; -348.000; -315.000
885.308;  -85.775; -475.000; -398.000
885.553;  -16.275;  245.000;  325.000
885.797; -124.500; -545.000; -615.000
886.042;  -59.025;    8.000;   58.000
886.287;  -78.425; -253.000; -211.000
886.532;  -46.175;   26.000;  204.000
886.776; -113.750; -407.000; -525.000
887.021; -150.875; -621.000; -574.000
887.265; -139.600; -685.000; -689.000
887.510; -126.825; -557.000; -496.000
887.755;  -98.100; -194.000; -164.000
887.999; -133.100; -552.000; -575.000
888.244;  -60.125;  -58.000;  161.000
888.488;   -7.650;  371.000;  393.000
888.732; -118.075; -368.000; -520.000
888.977; -124.600; -622.000; -567.000
889.221; -160.375; -683.000; -659.000
889.465; -131.825; -422.000; -566.000
889.710;  -90.375;  -56.000; -299.000
889.954;    2.425;  579.000;  467.000
890.198; -142.425; -584.000; -707.000
890.442; -157.700; -716.000; -712.000
890.687; -172.000; -800.000; -753.000
890.931; -101.100; -273.000; -210.000
891.175; -135.400; -502.000; -500.000
891.419;  -79.625; -105.000; -110.000
891.663; -104.450; -239.000; -112.000
891.907; -170.600; -801.000; -545.000
892.151; -163.375; -920.000; -815.000
892.395; -105.425; -274.000; -387.000
892.638;  -38.825;  408.000;  291.000
892.882; -176.100; -780.000; -867.000
893.126;   10.725;  758.000;  558.000
893.370;  -84.775; -167.000; -168.000
893.614; -148.150; -714.000; -715.000
893.857;  -95.025; -183.000; -197.000
894.101; -132.075; -527.000; -631.000
894.345;  -70.650;  300.000;  150.000
894.588;    9.125;  569.000;  380.000
894.832;  -87.675; -178.000;  -84.000
895.075;  -85.275;   15.000;  -92.000
895.319; -122.425; -552.000; -420.000
895.563; -115.350; -413.000; -353.000
895.806; -154.900; -628.000; -741.000
896.049;  -71.075; -576.000; -368.000
896.293;   91.500;  527.000;  405.000
896.536;  -64.750; -465.000; -468.000
896.779;  -55.600; -149.000;   -1.000
897.023; -137.700; -751.000; -714.000
897.266;  -30.325;  325.000;  269.000
897.509; -176.650; -900.000; -901.000
897.752;  -44.900;  149.000;  171.000
897.996; -192.225; -972.000; -864.000
898.239;  -56.100;  168.000;  102.000
898.482; -123.350; -431.000; -453.000
898.725;  -45.725;  101.000;   53.000
898.968; -151.250; -609.000; -744.000
899.211; -105.475; -513.000; -361.000
899.454; -124.450; -633.000; -539.000
899.697;  -74.425;   90.000;  -43.000
899.940; -164.500; -761.000; -757.000
900.182; -104.775; -335.000; -405.000
900.425;  -94.725; -150.000; -298.000
900.668;  -15.475;  491.000;  350.000
900.911; -105.475; -292.000; -345.000
901.154;  -58.200;  141.000;   -3.000
901.396; -141.750; -407.000; -412.000
901.639; -142.175; -430.000; -496.000
901.882; -176.350; -790.000; -809.000
902.124;  -88.850;  -29.000; -143.000
902.367; -108.400; -315.000; -361.000
902.609; -137.300; -476.000; -453.000
902.852;  -88.900; -108.000; -260.000
903.094; -136.275; -458.000; -337.000
903.337;  -60.350;  -26.000;   53.000
903.579; -115.125; -228.000; -441.000
903.821; -151.550; -597.000; -744.000
904.064;  -67.375;   85.000;  127.000
904.306;  -94.850; -126.000; -166.000
904.548; -102.550; -152.000; -366.000
904.790; -112.275; -195.000; -340.000
905.033; -126.050; -625.000; -577.000
905.275; -126.375; -513.000; -524.000
905.517;   35.650;  468.000;  256.000
905.759;  -60.100; -667.000; -761.000
906.001;  -98.650; -322.000; -369.000
906.243;  -68.450; -162.000; -224.000
906.485;  108.250; -265.000; -207.000
906.727;  123.325; -499.000; -542.000
906.969;  -20.675;  -30.000; -135.000
907.211;  128.550; -316.000; -382.000
907.453;  287.725; -188.000; -237.000
907.695;   13.175; -158.000; -385.000
907.936;   38.925;  818.000;  706.000
908.178;  -57.100;   92.000; -135.000
908.420;  -89.000; -111.000; -162.000
908.662; -126.600; -633.000; -682.000
908.903;  -92.900; -208.000; -123.000
909.145;  -61.925; -240.000; -305.000
909.386;    9.450;  315.000;  280.000
909.628;   34.975;  363.000;  397.000
909.870;   -2.125;   29.000;  264.000
910.111;  -94.050; -809.000; -949.000
910.353;   20.625; -123.000; -161.000
910.594;   11.075; -574.000; -606.000
910.835;   86.900; -265.000; -326.000
911.077;  161.000; -503.000; -604.000
911.318;  306.550; -505.000; -471.000
911.559;  481.600; -577.000; -880.000
911.801; 1330.825; -284.000; -280.000
912.042; 9908.975;  -50.000; -159.000
912.283;28343.500;  404.000;  371.000
912.524; 4955.450; -396.000; -457.000
912.765;  534.225; -193.000;   79.000
913.006;  274.750; -307.000; -338.000
913.247;   62.550; -270.000; -290.000
913.488;    3.975;  -43.000;   30.000
913.729;  -90.500; -373.000; -373.000
913.970;  -77.675;  -96.000; -292.000
914.211;  -71.675; -160.000; -198.000
914.452;  -62.125; -118.000;  -11.000
914.693;   21.075;  510.000;  592.000
914.934;    0.675;  510.000;  440.000
915.175;  -71.325;   53.000;  -95.000
915.415;  -58.500; -137.000;   27.000
915.656;  -64.475;  -28.000;  192.000
915.897; -102.900; -252.000;  -82.000
916.137;  -75.625;   74.000;   -9.000
916.378; -135.575; -573.000; -517.000
916.619;  -75.000; -159.000;  -63.000
916.859;  -35.700;  303.000;  330.000
917.100;  119.850; 1655.000; 1070.000
917.340;   42.125;  930.000;  728.000
917.581;   39.275;  965.000;  789.000
917.821;  -32.775; -171.000;  143.000
918.061;   10.325; -199.000;  -72.000
918.302;  -50.100; -152.000; -211.000
918.542;  -21.325;  -22.000;    3.000
918.782;   48.200;  369.000;  377.000
919.023;  130.475;  360.000;  427.000
919.263; 1303.025; 8131.000;  202.000
919.503; 1182.125; -137.000;  -54.000
919.743;  643.475;  390.000;  266.000
919.983;  306.375; -134.000;  -26.000
920.223;   74.050;  135.000;   14.000
920.463;  140.725;  631.000;  554.000
920.703;  143.375;   84.000;   39.000
920.943;  176.425; -110.000;   90.000
921.183;  247.275; -414.000; -405.000
921.423;  511.250;  307.000;  546.000
921.663;  720.450; -174.000; -257.000
921.903; 1552.225;  237.000;  173.000
922.143; 8346.975;  372.000;  389.000
922.383;33770.750;  158.000;  115.000
922.622;12993.325; -120.000;  -15.000
922.862; 1339.000;  796.000;  785.000
923.102;  491.675;  -51.000;   33.000
923.341;  206.825;   59.000;   74.000
923.581;   96.425;  450.000;  360.000
923.821;   20.475;  301.000;  398.000
924.060;   11.875;  351.000;  193.000
924.300;  -52.900;  -16.000; -128.000
924.539;   -6.100;  584.000;  473.000
924.779;   18.950;  812.000;  597.000
925.018;  -47.650;  247.000;  353.000
925.257;    2.625;  595.000;  666.000
925.497;  -39.425;  447.000;  412.000
925.736;  -85.575;  -35.000;  102.000
925.975;   -3.750;  687.000;  669.000
926.214;   23.750;  907.000;  850.000
926.454;   11.550;  706.000;  757.000
926.693;  -35.800;  419.000;  543.000
926.932;   36.425; 1021.000;  825.000
927.171;   71.925; 1107.000; 1044.000
927.410;   63.675; 1144.000;  967.000
927.649;   14.725;  924.000;  742.000
927.888;  -15.850;  590.000;  564.000
928.127;  -19.600;  680.000;  678.000
928.366;   23.775;  842.000;  826.000
928.605;   42.275;  831.000;  737.000
928.844;  226.675; 1451.000; 1393.000
929.083;  607.425;  770.000;  613.000
929.321;  362.150; 1335.000; 1359.000
929.560;   84.600; 1158.000; 1122.000
929.799;  -46.325;  574.000;  475.000
930.038;   85.900; 1025.000; 1394.000
930.276;  -46.250;  334.000;  397.000
930.515;   -1.900;  827.000;  681.000
930.753;  -15.575;  614.000;  589.000
930.992;  -30.500;  664.000;  717.000
931.230;   16.375;  847.000;  847.000
931.469;  166.800; 2162.000;  892.000
931.707;   58.425;  840.000;  751.000
931.946;   62.925; 1278.000; 1344.000
932.184;   45.925; 1437.000; 1175.000
932.423;   50.550; 1265.000;  963.000
932.661;  105.875; 1296.000; 1428.000
932.899;   30.925;  987.000;  821.000
933.137;    9.125;  754.000;  564.000
933.376;  148.250; 1664.000; 1335.000
933.614;  163.850; 1759.000; 1196.000
933.852;   65.200; 1357.000; 1171.000
934.090;  134.225; 1722.000; 1747.000
934.328;  100.625; 1252.000; 1457.000
934.566;   87.575; 1431.000; 1110.000
934.804;  147.300; 1263.000; 1309.000
935.042;  432.200; 1861.000; 1850.000
935.280; 1745.575; 2088.000; 2063.000
935.518; 1822.400; 2113.000; 2007.000
935.756;  395.450; 2481.000; 2316.000
935.994;  160.175; 1808.000; 1751.000
936.231;  348.375; 2890.000; 2950.000
936.469;  198.575; 2367.000; 2378.000
936.707;  166.300; 2220.000; 2167.000
936.945;  231.175; 2825.000; 2882.000
937.182;  200.325; 2679.000; 2741.000
937.420;  308.325; 3602.000; 3031.000
937.657;  406.600; 3365.000; 3478.000
937.895;  358.250; 3331.000; 3488.000
938.133;  320.225; 3540.000; 3528.000
938.370;  352.025; 3896.000; 4191.000
938.607;  394.650; 4488.000; 4205.000
938.845;  543.325; 5587.000; 5549.000
939.082;  465.400; 5387.000; 5177.000
939.320;  543.675; 5799.000; 5728.000
939.557;  636.750; 6549.000; 6491.000
939.794;  707.675; 7285.000; 7097.000
940.031;  889.150; 8421.000; 8368.000
940.269; 1093.975; 9552.000; 9107.000
940.506; 1113.625;10901.000;10507.000

