
Integration time [ms]: 200.000
Averaging Nr. [scans]: 10
Smoothing Nr. [pixels]: 0
Data measured with spectrometer [name]: 2101013U2
Wave   ;Sample   ;Dark     ;Reference
[nm]   ;[counts] ;[counts] ;[counts] 

394.013;  -95.222; -450.257; -315.536
394.305; -133.123; -461.258; -419.536
394.596; -174.333; -676.269; -527.514
394.887; -188.031; -796.268; -654.518
395.178;   -8.128;  145.736;   11.476
395.470;  -95.527; -210.263; -356.526
395.761;  127.470;  305.734;  394.479
396.052; -109.945; -545.284; -306.489
396.343; -151.938; -557.276; -454.503
396.634;  -64.841; -200.279; -290.497
396.926; -141.131; -618.268; -565.517
397.217;  -26.538;   11.725;  -17.504
397.508; -112.036; -366.273; -154.507
397.799; -168.641; -555.279; -571.497
398.090; -248.742; -973.280; -902.495
398.381;    6.847;   11.708;  -11.473
398.672; -176.352; -585.292; -742.473
398.963;  -84.541; -348.279; -373.498
399.254;   -4.152;   54.709; -209.475
399.545; -245.930;-1017.266; -883.520
399.836;  -93.939; -407.277; -343.501
400.127;  -15.055; -205.295; -209.468
400.418;  -51.537; -423.274; -392.506
400.709;  -94.843; -359.281; -333.493
401.000;  -67.951; -268.291; -309.476
401.290;   47.539;  225.698;  115.545
401.581;    5.253; -166.286; -228.485
401.872; -113.458; -542.298; -486.462
402.163;  -47.656; -313.296; -252.467
402.454;  -31.252; -123.291; -163.475
402.744; -186.157; -844.297; -813.465
403.035;  -43.953; -226.293;  -86.471
403.326;  -87.352; -366.292; -384.474
403.617;   92.142;  204.701;  165.539
403.907; -157.145; -593.283; -679.490
404.198; -133.366; -545.307; -599.446
404.489; -155.544; -618.283; -588.491
404.779; -158.361; -618.302; -660.456
405.070;  -20.263;  -67.304; -174.451
405.360;  -53.053; -259.293; -238.472
405.651;   39.240;  125.699;   98.542
405.942;   78.153;  209.714;  127.516
406.232; -136.146; -432.285; -413.487
406.523;  194.646;  641.706;  758.530
406.813; -154.547; -579.286; -644.484
407.104;   91.647;  261.708;  144.527
407.394; -194.858; -604.299; -591.462
407.685;   53.054;  336.715;  222.513
407.975; -121.844; -400.283; -382.490
408.265;   -9.950; -134.289; -190.478
408.556; -147.352; -472.291; -459.475
408.846;  147.846;  474.706;  429.530
409.137;    0.951;   -1.288; -216.480
409.427; -100.746; -193.285; -271.487
409.717; -191.236; -776.273; -692.508
410.007;   15.053;    4.715; -170.486
410.298;  -74.755; -360.295; -342.469
410.588; -113.446; -495.285; -510.486
410.878; -206.848; -792.287; -873.482
411.168; -102.457; -481.298; -478.463
411.459;  -48.245; -295.283; -242.489
411.749; -159.952; -609.292; -507.474
412.039; -185.549; -755.289; -386.480
412.329;   34.760;   40.722;  132.501
412.619;  -40.247;  -62.286; -148.485
412.909;  186.550;  639.711;  594.521
413.199;  -35.442; -130.280; -251.495
413.490;  168.549;  521.710;  352.523
413.780; -259.842;-1013.279; -913.496
414.070;   61.162;  -46.276;  235.497
414.360; -174.840; -729.278; -666.498
414.650; -165.549; -726.288; -688.482
414.940;  -86.342; -538.280; -441.496
415.230;    6.451;   50.712;   74.519
415.520;   37.967;  155.730;   66.486
415.809;  -54.643; -305.281; -125.493
416.099; -164.239; -388.277; -229.501
416.389;  122.863;  435.726;  236.494
416.679;   35.273;   91.738;   85.473
416.969; -104.048; -527.287; -503.483
417.259;   88.159;  341.721;  171.503
417.549;   87.057;  522.718;  318.508
417.838;  -30.731; -205.268; -147.518
418.128;  157.050;  650.710;  492.522
418.418; -139.635; -491.272; -579.509
418.708;   13.163;    9.726;  -48.506
418.997; -115.637; -474.275; -480.505
419.287; -237.536; -733.273; -790.507
419.577;  -38.145; -160.283; -123.489
419.866; -138.839; -588.277; -498.501
420.156;  -12.133; -242.270;  -55.513
420.446;    1.773; -112.263;  -26.526
420.735; -132.134; -376.271; -446.512
421.025;  508.459; 1830.722;  315.502
421.314;  -24.234; -203.271; -226.512
421.604;   30.868;   89.732;  233.484
421.893; -182.034; -705.271; -602.511
422.183; -141.927; -487.263; -461.526
422.472;  -41.434;  -36.271; -107.511
422.762; -119.729; -416.266; -379.521
423.051; -251.638; -916.276; -916.503
423.341; -131.636; -491.273; -439.507
423.630;  -39.029; -121.265;   15.477
423.919;   -6.038;   58.725;   49.495
424.209;  -58.227;  -31.263;   56.473
424.498;   30.868;   68.732;  161.483
424.787; -174.231; -535.267; -601.518
425.077;    7.671;   34.735;   29.478
425.366; -189.026; -734.262; -744.528
425.655;  183.864;  639.727;  259.493
425.945;  -81.214; -313.247; -268.554
426.234;   -7.224;  117.741;  300.467
426.523;  -55.924;  -86.259; -350.534
426.812;   22.070;  107.734;  159.480
427.101;  -29.832; -127.269; -323.515
427.390;  -39.033;  -55.270;  -86.514
427.680; -114.122; -624.257; -411.538
427.969;  -47.021; -330.255; -301.540
428.258;  -92.823; -385.257; -477.536
428.547;   70.065;  449.728;  397.490
428.836; -114.419; -421.253; -398.543
429.125;  -50.923; -199.259;  -72.534
429.414; -109.417; -330.251; -294.548
429.703;  -82.217; -231.251; -213.548
429.992; -251.816; -938.250; -828.549
430.281; -113.228; -397.264; -331.524
430.570;  -13.518;  -21.252;   32.454
430.859;   48.476;  279.741;  352.466
431.148;  158.686;  636.752;  631.446
431.437;   54.482;  391.748;  367.454
431.725; -131.222; -544.257; -481.536
432.014; -265.118; -845.253; -756.545
432.303;  -77.607; -149.239; -105.569
432.592;  -87.028; -460.263; -178.525
432.881; -173.914; -601.248; -437.554
433.169;  -74.121; -343.255;  -61.540
433.458;   92.297;  445.765;  540.424
433.747; -117.326; -397.261; -289.529
434.036;  -72.109; -275.242; -280.564
434.324; -151.215; -395.249; -379.551
434.613;   28.090;   40.757;  159.437
434.902;   76.792;  333.760;  439.433
435.190;   20.093;   75.761;  295.431
435.479;  -37.311;  -52.245;   83.441
435.767; -122.411; -411.244; -427.561
436.056;  -98.009; -340.242; -294.563
436.345; -118.207; -372.240; -223.568
436.633;   24.584;   60.750;  383.450
436.922;   88.593;  208.760;  414.432
437.210;  -63.304; -194.236;    1.426
437.499; -192.403; -583.235; -432.576
437.787; -100.404; -339.236;  -10.574
438.075;    9.794;   56.761;  162.430
438.364;  -19.006;  -44.238;  250.429
438.652;  -98.796; -286.226; -138.592
438.941;  -16.599;    3.770;  269.415
439.229; -182.518; -665.252; -466.545
439.517;  -47.903; -160.234;  -85.577
439.806; -185.594; -501.225; -290.595
440.094;   88.398;  377.766;  650.421
440.382; -186.101; -653.233; -302.580
440.670; -127.103; -361.235; -285.576
440.959; -120.892; -347.223; -170.599
441.247;  -76.898; -151.229; -109.587
441.535;  -70.803; -266.235;   31.423
441.823; -163.602; -497.234; -305.578
442.111;   41.302;  173.771;  327.412
442.400; -196.711; -628.245; -335.559
442.688;  -49.202; -111.234; -620.579
442.976; -246.384; -786.213; -450.617
443.264; -136.493; -324.224; -364.597
443.552;  -64.895; -258.226;   51.408
443.840;  137.097;  602.765;  876.423
444.128;   67.198;  265.767;  269.420
444.416; -197.197; -694.228; -312.588
444.704; -124.189; -465.219;  -92.605
444.992;  -60.695;   -0.226;  240.407
445.280; -117.799; -517.230;  -94.585
445.568; -195.583; -694.212; -396.618
445.856;  -23.691; -174.221;  357.398
446.143;  -60.490;  -54.220;   -7.604
446.431;  -21.497;  -25.228;  625.411
446.719;  140.512;  489.783;  675.391
447.007;  133.300;  481.769;  705.416
447.295;  128.807;  597.777;  871.402
447.583;  -95.598; -464.229;  -34.587
447.870; -154.991; -434.221; -202.601
448.158;  -63.899; -104.230;  129.415
448.446; -224.490; -800.219; -338.604
448.733;  -41.893;   13.776;  269.403
449.021;   -8.883;   60.788;  341.382
449.309;  -72.082; -296.210;  208.379
449.596;   21.712;  128.783;   59.392
449.884; -167.692; -571.222; -325.600
450.172; -226.196; -756.227; -406.590
450.459;   99.715;  645.786;  780.387
450.747; -195.188; -411.218; -147.608
451.034;  123.903;  493.772;  889.411
451.322; -175.185; -413.214; -170.614
451.609;   62.607;  292.777;  508.403
451.897; -144.076; -550.203; -183.634
452.184; -220.393; -622.223; -400.598
452.472;  -35.780;   97.792;  269.375
452.759;  149.110;  512.781;  864.395
453.047; -138.284; -407.212; -125.617
453.334; -195.789; -732.219; -216.606
453.621; -131.185; -438.214; -161.615
453.909;  -12.276;   13.796;  384.368
454.196;  -89.572; -299.199; -123.641
454.483;   40.926;  317.798;  540.364
454.771;  -66.579; -215.208;  196.374
455.058;  -94.079; -316.207;  102.374
455.345;   16.933;   71.807;  344.347
455.632;  -49.779; -128.207;  235.373
455.919;  -52.670;  -82.196;  182.354
456.207; -260.572; -774.198; -450.642
456.494; -142.973; -475.200;  -66.639
456.781; -128.775; -399.202; -198.635
457.068;  -70.578; -253.206;  -29.628
457.355; -180.278; -698.206; -401.629
457.642; -147.978; -552.205; -290.630
457.929; -196.967; -778.194; -417.651
458.216; -171.684; -575.212; -354.617
458.503;  -65.567; -173.193;  -19.652
458.790; -241.680; -864.208; -630.625
459.077;  -70.374;  -77.202;  110.364
459.364; -110.368; -350.195; -210.649
459.651;  -11.978;  -46.206;  220.372
459.938; -276.581; -864.209; -665.623
460.225;   39.226;  132.799;  276.363
460.512; -253.070; -836.197; -688.645
460.799;  -18.688;  -32.218;  320.392
461.086; -137.173; -370.200; -251.640
461.372; -131.872; -509.198; -279.642
461.659;  -22.070; -165.196;  108.354
461.946; -114.967; -445.193;  -54.651
462.233;  201.127;  842.800;  888.361
462.519; -226.073; -814.201; -464.639
462.806; -229.270; -768.197; -497.645
463.093; -116.265; -445.191;  -66.656
463.380; -268.661; -920.186; -824.664
463.666;  -65.870; -259.197;  -18.646
463.953; -110.069; -406.195; -243.648
464.239;  -65.969; -173.195;  -77.648
464.526;   82.332;  413.806;  743.350
464.813; -151.764; -565.190; -304.658
465.099;   98.033;  606.807;  607.348
465.386;  173.933;  903.807;  921.348
465.672; -204.470; -694.197; -522.645
465.959; -187.462; -598.188; -520.662
466.245; -150.267; -468.193; -359.652
466.532;  -24.569; -109.195;   63.352
466.818; -105.361; -357.186; -216.664
467.104; -159.257; -488.182; -415.672
467.391; -174.664; -628.189; -459.658
467.677;  -89.761; -289.186;    9.335
467.964; -186.263; -682.189; -471.660
468.250;  -96.560; -331.186; -160.665
468.536;  -18.464;   90.811;  180.341
468.822; -225.759; -821.184; -574.668
469.109;  118.851;  351.827;  471.311
469.395;  180.034;  729.808;  787.346
469.681;  -20.063;   46.811;  156.341
469.967; -191.763; -699.188; -382.660
470.254; -103.062; -494.188; -306.662
470.540; -178.870; -601.196; -476.646
470.826; -144.856; -488.181; -397.675
471.112;   36.141;  288.816;  113.331
471.398;  -54.658; -253.183;  -58.670
471.684; -168.353; -626.177; -447.680
471.970; -270.556; -918.180; -981.675
472.256; -155.466; -521.192; -441.654
472.542; -157.848; -499.171; -434.691
472.828; -208.857; -743.182; -607.672
473.114; -116.544; -380.166; -283.700
473.400; -130.752; -504.175; -293.684
473.686; -119.143; -452.166; -400.701
473.972;  -62.950; -230.174; -131.687
474.258; -255.649; -925.173; -843.689
474.544;  -20.854; -183.178;   -2.679
474.830;  -23.351;  -65.175;   45.316
475.116;  -56.064; -123.190; -196.658
475.401; -130.455; -558.180; -467.676
475.687; -203.655; -725.180; -718.676
475.973; -197.157; -673.181; -770.673
476.259;  167.249;  736.825;  764.315
476.544; -155.552; -539.176; -437.682
476.830; -172.548; -398.172; -322.690
477.116; -106.753; -430.177; -336.682
477.401;   67.245;  346.820;  358.324
477.687; -106.652; -289.175; -405.684
477.973;   -1.856;   21.819;   28.326
478.258; -120.341; -448.163; -348.706
478.544;  -10.360;   21.815;   61.334
478.829; -199.148; -818.171; -738.692
479.115; -188.048; -749.172; -651.690
479.401; -104.151; -444.174; -449.686
479.686;  -69.456; -253.180;  -74.676
479.972; -244.954; -886.178; -776.680
480.257;  -66.744; -258.166;  -65.700
480.542; -165.147; -614.170; -469.693
480.828;  328.348; 1288.824; 1392.317
481.113; -138.052; -464.176; -426.683
481.399;  -69.739; -236.161; -202.711
481.684; -182.444; -620.166; -462.700
481.969;  -25.837; -158.159;  -73.713
482.255; -140.746; -439.169; -285.695
482.540; -151.253; -569.178; -441.680
482.825; -145.362; -395.187; -404.663
483.110;  -57.546;  -85.169; -105.696
483.396; -203.635; -840.157; -652.718
483.681;  160.850;  543.826;  730.313
483.966; -205.938; -696.160; -700.712
484.251; -121.650; -404.174; -310.687
484.536; -108.043; -356.165; -378.703
484.822; -115.250; -205.173; -218.687
485.107; -165.932; -599.152; -502.726
485.392;  171.958;  662.836;  541.296
485.677;   20.555;  354.832;  163.302
485.962;   78.564;  160.843;  270.283
486.247;   14.460;  -14.162;   -8.707
486.532; -117.944; -178.166; -325.701
486.817;   56.261;  381.839;  431.291
487.102; -139.433; -453.154; -514.722
487.387; -169.535; -637.156; -652.718
487.672;  -41.542; -154.164;  -38.705
487.957;  -93.439; -394.160; -286.711
488.241;  -84.730; -290.150; -314.729
488.526; -103.831; -280.152; -148.726
488.811; -268.953; -881.177; -818.680
489.096; -221.933; -666.154; -702.723
489.381;   -5.932;    3.847;  162.275
489.666; -102.439; -428.161; -510.710
489.950;  142.667;  558.846;  627.277
490.235; -166.430; -480.151; -458.728
490.520; -170.139; -756.161; -723.710
490.804; -229.335; -827.156; -736.719
491.089; -110.428; -469.149; -299.732
491.374;  -35.342; -132.164;  -75.704
491.658; -221.527; -817.147; -717.735
491.943; -204.031; -657.152; -609.727
492.227;  -71.234; -178.155;  -38.721
492.512; -103.736; -294.157; -341.717
492.797; -254.029; -713.149; -716.731
493.081; -207.927; -588.147; -598.735
493.366; -195.839; -751.161; -635.711
493.650;  192.578;  831.859;  917.254
493.935; -175.127; -648.147; -447.734
494.219; -201.823; -778.142; -687.743
494.503; -192.729; -585.150; -487.730
494.788;  -21.336;   46.842;   74.285
495.072;   55.170;  184.850;  434.271
495.356; -138.628; -463.148; -343.733
495.641; -205.426; -812.146; -736.736
495.925; -258.934; -976.156; -903.719
496.209; -131.328; -599.149; -451.732
496.494; -195.123; -763.142; -544.744
496.778; -112.833; -364.154; -360.722
497.062; -224.035; -819.156; -627.719
497.346; -235.538; -869.160; -640.711
497.631;  111.772;  580.852;  560.266
497.915;  -18.925;  -64.145;  175.261
498.199; -115.835; -341.157; -277.718
498.483; -139.632; -562.152; -508.725
498.767;   66.170;  301.850;  300.271
499.051;  -28.329; -126.149; -100.732
499.335; -222.929; -693.149; -739.731
499.619; -164.612; -381.129; -423.767
499.903;  -59.034; -272.155;  -65.721
500.187; -129.133; -588.153; -316.724
500.471; -254.031; -796.152; -595.727
500.755;  -60.039;   62.839;  -96.710
501.039;  -98.634; -270.155; -357.721
501.323;   21.678;  -21.141;  264.254
501.607; -108.141; -447.163; -503.706
501.891; -171.435; -607.156; -512.718
502.174; -189.124; -726.144; -585.741
502.458;   10.969;   89.849;  370.273
502.742;  -62.519; -180.138; -191.751
503.026; -113.227; -412.147; -254.734
503.310; -130.938; -437.159; -375.713
503.593; -134.527; -464.147; -325.735
503.877;  -61.215; -232.133; -156.760
504.161;  -41.832;    2.847;  -50.724
504.444; -245.936; -841.158; -710.716
504.728; -149.942; -487.164; -522.704
505.012;  -70.930; -257.150;  -76.729
505.295; -106.439; -417.161; -212.711
505.579;  -66.335; -256.156; -496.719
505.862; -149.526; -555.145; -333.738
506.146; -191.137; -681.159; -758.714
506.429;   90.063;  568.841;  461.286
506.713; -204.430; -732.151; -667.728
506.996;   -8.933;   90.846;  295.278
507.280; -169.942; -633.165; -474.703
507.563; -137.234; -469.155; -261.721
507.847; -138.532; -423.153; -112.724
508.130; -201.539; -665.161; -456.711
508.413; -149.244; -758.167; -577.700
508.697;  -34.844; -151.167;   12.300
508.980; -133.932; -422.153; -312.724
509.263; -157.834; -466.155; -450.720
509.547;  -73.930; -124.150;   82.271
509.830;  -26.539; -172.160;  140.289
510.113;    5.565;  128.844;  298.281
510.396; -151.832; -530.152; -300.725
510.680; -262.626; -818.145; -812.738
510.963;   26.967;  184.846;  180.277
511.246; -168.329; -493.150; -357.730
511.529; -110.625; -482.145;  -83.739
511.812;  -57.016; -250.134;   10.241
512.095; -169.931; -740.151; -396.728
512.378;  -79.927; -317.147; -245.736
512.661; -209.718; -703.137; -623.753
512.944; -215.323; -750.142; -637.744
513.227;  -70.119; -170.137; -171.752
513.510; -156.624; -479.144; -671.741
513.793; -166.721; -485.140; -435.747
514.076;  -27.410;  -43.127;  -39.771
514.359;  -74.528; -294.149; -135.732
514.642; -176.423; -442.142; -567.744
514.925;  109.179;  581.860;  561.253
515.208; -141.616; -498.134; -443.758
515.491;  -68.315; -276.133; -182.761
515.773; -147.924; -410.143; -337.742
516.056;   65.482;  249.864;  409.246
516.339; -238.617; -754.136; -652.755
516.622; -183.830; -518.150; -488.730
516.904;  237.077;  882.857;  975.257
517.187; -212.719; -730.138; -523.752
517.470; -134.723; -568.143; -510.743
517.752; -166.717; -624.136; -470.756
518.035; -206.620; -708.139; -725.749
518.318; -265.917; -799.136; -744.755
518.600; -124.314; -300.132; -325.762
518.883;   51.577;  310.858;   88.256
519.165; -175.220; -585.138; -426.751
519.448;  -51.314;  -61.132;  -19.762
519.730; -194.509; -573.126; -415.773
520.013;  146.085;  588.867;  664.240
520.295;  -63.715;  -94.134;  -15.759
520.578;  -97.813; -335.131; -305.764
520.860;  -54.514; -254.132;   56.238
521.143; -217.117; -763.135; -584.756
521.425; -127.908; -251.125; -279.775
521.707; -153.010; -622.127; -380.771
521.990;  -30.510; -199.127;  167.229
522.272;  -84.621; -116.140;   -4.748
522.554; -101.724; -237.143; -157.742
522.836;  -66.616;  -24.134;   99.241
523.119; -166.027; -496.148; -189.734
523.401; -118.012; -448.130; -314.766
523.683; -260.318; -865.137; -693.753
523.965;   36.481;  408.862;  260.248
524.247;  -13.306;   54.878;  170.220
524.529; -147.315; -451.134; -367.759
524.812;  -18.812;   -3.130;  191.234
525.094; -262.719; -773.138; -631.751
525.376;  -79.107; -143.124;   78.223
525.658; -147.718; -441.136; -339.754
525.940; -253.113; -805.131; -671.764
526.222; -118.417; -188.136;  -88.755
526.504;  -52.014; -190.131;   32.237
526.786; -279.015; -960.133; -647.760
527.068; -104.806; -124.123;  -67.778
527.349; -257.318; -865.137; -774.754
527.631;  -45.914; -137.132;   22.238
527.913; -183.210; -664.127; -450.771
528.195; -231.608; -761.125; -639.774
528.477;  -66.416;  -93.134;  -30.758
528.759; -207.712; -648.130; -522.766
529.040; -173.206; -569.123; -293.778
529.322;  -90.208; -235.125;  -10.774
529.604;  -60.612;  -47.130;   93.233
529.886; -160.309; -546.126; -302.773
530.167;   25.387;  232.870;  192.235
530.449;  -28.927;    1.853;   63.265
530.731; -194.706; -572.122; -459.779
531.012; -151.304; -513.120; -216.784
531.294;  -60.900; -118.116;  -43.792
531.575;   83.992;  290.875;  538.225
531.857; -173.816; -548.135; -266.757
532.138;  -67.422; -113.141;   40.254
532.420;   29.183;  294.865;  403.244
532.701; -245.915; -722.133; -751.760
532.983;   42.385;  232.867;  182.239
533.264;  -63.209; -243.126;  175.228
533.546; -154.417; -491.136; -508.755
533.827;  -47.315;  173.867;   -1.759
534.109; -158.116; -352.135;  -80.757
534.390; -244.914; -725.132; -582.762
534.671;  -97.417; -270.135;  -82.756
534.953; -230.506; -751.123; -611.779
535.234; -154.501; -426.117; -255.789
535.515; -271.403; -891.119; -735.785
535.796; -141.210; -431.128; -193.770
536.078; -320.307;-1050.124; -904.777
536.359;  -50.706;  -22.123;    3.221
536.640; -148.908; -480.125; -197.774
536.921;   19.689;  225.871;  143.232
537.202;  -72.119;  -87.138;  -16.751
537.483;   -0.913;  251.869;  377.236
537.764;  -29.513;   17.870;   98.235
538.045; -186.616; -543.134; -371.758
538.326; -178.311; -596.129; -447.768
538.607; -219.110; -686.127; -476.771
538.888;  -69.905;   98.879;    5.218
539.169; -230.905; -704.122; -535.781
539.450;   47.988;  236.871;   16.233
539.731; -135.204; -361.121; -182.783
540.012;  -23.304;  199.880;  412.216
540.293;  -71.407;   82.876;  158.224
540.574; -273.298; -895.113; -717.796
540.855;   60.796;  435.879;  377.218
541.136;   34.795;   47.878;  139.220
541.416; -109.312; -161.130; -220.766
541.697; -151.613; -274.131; -170.763
541.978; -104.817; -270.135; -315.757
542.259; -124.410; -211.127; -236.771
542.539; -110.000; -191.116; -186.790
542.820;   65.092;  461.875;  480.225
543.101; -107.125;  -52.145;  -77.738
543.381; -265.010; -638.127; -591.771
543.662;  -31.910;  159.873; -254.771
543.942; -283.010; -751.127; -830.770
544.223;  -29.005;  193.878;  161.219
544.504; -113.207; -275.124; -182.777
544.784; -171.109; -592.126; -408.773
545.065; -146.300;  104.884; -254.791
545.345;  -15.703;  227.881;   14.215
545.626;  -45.298;  -14.113; -108.796
545.906;  -35.613;   77.869;   98.235
546.186;  -83.409;   92.874;  -95.773
546.467;  -70.507;   99.877;  -95.778
546.747;   23.100;  264.884;  327.210
547.027;  -46.607;   91.876;  111.223
547.308; -181.610; -376.127; -530.770
547.588;    5.089;  299.871;  371.232
547.868;   84.787;  458.870;  588.235
548.149;  148.901;  609.885;  593.207
548.429;  -94.310; -347.127; -299.771
548.709; -195.704; -645.120; -461.784
548.989;  -25.502;   84.882;   88.213
549.269; -109.214;   10.868;  139.239
549.550;  -10.206;  215.877;  117.222
549.830; -223.696; -758.111; -556.799
550.110; -157.895; -468.110; -320.801
550.390; -108.506; -128.122;  -56.779
550.670; -273.898; -868.114; -783.795
550.950; -193.804; -509.121; -471.782
551.230;  111.095;  549.879;  460.218
551.510; -146.805; -381.121; -326.782
551.790;  -73.795; -173.109; -127.803
552.070;  268.593;  940.877; 1181.223
552.350; -156.102; -492.119; -377.786
552.630;  -35.905;   -2.121;   77.219
552.909;    7.100;  181.884;   73.209
553.189;  -51.514;  -49.132;   33.237
553.469; -172.503; -703.119; -514.786
553.749; -179.310; -469.127; -357.772
554.029;  -53.201;   33.883;  -24.790
554.308;  -47.199; -154.115;  -37.794
554.588; -154.010; -196.128; -204.770
554.868; -129.604; -366.121;  -47.782
555.147;  -77.999; -114.115;  -46.793
555.427; -163.400; -260.116; -250.792
555.707;  -94.499; -284.115; -200.793
555.986; -234.696; -719.111; -538.800
556.266;  -61.101;   23.884;   72.210
556.546; -242.804; -888.121; -675.782
556.825; -229.399; -657.114; -556.794
557.105;  -54.411; -125.128;   17.230
557.384;    5.600;  122.884;  187.209
557.664; -235.000; -717.116; -508.792
557.943; -183.204; -557.121; -411.782
558.222; -144.002; -345.118; -344.788
558.502;  -84.899; -116.115;  -76.793
558.781;   36.600;  194.885;  499.208
559.061; -108.902; -232.118; -227.788
559.340;   19.499;  302.883;  353.211
559.619;  -15.601;   93.884;  148.210
559.899; -147.501; -239.117; -266.789
560.178; -238.099; -778.115; -593.793
560.457; -211.601; -623.117; -562.790
560.736; -165.296; -472.111; -482.800
561.015; -207.511; -500.128; -502.769
561.295;  -31.193;  180.893;  215.193
561.574;  -33.699;  119.885;  116.207
561.853;   41.106;  274.891;  303.197
562.132;  -51.999;  -45.114;  182.206
562.411;   78.695;  396.879;  553.219
562.690; -196.200; -592.115; -458.792
562.969;   80.103;  472.888;  630.203
563.248;  708.995; 2966.878; 2487.219
563.527; -117.196; -290.111; -408.800
563.806; -213.110; -650.127; -521.771
564.085; -112.791; -297.105; -206.810
564.364; -221.101; -594.117; -405.790
564.643; -130.505; -276.121; -223.781
564.922;   28.705;  221.890;  397.198
565.201; -237.294; -640.109; -700.803
565.479; -110.300; -297.115; -219.792
565.758; -277.810; -810.128; -712.770
566.037; -113.094; -155.109; -100.803
566.316;  -81.200; -286.116;  -28.791
566.595;  -56.099;  -17.115;  -12.793
566.873;  101.604; -166.111;  -79.801
567.152; -190.697; -490.113; -590.797
567.431;  -51.001; -113.116;    6.210
567.709;  -98.493; -344.107; -212.807
567.988; -269.199; -810.114; -769.794
568.266; -155.899; -160.115;  -68.793
568.545; -192.787; -644.100; -514.819
568.824;   37.800;  160.885;  356.208
569.102; -124.699; -351.114; -235.794
569.381; -135.400; -492.116; -407.792
569.659; -202.598; -553.113; -553.796
569.938; -229.705; -743.122; -465.780
570.216; -104.994; -225.109; -225.804
570.494; -210.798; -632.114; -572.795
570.773;   -0.405;  202.879;  114.218
571.051; -158.206; -373.123; -357.778
571.330;  -99.198; -221.113; -174.796
571.608;  -91.485; -181.098; -173.823
571.886; -236.496; -671.111; -581.799
572.164; -250.904; -739.121; -621.782
572.443; -189.491; -562.105; -512.811
572.721; -153.801; -399.117; -289.790
572.999; -129.901; -280.117; -168.788
573.277;   78.809;  379.894;  620.191
573.555;  -50.891;   94.894;   37.190
573.834; -131.001;  -86.117; -114.788
574.112;  173.108;  880.893;  811.193
574.390;  -56.196; -143.111;  -96.801
574.668;  -90.297;  -91.112;  -61.797
574.946;  -91.291; -165.106; -187.810
575.224;  -67.594;   71.891;  -16.803
575.502; -113.900; -200.116; -204.791
575.780; -242.597; -767.112; -829.798
576.058;  382.904; 1589.889; 1004.200
576.336; -110.795; -210.110; -129.801
576.614; -154.697; -511.112; -340.798
576.891; -225.499; -711.115; -823.794
577.169;  -96.493; -158.108; -285.805
577.447;   20.808;  169.893;  202.193
577.725;  126.603;  629.888;  854.201
578.003; -111.297;  -71.112; -371.798
578.280;  -68.190; -208.104; -242.812
578.558; -188.199; -450.115; -422.793
578.836;  -90.398; -210.114; -145.795
579.114; -222.197; -630.112; -670.797
579.391;  -20.201;   -6.117;  -18.789
579.669; -255.499; -595.114; -704.794
579.947; -110.593; -326.107; -127.806
580.224; -195.893; -692.107; -524.806
580.502;  -28.792;  127.893;   76.193
580.779;  -73.701;  -42.117;   75.210
581.057; -203.494; -584.109; -470.804
581.334; -262.188; -726.102; -695.815
581.612;   48.109;   54.895;  511.190
581.889;  -79.287;  -83.101; -129.818
582.167; -116.586; -298.099; -190.821
582.444; -238.088; -845.102; -814.817
582.721;  149.412;  657.899;  715.183
582.999; -107.386; -326.100; -167.821
583.276; -219.406; -812.123; -713.779
583.553; -152.088; -364.102; -294.816
583.831; -226.190; -607.104; -631.812
584.108;   -4.594;  349.892;  174.195
584.385;  -86.289; -122.102;  -98.815
584.662; -232.796; -651.111; -828.801
584.940;   -6.196;  204.889;  204.199
585.217;  -71.998;  -73.113; -303.796
585.494;  -49.895;   71.890;  118.198
585.771; -149.694; -250.109; -354.804
586.048; -114.298; -196.113;  -76.796
586.325; -254.495; -721.110; -773.801
586.602;   19.810;  230.896;  213.188
586.879; -190.486; -499.100; -580.820
587.156; -113.491; -156.105; -331.810
587.433; -247.588; -701.102; -667.817
587.710;  -38.897;  152.888;  234.202
587.987; -137.791; -264.105; -236.811
588.264;   58.903;  315.888;  387.202
588.541;  -74.790;  -61.104;   26.187
588.818;   -0.194;   72.892;  171.196
589.095; -114.390; -163.104; -174.812
589.371; -200.194; -459.109; -414.804
589.648; -186.692; -581.107; -437.807
589.925; -180.098; -517.114; -621.795
590.202; -220.997; -741.112; -607.798
590.478; -100.290; -166.105;  -73.811
590.755; -105.993; -241.108; -132.806
591.032; -214.095; -741.110; -699.802
591.308; -278.681; -732.094; -790.831
591.585; -169.795; -573.110; -560.802
591.862; -317.688;-1056.102; -950.817
592.138; -163.193; -475.108; -474.805
592.415; -173.790; -486.104; -495.813
592.691;   79.210;  460.896;  518.188
592.968; -125.985; -208.098; -123.824
593.244; -248.301; -695.116; -595.790
593.521;  -45.788; -105.102;  -42.817
593.797; -267.906; -810.122; -720.780
594.074; -225.283; -611.096; -588.826
594.350;  170.218;  828.905;  729.172
594.626; -136.896; -303.111; -283.801
594.903; -200.288; -643.101; -645.817
595.179;   34.311;  243.896;  418.187
595.455;  -87.492; -136.107; -150.807
595.731;  -51.289;  -19.103;  -38.814
596.008; -170.796; -464.111; -434.800
596.284; -137.986; -187.100; -242.820
596.560; -188.880; -501.093; -493.833
596.836;  -93.691; -173.105;  -70.810
597.112; -162.793; -582.108; -437.805
597.388;  -54.784;  -49.097;  -48.826
597.665;   59.503;  437.887;  530.203
597.941; -226.177; -572.089; -658.839
598.217; -108.795; -323.110; -293.802
598.493; -119.794;   61.891; -204.804
598.769;  -88.587; -175.100;  -50.819
599.045; -228.393; -490.108; -562.806
599.321; -131.386; -193.100; -261.820
599.597; -160.994; -355.109; -476.804
599.872;   59.010;  409.896;  429.187
600.148;  -55.983;  -61.097; -172.826
600.424;   12.907;   91.893;  202.193
600.700;  -77.992; -170.107; -280.807
600.976; -149.284; -442.097; -464.825
601.252; -141.294; -226.109; -272.803
601.527; -276.490; -833.104; -840.813
601.803; -162.990; -453.105; -404.812
602.079;  -81.387; -124.100; -118.819
602.354; -207.279; -620.092; -531.835
602.630; -128.698; -140.113; -482.796
602.906; -247.087; -910.101; -863.818
603.181; -188.102; -627.119; -534.786
603.457;  -67.684;   98.903; -278.826
603.733; -212.104; -605.120; -626.783
604.008;  -88.391; -245.106; -164.810
604.284; -193.288; -636.101; -580.817
604.559;  -62.097;   -3.112;  -42.799
604.835; -132.491; -163.105; -225.810
605.110; -274.186; -732.099; -892.821
605.385;   77.920;  224.907;  267.167
605.661; -233.982; -625.095; -729.829
605.936; -251.493; -664.108; -737.806
606.211;  -15.589;  -17.103; -170.815
606.487; -110.199; -329.114; -376.794
606.762; -261.002; -791.119; -745.786
607.037; -130.191; -501.105; -433.810
607.313; -204.383; -589.096; -574.828
607.588;  -89.391; -375.106; -137.810
607.863; -103.087;  -28.101; -143.818
608.138;   64.805;  513.890;  516.198
608.413; -202.585; -576.099; -592.822
608.688; -114.393; -203.108; -267.805
608.964; -117.492; -509.106; -218.809
609.239;  -90.691; -107.105; -212.810
609.514;   -3.390;  281.895;  240.188
609.789; -252.290; -187.104; -716.812
610.064; -175.283; -435.096; -609.827
610.339; -270.494; -855.109; -799.804
610.614;  -74.986; -131.100; -315.820
610.889;  -10.790;  215.895;  107.188
611.163; -205.490; -407.104; -591.812
611.438;  -93.899;   81.886; -167.794
611.713; -175.688; -467.101; -499.817
611.988; -116.587; -144.101; -328.818
612.263; -260.888; -771.102; -717.815
612.538;   81.102;  385.887;  251.204
612.812; -269.886; -832.100; -911.820
613.087; -139.885; -358.098; -338.823
613.362; -211.192; -497.107; -557.807
613.637;    1.511;  261.897;  138.186
613.911;  -98.879; -256.092; -345.835
614.186; -131.692; -249.107; -292.807
614.460; -266.570; -842.081; -758.854
614.735;  -49.175;  -55.087;  -17.843
615.010;  -35.276;   43.912;  -82.841
615.284;   71.007;  360.892;  246.195
615.559; -265.179; -792.092; -955.835
615.833;  -41.486;  -76.099;  -87.822
616.108; -121.778; -225.090; -390.837
616.382;   70.225;  274.913;  402.156
616.656; -102.078; -241.090; -232.837
616.931; -260.785; -785.099; -700.822
617.205; -281.190; -973.104; -979.813
617.480;  -89.208;  -91.125;    6.225
617.754; -163.508; -396.125; -128.774
618.028; -157.411; -369.129; -382.768
618.302;  -19.594;   73.892;  -25.805
618.577; -189.489; -371.103; -518.815
618.851; -161.295; -399.109; -600.803
619.125; -134.115; -335.134; -378.759
619.399;  -77.889; -244.104; -374.813
619.673; -143.900; -330.115; -515.792
619.947; -154.198; -333.114; -448.795
620.222;  -82.795; -198.110; -204.801
620.496;  -89.104;  -47.121;  -96.782
620.770;  -94.405; -187.122;  -93.781
621.044;   49.009;  323.895;  346.190
621.318; -211.904; -653.120; -614.783
621.592; -143.604; -430.121; -409.783
621.866; -192.896; -476.112; -572.799
622.140; -109.600; -207.116; -356.791
622.413;  -33.096;  138.889;  112.200
622.687; -192.988; -746.101; -492.817
622.961;  -48.894; -130.108; -143.805
623.235; -215.796; -633.111; -661.800
623.509; -266.390; -816.105; -848.811
623.783;  -18.293;  -12.107;   48.193
624.056; -110.504; -254.120; -280.783
624.330;    4.403;   63.888;   -3.797
624.604; -116.701; -271.116; -355.790
624.877;  -19.695;  180.890;   26.198
625.151;  -98.399; -249.114; -238.794
625.425; -111.389; -150.103; -283.814
625.698; -184.503; -367.119; -374.785
625.972; -218.495; -799.110; -765.802
626.245;  102.000;  685.884;  484.210
626.519; -153.404; -426.120; -340.784
626.792; -121.492; -192.107; -380.807
627.066; -219.806; -485.122; -662.779
627.339; -217.095; -736.110; -663.802
627.613;   16.996;  351.880;  148.216
627.886;   -8.595;  187.891; -612.803
628.160;  -88.904;  312.880; -161.783
628.433; -248.608; -695.125; -703.775
628.706; -189.704; -517.120; -615.784
628.979;   37.193;  296.876;  117.223
629.253; -272.103; -785.119; -833.786
629.526;  -98.509; -334.126; -253.772
629.799; -186.206; -641.123; -479.778
630.072; -167.811; -497.128; -516.769
630.346; -348.600;-1115.116;-1080.790
630.619; -181.892; -467.107; -545.808
630.892;  112.404;  709.889;  593.200
631.165;  159.110;  790.896;  679.187
631.438; -338.897;-1092.112;-1055.798
631.711;   17.094;  453.877;  257.221
631.984; -195.501; -523.117; -624.789
632.257; -180.301; -636.117; -681.789
632.530; -128.103; -412.119; -433.785
632.803;   11.301; -109.115;    7.207
633.076; -165.007; -360.123; -422.777
633.349;   15.989;  173.872;  121.231
633.622; -101.103; -187.119; -240.785
633.895; -308.304; -903.120; -823.783
634.167; -179.809; -496.126; -525.773
634.440;  -38.500;  -19.116; -137.792
634.713;  -26.103;  -22.119; -120.786
634.986;   95.988;  593.871;  453.233
635.258; -197.099; -507.115; -597.793
635.531;  148.898;  742.882; -343.788
635.804; -157.201; -303.117; -318.789
636.077; -264.200; -830.116; -852.791
636.349; -218.899; -586.115; -474.793
636.622;  478.191; 1695.874; 1392.228
636.894; -164.404; -474.120; -909.784
637.167; -215.410; -836.127; -789.771
637.439; -109.810; -278.128; -213.770
637.712; -121.209; -312.126; -293.772
637.984; -222.000; -635.116; -707.791
638.257;  131.493;  515.877;  488.222
638.529; -278.208; -881.125; -924.776
638.802; -181.511; -508.128; -449.769
639.074; -281.305; -927.122; -952.781
639.346; -277.816; -942.135; -930.757
639.619;  -62.023;  -79.142; -319.744
639.891;  -64.606;  -83.122; -168.779
640.163; -204.206; -689.122; -756.780
640.435;   16.695;  273.878;  103.220
640.708;  -49.005;  -72.122; -132.780
640.980; -172.905; -366.122; -362.781
641.252;  -22.205;  -25.121;  -71.781
641.524;  109.695;  580.879;  573.219
641.796; -311.205;-1094.121; -907.782
642.068;  -91.404; -191.121; -300.782
642.340; -197.404; -486.121; -566.783
642.613;   24.496;  294.880;  323.217
642.885; -237.204; -787.120; -878.783
643.157; -222.804; -810.120; -658.784
643.428;   55.196;  170.880;  218.216
643.700; -139.103; -498.120; -425.784
643.972;  -69.003;  -16.119; -133.785
644.244; -202.203; -474.119; -559.785
644.516;  -74.403; -250.119; -114.786
644.788;  117.597;  662.881;  548.214
645.060;  -32.002;  -12.119; -124.786
645.332; -179.302; -525.118; -535.787
645.603;  104.298;  479.882;  342.213
645.875; -147.002; -334.118; -369.787
646.147;  334.798; 1487.882; 1242.212
646.418; -292.402; -931.117; -918.788
646.690; -224.001; -714.117; -715.789
646.962; -156.201; -413.117; -451.789
647.233;    5.099;   15.883;   11.211
647.505; -185.801; -595.117; -475.790
647.776;   46.099;  328.884;  229.210
648.048;  -85.700; -248.116; -418.790
648.320; -231.500; -752.116; -679.791
648.591; -296.200;-1055.116; -958.791
648.862; -144.800; -505.116; -577.792
649.134;   18.100;  115.885;  198.208
649.405; -197.500; -661.115; -618.792
649.677; -178.799; -475.115; -598.793
649.948;  -94.999; -181.115; -296.793
650.219;  -30.699;  -37.115; -147.793
650.491; -162.299; -431.114; -520.794
650.762; -232.899; -705.114; -731.794
651.033; -153.198; -437.114; -424.795
651.304; -259.798; -743.114; -728.795
651.576; -212.898; -680.114; -645.795
651.847;  -46.098; -250.113; -140.796
652.118;  -61.898;  -32.113; -189.796
652.389; -215.998; -639.113; -722.796
652.660;  -46.597; -147.113;  -89.797
652.931; -286.697; -897.112; -871.797
653.202; -189.497; -382.112; -541.798
653.473; -175.897; -633.112; -533.798
653.744; -198.097; -595.112; -590.798
654.015; -149.097; -356.112; -303.799
654.286; -207.496; -642.111; -663.799
654.557; -189.996; -586.111; -521.799
654.828; -337.096;-1114.111;-1088.800
655.099; -133.296; -404.111; -291.800
655.370; -180.496; -427.111; -543.801
655.641; -232.495; -656.110; -714.801
655.911; -182.295; -618.110; -638.801
656.182;   80.505;  437.890;  387.198
656.453;  181.705;  830.890;  746.198
656.724; -150.595; -466.110; -426.802
656.994; -156.495; -553.109; -568.803
657.265; -256.994; -862.109; -873.803
657.536; -137.794; -500.109; -377.804
657.806; -183.394; -561.109; -593.804
658.077; -276.294; -866.109; -950.804
658.347; -171.394; -523.108; -598.805
658.618; -216.493; -646.108; -694.805
658.888;  -45.493;  -41.108;  112.195
659.159; -147.293; -432.108; -548.806
659.429; -136.593; -292.108; -349.806
659.700; -167.993; -435.107; -390.807
659.970; -162.493; -370.107; -359.807
660.241; -258.992; -754.107; -921.807
660.511;  -64.192; -147.107; -174.808
660.781; -220.192; -793.106; -748.808
661.052; -102.892; -222.106; -381.808
661.322;  -12.892;   21.894;   -9.809
661.592;   19.909;  257.894;  148.191
661.862; -153.791; -369.106; -382.810
662.133; -204.091; -551.105; -502.810
662.403; -243.191; -770.105; -676.810
662.673; -116.191; -256.105; -213.811
662.943; -157.391; -612.105; -551.811
663.213;  -98.590;  -85.105;  -81.811
663.483; -164.590; -593.104; -568.812
663.753;  -81.790; -194.104; -152.812
664.023;   18.110;   68.896;  -32.813
664.293; -110.690; -319.104; -126.813
664.563; -202.489; -694.104; -648.813
664.833; -255.489; -743.103; -608.814
665.103; -263.489; -730.103; -793.814
665.373; -263.189; -766.103; -806.814
665.643; -310.089; -863.103; -918.815
665.913; -187.689; -534.103; -714.815
666.182; -229.188; -685.102; -719.816
666.452;  -77.288;  -22.102;  -89.816
666.722; -220.888; -724.102; -784.816
666.992; -298.788; -948.102; -921.817
667.261; -271.888; -824.102; -808.817
667.531;  -20.188;  134.899;   45.183
667.801; -163.487; -440.101; -412.818
668.070;  135.713;  714.899;  697.182
668.340; -270.687; -883.101; -840.819
668.609;  127.313;  588.900;  301.181
668.879; -195.887; -490.100; -558.819
669.149; -179.286; -539.100; -516.820
669.418; -214.586; -698.100; -726.820
669.688; -191.686; -482.100; -666.820
669.957; -166.686; -423.099; -546.821
670.226; -108.986; -268.099; -331.821
670.496; -208.886; -431.099; -635.822
670.765; -142.285; -418.099; -501.822
671.034; -270.185; -872.099; -828.822
671.304;  -13.185;   55.902; -111.823
671.573; -317.385;-1085.098; -957.823
671.842; -125.285; -380.098; -294.823
672.112; -203.584; -692.098; -586.824
672.381; -100.684; -239.098; -214.824
672.650; -329.184;-1005.097;-1021.825
672.919; -205.684; -631.097; -507.825
673.188; -229.984; -681.097; -878.825
673.457; -332.384;-1101.097;-1143.826
673.726; -181.283; -579.096; -646.826
673.995; -137.883; -533.096; -479.826
674.265; -125.883; -263.096; -333.827
674.534; -110.083; -183.096; -235.827
674.802; -172.983; -618.096; -703.828
675.071; -274.882; -886.095; -801.828
675.340; -185.482; -464.095; -339.828
675.609;  -30.082;  103.905;   82.171
675.878; -258.382; -949.095; -893.829
676.147;  -30.282;  -26.095;   -8.829
676.416; -119.182; -210.094; -294.830
676.685;  242.519; 1000.906; -622.830
676.953; -202.181; -603.094; -452.831
677.222; -123.381; -193.094; -273.831
677.491;  -74.881;  -24.094; -127.831
677.759;  -30.781;   11.907;  172.168
678.028;  -90.381; -279.093; -222.832
678.297;  -31.580;   71.907;  197.168
678.565; -308.480; -898.093; -944.833
678.834; -122.380; -311.093; -268.833
679.102; -165.680; -411.092; -391.834
679.371; -267.280; -898.092; -727.834
679.639; -251.979; -797.092; -786.834
679.908; -253.779; -794.092; -724.835
680.176; -284.679; -895.091; -941.835
680.445; -134.479; -346.091; -352.835
680.713;  -11.679;  -58.091;  -23.836
680.982; -182.679; -523.091; -525.836
681.250; -190.778; -578.091; -507.837
681.518; -188.378; -534.090; -751.837
681.787;  -97.078; -204.090; -167.837
682.055; -137.678; -490.090; -422.838
682.323; -298.878; -993.090; -992.838
682.591;  -87.977; -216.090; -538.838
682.859;  -85.277;    9.911;  -35.839
683.128;   32.523;  232.911;  497.161
683.396; -321.577;-1102.089;-1122.840
683.664;  -75.877; -241.089;   21.160
683.932;   -9.977;  144.911;  -76.840
684.200; -167.576; -576.088; -320.841
684.468;  -41.676;  -73.088; -124.841
684.736;  -81.476; -214.088; -175.841
685.004; -330.876;-1024.088; -982.842
685.272; -245.276; -880.088; -774.842
685.540; -196.775; -499.087; -557.843
685.808; -205.575; -651.087; -682.843
686.076; -295.775; -894.087; -969.843
686.343; -220.575; -601.087; -815.844
686.611;  -60.675; -195.087; -224.844
686.879; -174.275; -530.086; -553.844
687.147; -177.074; -483.086; -480.845
687.414;  -94.174;  -12.086; -169.845
687.682; -218.174; -658.086; -757.846
687.950;   64.626;  259.915;  263.154
688.217; -264.474; -792.085; -760.846
688.485; -203.573; -632.085; -636.847
688.753;  -54.373;  -11.085; -102.847
689.020; -244.473; -820.085; -851.847
689.288; -287.973; -853.084; -787.848
689.555;  -76.673; -195.084; -148.848
689.823;  -93.473; -241.084; -345.849
690.090; -200.272; -546.084; -651.849
690.358; -310.172; -877.084; -897.849
690.625;    2.628;  120.917;   45.150
690.892; -172.472; -403.083; -369.850
691.160;  -27.672;   72.917;  -35.850
691.427;  -16.672;  141.917;  130.149
691.694; -292.571; -855.083; -929.851
691.962; -312.271;-1177.082;-1060.852
692.229;  -16.471;  127.918;   56.148
692.496;  -32.671;  130.918;  -49.852
692.763;  -70.971; -164.082; -201.853
693.031; -223.070; -739.082; -716.853
693.298; -186.970; -509.081; -368.853
693.565; -109.270; -155.081; -163.854
693.832;  -31.770;   -5.081;   -9.854
694.099; -213.670; -643.081; -642.855
694.366; -279.870; -882.081; -896.855
694.633; -288.969; -920.080; -633.855
694.900; 1200.931; 4367.920; -114.856
695.167;  -91.169; -214.080; -380.856
695.434; -208.969; -646.080; -623.856
695.701;    6.231;  121.921;  -61.857
695.968; -159.768; -365.079; -361.857
696.234; -188.668; -415.079; -646.858
696.501; -227.168; -776.079; -614.858
696.768; -229.968; -554.079; -617.858
697.035; -211.568; -632.078; -667.859
697.302; -162.468; -448.078; -552.859
697.568; -178.967; -458.078; -497.859
697.835; -189.967; -683.078; -624.860
698.102; -200.267; -498.078; -407.860
698.368;   57.133;  384.923;  396.139
698.635; -173.167;  -47.077; -424.861
698.901;  -98.166; -240.077; -348.861
699.168; -158.766; -534.077; -456.862
699.435;  -63.866;  -72.077;  -13.862
699.701; -295.166; -868.076; -764.862
699.968; -134.666;  144.924; -441.863
700.234; -221.666; -783.076; -822.863
700.500; -180.565; -448.076; -539.864
700.767;  -52.265;   -1.075;   26.136
701.033; -311.065;-1015.075; -963.864
701.299; -170.465; -450.075; -483.865
701.566;  176.935;  950.925;  763.135
701.832;   13.135;  -31.075;  -76.865
702.098; -294.064;-1054.074;-1034.866
702.365; -320.264;-1098.074;-1030.866
702.631; -326.164;-1038.074;-1063.867
702.897; -234.764; -765.074; -676.867
703.163;   28.536;  348.926;  254.133
703.429; -100.263; -256.073; -273.868
703.695; -226.763; -796.073; -792.868
703.961;  -89.063; -214.073; -210.868
704.227; -228.663; -630.073; -725.869
704.493;  135.337;  613.927;  510.131
704.759; -184.663; -565.072; -540.870
705.025;  -90.762; -203.072; -194.870
705.291; -192.862; -666.072; -562.870
705.557;  166.338;  719.928;   34.129
705.823; -198.862; -742.072; -694.871
706.089; -137.462; -307.071; -326.871
706.355;  -80.561; -315.071; -244.872
706.620; -261.861; -776.071; -729.872
706.886; -108.561; -309.071; -362.873
707.152; -276.761; -818.070; -973.873
707.418; -357.761;-1153.070;-1186.873
707.683; -184.261; -550.070; -530.874
707.949; -167.160; -547.070; -578.874
708.215; -126.460; -129.070; -207.874
708.480; -155.060; -520.069; -420.875
708.746;  -32.160;   68.931;   28.125
709.011; -172.560; -578.069; -612.876
709.277; -184.559; -538.069; -543.876
709.542; -187.959; -428.069; -387.876
709.808;  -53.859;  -59.068;   89.123
710.073; -201.959; -577.068; -695.877
710.339;  -88.759; -242.068; -228.877
710.604; -259.359; -780.068; -845.878
710.869; -113.358; -277.068; -366.878
711.135; -215.958; -715.067; -628.879
711.400; -186.258; -507.067; -608.879
711.665; -131.258; -404.067; -479.879
711.931; -199.458; -661.067; -677.880
712.196; -285.858; -876.067; -954.880
712.461; -182.257; -402.066; -490.880
712.726; -263.657; -727.066; -771.881
712.991; -233.057; -647.066; -664.881
713.256; -129.657; -350.066; -332.882
713.521; -154.957; -417.065; -381.882
713.787; -188.156; -454.065; -472.882
714.052; -144.756; -214.065; -400.883
714.317; -298.156;-1045.065; -981.883
714.581; -124.656; -374.065; -268.883
714.846; -269.856; -822.064; -888.884
715.111;   31.244;  261.936;  257.116
715.376; -104.355;  -86.064; -223.885
715.641; -141.155; -365.064; -367.885
715.906; -157.955;   15.936; -551.885
716.171;   28.345;  221.937;  209.114
716.436;  -50.855;  -78.063; -104.886
716.700; -245.854; -818.063; -692.886
716.965; -243.954; -794.063; -807.887
717.230; -137.154; -339.063; -392.887
717.494;  -53.654;  -40.062; -134.888
717.759; -195.954; -784.062; -640.888
718.024;    0.646;  269.938;  250.112
718.288;  141.747;  685.938;  395.111
718.553; -255.953; -803.062; -977.889
718.817; -299.053; -883.061; -899.889
719.082;  -74.553; -115.061; -125.890
719.346; -300.553;-1000.061; -947.890
719.611; -105.452; -300.061; -255.891
719.875; -192.152; -568.060; -537.891
720.140; -187.552; -453.060; -603.891
720.404;  -70.552; -136.060; -249.892
720.668; -137.852; -475.060; -411.892
720.933;  -49.652;  146.940;  137.108
721.197; -222.851; -667.059; -600.893
721.461; -293.751; -851.059; -826.893
721.725;  -15.551;  -21.059; -250.894
721.990; -111.151; -284.059; -204.894
722.254;  -54.251;  -26.059; -108.894
722.518; -140.550; -286.058; -442.895
722.782; -209.050; -743.058; -594.895
723.046;  166.050;  614.942;  570.105
723.310;   57.850;  374.942;  210.104
723.574; -179.650; -654.058; -614.896
723.838; -205.550; -576.057; -642.897
724.102;  -78.849; -226.057; -239.897
724.366; -303.549;-1032.057; -978.897
724.630; -203.549; -749.057; -571.898
724.894; -197.249; -722.057; -514.898
725.158;  -60.249;   38.944; -295.898
725.422; -151.549; -394.056; -327.899
725.685; -188.648; -441.056; -349.899
725.949; -232.348; -566.056; -519.900
726.213; -257.748; -732.056; -811.900
726.477; -288.848;-1020.055; -933.900
726.740;  -99.948; -274.055; -104.901
727.004; -175.247; -384.055; -510.901
727.268; -148.547; -442.055; -400.901
727.531; -279.047; -961.055; -775.902
727.795; -213.147; -713.054; -673.902
728.059; -200.047; -552.054; -557.903
728.322; -253.847; -841.054; -669.903
728.586; -226.046; -692.054; -701.903
728.849; -251.346; -695.053; -756.904
729.112; -235.546; -812.053; -912.904
729.376; -262.446; -959.053; -905.904
729.639; -138.746; -536.053; -536.905
729.903; -268.745; -733.053; -699.905
730.166; -107.245; -437.052; -399.906
730.429;  -82.845; -317.052; -468.906
730.693; -173.545; -355.052; -894.906
730.956;  157.255;  810.948;  651.093
731.219;  -79.145; -310.052; -103.907
731.482; -301.844;-1003.051; -894.907
731.745; -283.444; -794.051; -935.908
732.009;  -10.844;  -30.051;   50.092
732.272; -228.944; -904.051; -771.909
732.535; -114.644; -300.051; -310.909
732.798; -323.443;-1083.050;-1166.909
733.061; -167.543; -430.050; -456.910
733.324;  -60.043;   31.950; -180.910
733.587;   60.857;  290.950;  365.090
733.850; -200.243; -973.049;-1050.911
734.113;  -26.443;   33.951;   32.089
734.376; -148.042; -328.049; -447.912
734.639;  270.658; 1188.951; 1011.088
734.901;  -81.042; -180.049; -402.912
735.164; -262.242; -883.048; -837.913
735.427;  -85.942; -166.048; -355.913
735.690;  -76.042; -205.048; -234.913
735.952; -316.141; -923.048; -925.914
736.215; -305.541;-1113.048;-1009.914
736.478; -266.741; -771.047; -774.915
736.740;  -50.141;   33.953;  129.085
737.003; -223.441; -658.047; -672.915
737.266;  207.660;  -94.047;   46.084
737.528; -233.040; -682.047; -660.916
737.791; -141.540; -316.046; -327.916
738.053;   64.360;  465.954;  649.083
738.316;  -98.240; -162.046; -136.917
738.578; -223.540; -770.046; -736.918
738.841; -145.439; -382.046; -446.918
739.103; -231.539; -875.045; -777.918
739.365;  -46.539;   79.955;  -69.919
739.628; -241.039; -884.045; -805.919
739.890; -237.439; -758.045; -710.919
740.152; -213.038; -692.044; -754.920
740.414; -171.138; -408.044; -359.920
740.677; -223.538; -785.044; -634.921
740.939; -223.638; -587.044; -487.921
741.201; -155.738; -432.044; -572.921
741.463; -167.638; -689.043; -745.922
741.725;  -56.837;  -21.043; -199.922
741.987;   13.363;  220.957;  116.078
742.249; -258.437; -751.043; -859.923
742.511; -220.037; -703.043; -794.923
742.773; -184.237; -546.042; -546.924
743.035;  128.564;  796.958;  533.076
743.297; -342.836; -963.042;-1013.924
743.559;  -92.336; -278.042; -262.925
743.821; -257.836; -735.042; -744.925
744.083;  -64.636;  -44.041; -149.925
744.345; -272.936; -869.041; -892.926
744.607;    1.965;   75.959;  122.074
744.868; -219.435; -490.041; -554.927
745.130; -316.035; -994.041;-1008.927
745.392;  -45.335;   -1.040;  -44.927
745.653; -137.135; -411.040; -378.928
745.915;  135.565;  896.960;  631.072
746.177;  -45.134;   35.960;  -43.928
746.438; -196.634; -428.040; -543.929
746.700; -305.234; -947.039; -988.929
746.961; -237.334; -659.039; -740.930
747.223;  -87.734; -190.039;  -74.930
747.484; -155.533; -391.039; -471.930
747.746;  -50.333;  -23.038; -106.931
748.007; -219.933; -647.038; -689.931
748.269; -119.033; -468.038; -440.931
748.530; -218.533; -852.038; -638.932
748.791; -162.433; -354.038; -420.932
749.053;   38.468;  286.963;  163.067
749.314;  -90.532; -236.037; -169.933
749.575; -270.132; -945.037; -905.933
749.836;  -52.232; -217.037;   86.066
750.098;  -38.332;  -60.037;  -21.934
750.359;   89.169;  414.964;  555.066
750.620;  -78.331; -121.036; -220.935
750.881; -202.531; -585.036; -513.935
751.142; -250.031; -950.036; -938.936
751.403; -238.531; -789.036; -705.936
751.664; -333.531;-1034.035; -999.936
751.925;  -91.030; -175.035; -262.937
752.186;  -92.630; -298.035; -278.937
752.447; -184.030; -590.035; -445.937
752.708; -198.930; -532.035; -648.938
752.969; -219.330; -566.034; -576.938
753.230; -247.029; -777.034; -672.939
753.491; -209.229; -650.034; -631.939
753.751;  -32.329;  109.966;   19.061
754.012;   30.871;  258.967;  181.060
754.273;  -90.529; -174.033;  -71.940
754.534; -181.129; -487.033; -580.940
754.794; -265.828; -926.033; -911.941
755.055;  236.172; 1051.967;  881.059
755.316; -196.628; -700.032; -566.942
755.576; -195.928; -606.032; -576.942
755.837; -224.728; -527.032; -695.942
756.097; -185.727; -530.032; -564.943
756.358; -250.827; -725.032; -770.943
756.618; -222.027; -705.031; -641.943
756.879; -109.727; -254.031; -349.944
757.139; -345.427;-1098.031;-1116.944
757.400; -199.127; -538.031; -553.945
757.660; -138.026; -365.031; -401.945
757.920; -128.026; -266.030; -228.945
758.181; -145.326; -468.030; -351.946
758.441; -262.026; -870.030; -809.946
758.701; -128.326; -308.030; -215.946
758.961; -105.526; -220.030; -278.947
759.222; -168.325; -574.029; -502.947
759.482; -224.525; -683.029; -723.948
759.742; -254.725; -706.029; -547.948
760.002;  -58.025;  -83.029; -143.948
760.262;  -69.825;   50.972;  182.051
760.522; -225.824; -498.028; -574.949
760.782; -235.724; -738.028; -612.949
761.042; -213.824; -618.028; -573.950
761.302;  -36.724;   55.972;  -18.950
761.562;  -90.224; -164.027; -154.951
761.822; -183.324; -710.027; -551.951
762.082; -377.423;-1104.027;-1093.951
762.342; -127.523; -328.027; -403.952
762.601; -174.923; -567.027; -506.952
762.861; -126.623; -281.026; -207.952
763.121; -117.823; -406.026; -411.953
763.381; -163.722; -499.026; -485.953
763.640;  -99.922; -139.026; -307.954
763.900; -125.422; -242.026; -203.954
764.160; -141.522; -458.025; -491.954
764.419; -240.522; -726.025; -782.955
764.679; -272.122; -795.025; -726.955
764.939;  -62.521; -124.025; -210.955
765.198; -211.121; -608.025; -563.956
765.458; -212.021; -710.024; -612.956
765.717; -218.221; -454.024; -590.957
765.976; -155.921; -428.024; -411.957
766.236; -210.220; -475.024; -610.957
766.495;    2.280;  260.977;   73.042
766.755; -317.920;-1090.023; -987.958
767.014; -202.120; -594.023; -665.958
767.273; -158.220; -373.023; -397.959
767.533; -128.120; -228.023; -307.959
767.792;  -88.019; -151.022; -188.960
768.051; -138.519; -228.022; -276.960
768.310; -232.319; -546.022; -650.960
768.569;  -51.419; -161.022;    4.039
768.828; -127.619; -285.022; -363.961
769.088; -302.819;-1050.021; -942.961
769.347; -229.818; -755.021; -599.962
769.606; -279.418; -876.021; -857.962
769.865; -319.118;-1016.021;-1033.963
770.124;  -87.418; -411.021; -336.963
770.383; -305.018; -778.020; -910.963
770.641; -175.217; -398.020; -400.964
770.900; -297.717; -953.020; -846.964
771.159; -304.317; -851.020; -951.964
771.418; -299.817; -917.020; -779.965
771.677;  -88.017; -224.019; -293.965
771.936; -277.517; -794.019; -865.966
772.194; -250.316; -465.019; -437.966
772.453; -123.116; -213.019; -391.966
772.712;   73.484;  416.982;  329.033
772.970;  -63.816;   32.982;   63.033
773.229;  -49.216;  -22.018;  102.033
773.488; -277.215; -814.018; -770.968
773.746;   53.485;  296.982;  335.032
774.005;  -49.315;  190.983;  -22.969
774.263;   20.185;  243.983;  177.031
774.522; -211.015; -422.017; -548.969
774.780; -150.515; -484.017; -417.970
775.039; -194.914; -551.017; -531.970
775.297;  -76.414; -135.016; -351.970
775.555; -219.214; -489.016; -612.971
775.814; -224.214; -618.016; -570.971
776.072; -226.914; -749.016; -740.971
776.330; -212.313; -630.016; -520.972
776.589; -240.213; -703.015; -721.972
776.847; -247.113; -645.015; -624.973
777.105; -336.113;-1016.015;-1032.973
777.363; -151.313; -459.015; -454.973
777.621; -269.913; -660.015; -717.974
777.879;  -61.712;  -42.014;   32.026
778.138; -178.812; -554.014; -717.974
778.396; -197.812; -585.014; -526.975
778.654; -332.012;-1015.014; -970.975
778.912; -127.912; -269.014; -371.976
779.170; -245.812; -880.013; -803.976
779.427; -292.111; -922.013; -897.976
779.685; -310.411; -880.013; -832.977
779.943; -225.611; -654.013; -593.977
780.201; -306.211; -964.012; -883.978
780.459; -223.011; -651.012; -610.978
780.717; -118.410; -440.012; -390.978
780.974; -198.010; -449.012; -490.979
781.232; -139.410; -358.012; -338.979
781.490; -202.510; -551.011; -472.979
781.747; -184.210; -555.011; -476.980
782.005;   94.490;  462.989;  254.020
782.263; -305.709; -542.011;-1004.981
782.520; -155.609; -326.011; -501.981
782.778; -315.109;-1013.010;-1051.981
783.035; -308.309; -962.010; -938.982
783.293; -130.509; -248.010; -206.982
783.550; -103.608; -134.010; -198.982
783.808; -247.408; -764.010; -776.983
784.065; -264.708; -745.009; -874.983
784.322; -101.808;   25.991;  -86.984
784.580; -250.108; -915.009; -771.984
784.837; -158.308; -392.009; -466.984
785.094; -278.507; -783.009; -762.985
785.352; -158.807; -304.008; -404.985
785.609; -306.407; -934.008; -839.985
785.866; -161.807; -345.008; -401.986
786.123; -225.807; -639.008; -583.986
786.380; -209.506; -665.008; -604.987
786.637; -132.206; -225.007; -380.987
786.895; -199.506; -456.007; -543.987
787.152;  -64.706; -135.007; -267.988
787.409;  -55.306; -123.007; -225.988
787.666; -149.506; -299.006; -378.988
787.923; -228.505; -616.006; -695.989
788.179; -193.205; -551.006; -584.989
788.436; -202.905; -585.006; -585.990
788.693;  -59.805;  -92.006;  -87.990
788.950;  -68.005; -125.005; -112.990
789.207; -187.104; -381.005; -372.991
789.464;  -97.204; -161.005; -301.991
789.720;   11.196;  150.995;  110.009
789.977; -319.704;-1003.005; -671.992
790.234;  -55.504;   44.996;  -66.992
790.490; -294.904; -884.004;-1031.993
790.747;  -62.703;  -85.004;   22.007
791.004; -132.803; -426.004; -348.993
791.260; -165.103; -430.004; -560.994
791.517; -267.403; -843.003; -788.994
791.773; -138.003; -379.003; -342.994
792.030; -248.803; -596.003; -660.995
792.286; -222.002; -686.003; -636.995
792.543;  -88.202;  -74.002; -159.995
792.799; -164.602; -584.002; -382.996
793.055; -391.602;-1179.002;-1210.996
793.312; -261.602; -827.002; -816.997
793.568; -251.501; -746.002; -599.997
793.824; -121.501; -226.001; -284.997
794.081; -175.701; -447.001; -508.998
794.337; -167.301; -664.001; -561.998
794.593; -103.701; -319.001; -271.999
794.849; -240.001; -746.001; -772.999
795.105; -142.900; -270.000; -261.999
795.361; -157.800; -490.000; -457.000
795.617; -294.900; -875.000; -945.000
795.873; -174.500; -360.000; -407.000
796.129; -140.000; -368.000; -306.000
796.385; -103.400; -124.000; -156.000
796.641;   64.000;  412.000;  550.000
796.897; -208.000; -666.000; -635.000
797.153;  107.600;  453.000;  357.000
797.409; -284.400; -785.000; -868.000
797.665; -244.800; -625.000; -732.000
797.921; -285.200; -775.000; -762.000
798.176; -259.300; -744.000; -747.000
798.432; -288.200; -824.000; -596.000
798.688; -362.100;-1174.000;-1078.000
798.943; -101.400; -165.000; -147.000
799.199; -304.000;-1005.000; -959.000
799.455;   92.900;  369.000;  316.000
799.710; -284.600; -813.000; -380.000
799.966;  -97.000; -162.000; -160.000
800.221; -188.100; -638.000; -721.000
800.477; -256.700; -743.000; -710.000
800.732; -300.300; -773.000; -800.000
800.988;   31.900;  205.000;  -19.000
801.243; -197.600; -454.000; -344.000
801.498; -260.000; -814.000; -739.000
801.754; -107.700; -289.000; -163.000
802.009; -121.100; -257.000; -335.000
802.264; -329.000; -967.000;-1033.000
802.520;  -83.000;  222.000;   -3.000
802.775; -165.900; -524.000; -359.000
803.030;   29.000;  395.000;  356.000
803.285; -258.300; -840.000; -903.000
803.540; -211.000; -686.000; -699.000
803.795; -208.400; -648.000; -583.000
804.051; -156.200; -279.000; -346.000
804.306;   -0.600;  168.000;  128.000
804.561;   25.500;  451.000;  362.000
804.816;  181.900;  714.000;  861.000
805.071; -120.800; -185.000; -280.000
805.325; -167.100; -257.000; -427.000
805.580; -290.000; -841.000; -877.000
805.835; -136.300; -204.000; -297.000
806.090; -243.700; -760.000; -676.000
806.345; -155.200; -344.000; -264.000
806.600; -216.000; -549.000; -632.000
806.854; -195.800; -408.000; -538.000
807.109; -162.900; -493.000; -577.000
807.364; -130.100; -407.000; -328.000
807.618; -170.900; -415.000; -381.000
807.873; -231.900; -470.000; -494.000
808.128; -103.500; -257.000; -518.000
808.382; -131.900; -224.000; -332.000
808.637; -204.400; -440.000; -511.000
808.891; -117.600; -257.000; -180.000
809.146; -305.100; -902.000; -794.000
809.400; -284.500; -848.000; -923.000
809.654; -219.100; -779.000; -551.000
809.909; -300.100; -841.000; -927.000
810.163; -235.900; -813.000; -651.000
810.418; -303.400; -940.000; -861.000
810.672; -228.800; -685.000; -690.000
810.926; -308.700; -993.000; -973.000
811.180; -172.900; -439.000; -372.000
811.434;   -5.800;  240.000;  135.000
811.689; -156.400; -231.000; -365.000
811.943; -300.300; -936.000; -953.000
812.197; -275.100; -893.000; -671.000
812.451; -176.800; -379.000; -514.000
812.705; -257.900; -809.000; -619.000
812.959; -117.400; -263.000; -388.000
813.213; -104.300; -283.000; -209.000
813.467;   34.300;  470.000;  253.000
813.721; -254.600; -764.000; -792.000
813.975; -288.500; -826.000; -877.000
814.229;  -10.700;  430.000;  353.000
814.482; -217.000; -517.000; -566.000
814.736; -257.400; -766.000; -744.000
814.990; -270.200; -779.000; -872.000
815.244; -110.900; -228.000; -285.000
815.497; -236.500; -636.000; -601.000
815.751;  -82.400; -141.000;   82.000
816.005; -172.400; -470.000; -586.000
816.258; -148.300; -510.000; -363.000
816.512; -238.100; -693.000; -610.000
816.766;  -60.100;  121.000;  157.000
817.019;    8.100;  148.000;  149.000
817.273; -295.100;-1000.000; -802.000
817.526;  -72.100; -206.000; -173.000
817.779; -322.300;-1049.000; -960.000
818.033; -270.300; -693.000; -807.000
818.286; -241.600; -725.000; -792.000
818.540; -175.600; -403.000; -403.000
818.793; -135.300; -402.000; -489.000
819.046; -222.300; -582.000; -520.000
819.299;  -82.600; -157.000; -166.000
819.553; -199.500; -552.000; -592.000
819.806; -333.200;-1016.000; -838.000
820.059; -149.900; -334.000; -354.000
820.312;  -34.500;  152.000;  185.000
820.565;  -20.200;  110.000;  -27.000
820.818;  -86.100;  -59.000; -173.000
821.071; -335.000;-1041.000; -957.000
821.324; -217.800; -536.000; -540.000
821.577; -201.600; -457.000; -483.000
821.830; -108.400; -270.000; -172.000
822.083; -288.200; -733.000; -288.000
822.336; -124.300; -261.000; -167.000
822.589; -267.500; -805.000; -688.000
822.842; -303.400; -875.000; -770.000
823.094; -365.500;-1076.000;-1114.000
823.347; -267.600; -925.000; -729.000
823.600;    4.500;  402.000;  187.000
823.853; -139.700; -311.000; -267.000
824.105; -184.800; -331.000; -575.000
824.358; -257.800; -617.000; -716.000
824.611;  -42.600;  234.000;   40.000
824.863; -237.800; -612.000; -591.000
825.116;  -97.700;  -33.000;   27.000
825.368; -166.500; -366.000; -372.000
825.621;  -92.000; -186.000; -240.000
825.873; -249.800; -704.000; -737.000
826.126; -236.700; -669.000; -641.000
826.378; -174.600; -389.000; -505.000
826.630; -311.000; -890.000; -898.000
826.883; -235.000; -754.000; -693.000
827.135; -159.400; -279.000; -270.000
827.387; -284.000; -893.000; -839.000
827.639;  -74.300;  -86.000;   32.000
827.892; -247.500; -742.000; -582.000
828.144; -289.400; -848.000; -804.000
828.396;  -75.000;  104.000;  -80.000
828.648; -180.300; -440.000; -333.000
828.900; -276.900; -702.000; -795.000
829.152; -246.200; -684.000; -683.000
829.404; -132.600; -215.000; -267.000
829.656;   33.100;  321.000;  214.000
829.908;    5.700;  393.000;  229.000
830.160; -300.000;-1064.000;-1047.000
830.412; -185.200; -481.000; -430.000
830.664; -220.600; -557.000; -665.000
830.916; -150.100; -268.000; -206.000
831.167; -321.900;-1073.000; -951.000
831.419; -202.500; -623.000; -566.000
831.671; -271.900; -764.000; -809.000
831.923; -166.800; -311.000; -447.000
832.174; -101.500; -273.000; -331.000
832.426; -223.500; -493.000; -582.000
832.678; -368.900;-1043.000;-1091.000
832.929; -323.000; -947.000; -935.000
833.181; -227.800; -575.000; -677.000
833.432;  -82.900;  -59.000; -186.000
833.684;  -31.700;  112.000;  -27.000
833.935; -216.700; -610.000; -566.000
834.187; -238.900; -829.000; -823.000
834.438;  -85.900;  -58.000;  -25.000
834.689; -107.100; -255.000; -123.000
834.941; -122.100; -343.000; -244.000
835.192; -221.500; -590.000; -533.000
835.443; -187.700; -419.000; -506.000
835.695;  -37.100;  138.000;  -16.000
835.946; -181.700; -608.000; -378.000
836.197; -262.400; -599.000; -622.000
836.448; -185.300; -528.000; -395.000
836.699; -148.000; -253.000; -341.000
836.950;  -45.500;   72.000;    7.000
837.201; -362.700;-1003.000; -987.000
837.452; -108.100; -356.000; -170.000
837.703; -301.100; -791.000; -737.000
837.954; -163.800; -205.000; -365.000
838.205; -329.200;-1029.000;-1008.000
838.456; -128.500; -196.000; -282.000
838.707; -156.400; -423.000; -519.000
838.958; -240.000; -634.000; -647.000
839.209;   -5.600;   18.000;   40.000
839.460; -150.300; -439.000; -201.000
839.710; -137.100; -135.000; -297.000
839.961;  119.000;  730.000;  612.000
840.212; -201.300; -382.000; -497.000
840.462; -137.600; -328.000; -277.000
840.713; -205.300; -571.000; -536.000
840.964;  -82.600;  -62.000; -143.000
841.214; -233.500; -384.000; -624.000
841.465;  -93.800; -214.000; -141.000
841.715; -152.000; -417.000; -380.000
841.966; -261.000; -746.000; -685.000
842.216; -168.200; -330.000; -431.000
842.466; -119.500; -169.000; -313.000
842.717; -335.900; -964.000; -952.000
842.967; -226.100; -635.000; -641.000
843.217;  -73.900;   20.000;   28.000
843.468;  -92.300; -104.000; -132.000
843.718; -248.000; -718.000; -726.000
843.968; -265.200; -837.000; -765.000
844.218; -125.500; -315.000; -262.000
844.469; -188.800; -577.000; -561.000
844.719; -215.400; -537.000; -682.000
844.969; -188.500; -550.000; -580.000
845.219; -331.000; -814.000; -862.000
845.469; -144.000; -392.000; -342.000
845.719; -290.500; -792.000; -884.000
845.969;  -28.700;  119.000;  174.000
846.219; -260.600; -738.000; -720.000
846.469;   63.500;  464.000;  432.000
846.718; -113.200; -115.000;   31.000
846.968; -291.300; -827.000; -827.000
847.218; -104.500; -224.000; -371.000
847.468; -227.100; -586.000; -555.000
847.718; -279.300; -827.000; -798.000
847.967; -279.300; -826.000; -915.000
848.217; -183.000; -449.000; -569.000
848.467; -137.300; -405.000; -376.000
848.716; -254.700; -708.000; -725.000
848.966; -135.800; -372.000; -358.000
849.215; -172.200; -428.000; -419.000
849.465; -269.100; -785.000; -615.000
849.714; -366.700;-1132.000;-1150.000
849.964; -230.400; -551.000; -613.000
850.213; -148.300; -393.000; -355.000
850.463;    1.200;  137.000;  340.000
850.712; -206.100; -542.000; -567.000
850.961; -213.600; -739.000; -678.000
851.211; -184.300; -513.000; -504.000
851.460; -223.700; -635.000; -650.000
851.709;  -61.100;  -25.000;   18.000
851.958; -297.000; -912.000; -750.000
852.208; -272.200; -859.000; -879.000
852.457; -124.900; -181.000;  -13.000
852.706; -304.700; -791.000; -823.000
852.955; -200.300; -507.000; -528.000
853.204; -224.500; -521.000; -461.000
853.453; -202.400; -418.000; -458.000
853.702; -250.000; -660.000; -750.000
853.951; -211.400; -532.000; -520.000
854.200; -222.100; -613.000; -562.000
854.449; -224.600; -695.000; -661.000
854.698; -176.200; -340.000; -279.000
854.946; -126.400; -181.000; -284.000
855.195; -289.600; -843.000; -868.000
855.444; -168.600; -395.000; -420.000
855.693; -220.100; -345.000; -432.000
855.941; -202.700; -387.000; -516.000
856.190; -110.600; -256.000; -382.000
856.439; -249.100; -652.000; -703.000
856.687;  -92.200;  -99.000;  -72.000
856.936; -191.400; -621.000; -323.000
857.184; -314.800;-1067.000;-1020.000
857.433; -146.300; -423.000; -512.000
857.681; -316.000; -989.000; -953.000
857.930; -143.600; -282.000; -433.000
858.178; -298.600; -856.000; -929.000
858.427; -275.300; -802.000; -781.000
858.675; -216.700; -377.000; -544.000
858.923; -182.700; -527.000; -819.000
859.172; -345.000;-1094.000;-1070.000
859.420; -153.100; -339.000; -239.000
859.668; -262.400; -624.000; -628.000
859.916;  -19.400;  109.000;  115.000
860.164; -218.500; -699.000; -603.000
860.413; -280.700; -878.000; -696.000
860.661; -242.300; -709.000; -577.000
860.909; -151.400; -339.000; -325.000
861.157; -143.200; -277.000; -444.000
861.405; -211.700; -534.000; -670.000
861.653;   33.700;  310.000;  310.000
861.901; -187.000; -543.000; -613.000
862.149; -285.600; -801.000; -824.000
862.396; -109.400; -297.000; -187.000
862.644; -171.400; -368.000; -347.000
862.892;  -24.300;   98.000;  138.000
863.140; -208.100; -549.000; -530.000
863.388; -255.800; -815.000; -759.000
863.635; -263.200; -642.000; -601.000
863.883;   34.500;  231.000;  190.000
864.131; -180.000; -288.000; -357.000
864.378; -262.100; -675.000; -540.000
864.626; -184.600; -347.000; -415.000
864.873; -209.000; -556.000; -505.000
865.121; -256.200; -714.000; -799.000
865.368;  -90.200; -173.000;   75.000
865.616;  -92.700;  -33.000;  -40.000
865.863; -188.700; -462.000; -506.000
866.111; -288.800; -795.000; -824.000
866.358; -146.300; -426.000; -420.000
866.605;  -75.600;  -64.000; -804.000
866.853; -220.200; -621.000; -537.000
867.100; -253.800; -728.000; -775.000
867.347; -227.000; -672.000; -611.000
867.594; -274.600; -740.000; -714.000
867.841;  -39.100;   97.000;   17.000
868.089; -267.700; -746.000; -698.000
868.336; -191.500; -477.000; -420.000
868.583; -221.000; -637.000; -741.000
868.830;  -77.000; -131.000; -170.000
869.077; -292.400; -859.000; -787.000
869.324; -221.400; -502.000; -458.000
869.571; -193.300; -398.000; -430.000
869.818; -227.100; -485.000; -439.000
870.065; -184.800; -439.000; -513.000
870.311; -171.000; -456.000; -542.000
870.558; -187.600; -332.000; -311.000
870.805; -130.600; -320.000; -384.000
871.052; -195.800; -494.000; -369.000
871.298; -140.700; -204.000; -131.000
871.545; -112.700; -151.000; -185.000
871.792; -118.600; -173.000; -222.000
872.038;  -71.200;   43.000; -126.000
872.285; -211.600; -496.000; -387.000
872.532; -143.400; -357.000; -387.000
872.778;   57.200;  556.000;  403.000
873.025; -156.100; -384.000; -359.000
873.271;   70.900;  501.000;  578.000
873.517;  -85.000; -133.000; -209.000
873.764; -104.500; -193.000;  -80.000
874.010; -118.000; -143.000; -230.000
874.257;  -40.700;  123.000;   90.000
874.503; -193.600; -579.000; -479.000
874.749;  -94.200;   31.000;  275.000
874.995;  -64.400;  -80.000;  -20.000
875.242; -223.100; -540.000; -478.000
875.488; -200.300; -414.000; -439.000
875.734;  -81.100; -106.000; -234.000
875.980; -362.400; -872.000;-1032.000
876.226; -124.000; -157.000; -255.000
876.472;    3.700;  343.000;  237.000
876.718;  -43.900;  184.000;  158.000
876.964;  -49.600;   56.000;   55.000
877.210; -254.400; -547.000; -677.000
877.456; -219.200; -630.000; -557.000
877.702; -324.100; -821.000; -832.000
877.948; -157.500; -377.000; -497.000
878.193;  -12.800;  361.000;  255.000
878.439; -205.400; -487.000; -472.000
878.685; -132.900; -272.000; -343.000
878.931; -221.900; -618.000; -676.000
879.176; -128.800; -201.000; -201.000
879.422; -312.600; -933.000; -820.000
879.668;   16.100;   10.000;   79.000
879.913;  -48.600;   53.000;  137.000
880.159; -114.600; -112.000;  -17.000
880.404; -114.400; -152.000; -162.000
880.650;  -57.300;   91.000;  141.000
880.895; -272.000; -670.000; -710.000
881.141; -177.100; -454.000; -428.000
881.386; -258.200; -503.000; -658.000
881.631; -159.100; -311.000; -166.000
881.877;  -20.700;  112.000;  -13.000
882.122; -228.500; -684.000; -600.000
882.367; -127.900; -136.000; -186.000
882.612; -116.300;  -80.000; -176.000
882.858; -322.000; -877.000; -823.000
883.103; -168.500; -297.000; -267.000
883.348; -261.800; -759.000; -852.000
883.593; -245.400; -677.000; -602.000
883.838; -126.200; -311.000;  -24.000
884.083;    7.800;  353.000;  288.000
884.328; -163.800; -564.000; -545.000
884.573;  -97.600; -196.000; -143.000
884.818; -238.400; -694.000; -531.000
885.063; -167.200; -348.000; -315.000
885.308; -154.300; -475.000; -398.000
885.553;   35.400;  245.000;  325.000
885.797; -228.400; -545.000; -615.000
886.042;  -69.900;    8.000;   58.000
886.287; -142.700; -253.000; -211.000
886.532;  -46.500;   26.000;  204.000
886.776; -172.000; -407.000; -525.000
887.021; -211.700; -621.000; -574.000
887.265; -262.900; -685.000; -689.000
887.510; -237.500; -557.000; -496.000
887.755; -113.300; -194.000; -164.000
887.999; -220.600; -552.000; -575.000
888.244;  -91.200;  -58.000;  161.000
888.488;    5.800;  371.000;  393.000
888.732; -215.200; -368.000; -520.000
888.977; -240.800; -622.000; -567.000
889.221; -241.000; -683.000; -659.000
889.465; -232.000; -422.000; -566.000
889.710; -106.100;  -56.000; -299.000
889.954;   55.800;  579.000;  467.000
890.198; -245.300; -584.000; -707.000
890.442; -246.800; -716.000; -712.000
890.687; -278.400; -800.000; -753.000
890.931; -118.200; -273.000; -210.000
891.175; -239.300; -502.000; -500.000
891.419; -109.000; -105.000; -110.000
891.663; -107.200; -239.000; -112.000
891.907; -277.700; -801.000; -545.000
892.151; -291.200; -920.000; -815.000
892.395; -147.000; -274.000; -387.000
892.638;   27.300;  408.000;  291.000
892.882; -293.300; -780.000; -867.000
893.126;   86.700;  758.000;  558.000
893.370; -134.300; -167.000; -168.000
893.614; -220.200; -714.000; -715.000
893.857; -150.700; -183.000; -197.000
894.101; -189.700; -527.000; -631.000
894.345;  -62.400;  300.000;  150.000
894.588;   59.500;  569.000;  380.000
894.832;  -99.000; -178.000;  -84.000
895.075;  -68.000;   15.000;  -92.000
895.319; -203.800; -552.000; -420.000
895.563; -180.800; -413.000; -353.000
895.806; -246.500; -628.000; -741.000
896.049; -170.300; -576.000; -368.000
896.293;   46.900;  527.000;  405.000
896.536; -212.400; -465.000; -468.000
896.779;  -92.000; -149.000;   -1.000
897.023; -275.500; -751.000; -714.000
897.266;  -11.200;  325.000;  269.000
897.509; -297.300; -900.000; -901.000
897.752;  -32.400;  149.000;  171.000
897.996; -313.900; -972.000; -864.000
898.239;  -22.100;  168.000;  102.000
898.482; -198.200; -431.000; -453.000
898.725;  -95.800;  101.000;   53.000
898.968; -296.800; -609.000; -744.000
899.211; -210.400; -513.000; -361.000
899.454; -244.300; -633.000; -539.000
899.697;  -66.400;   90.000;  -43.000
899.940; -259.300; -761.000; -757.000
900.182; -162.300; -335.000; -405.000
900.425; -146.700; -150.000; -298.000
900.668;    7.100;  491.000;  350.000
900.911; -147.700; -292.000; -345.000
901.154;  -28.900;  141.000;   -3.000
901.396; -242.400; -407.000; -412.000
901.639; -232.300; -430.000; -496.000
901.882; -293.000; -790.000; -809.000
902.124; -138.300;  -29.000; -143.000
902.367; -180.500; -315.000; -361.000
902.609; -205.400; -476.000; -453.000
902.852; -123.600; -108.000; -260.000
903.094; -194.500; -458.000; -337.000
903.337;  -49.200;  -26.000;   53.000
903.579; -158.600; -228.000; -441.000
903.821; -247.500; -597.000; -744.000
904.064;  -77.900;   85.000;  127.000
904.306; -102.800; -126.000; -166.000
904.548; -160.800; -152.000; -366.000
904.790; -157.600; -195.000; -340.000
905.033; -246.200; -625.000; -577.000
905.275; -206.200; -513.000; -524.000
905.517;   13.800;  468.000;  256.000
905.759; -298.200; -667.000; -761.000
906.001; -201.600; -322.000; -369.000
906.243; -153.500; -162.000; -224.000
906.485; -153.800; -265.000; -207.000
906.727; -236.600; -499.000; -542.000
906.969; -128.400;  -30.000; -135.000
907.211; -196.200; -316.000; -382.000
907.453; -130.900; -188.000; -237.000
907.695; -150.500; -158.000; -385.000
907.936;   76.000;  818.000;  706.000
908.178;  -97.000;   92.000; -135.000
908.420; -112.000; -111.000; -162.000
908.662; -243.500; -633.000; -682.000
908.903; -171.000; -208.000; -123.000
909.145; -101.300; -240.000; -305.000
909.386;  -47.700;  315.000;  280.000
909.628;    3.700;  363.000;  397.000
909.870;  -78.100;   29.000;  264.000
910.111; -315.200; -809.000; -949.000
910.353; -135.800; -123.000; -161.000
910.594; -250.700; -574.000; -606.000
910.835; -164.000; -265.000; -326.000
911.077; -232.900; -503.000; -604.000
911.318; -236.000; -505.000; -471.000
911.559; -263.400; -577.000; -880.000
911.801; -177.800; -284.000; -280.000
912.042;  -96.900;  -50.000; -159.000
912.283;   43.900;  404.000;  371.000
912.524; -181.300; -396.000; -457.000
912.765; -108.900; -193.000;   79.000
913.006; -164.600; -307.000; -338.000
913.247; -210.400; -270.000; -290.000
913.488; -122.200;  -43.000;   30.000
913.729; -212.900; -373.000; -373.000
913.970; -155.000;  -96.000; -292.000
914.211; -116.600; -160.000; -198.000
914.452; -118.800; -118.000;  -11.000
914.693;   50.000;  510.000;  592.000
914.934;   39.600;  510.000;  440.000
915.175; -112.200;   53.000;  -95.000
915.415; -127.600; -137.000;   27.000
915.656;  -90.100;  -28.000;  192.000
915.897; -135.900; -252.000;  -82.000
916.137; -123.600;   74.000;   -9.000
916.378; -217.600; -573.000; -517.000
916.619; -151.300; -159.000;  -63.000
916.859;  -16.100;  303.000;  330.000
917.100;  305.100; 1655.000; 1070.000
917.340;  143.000;  930.000;  728.000
917.581;   55.300;  965.000;  789.000
917.821; -173.400; -171.000;  143.000
918.061; -139.600; -199.000;  -72.000
918.302; -155.200; -152.000; -211.000
918.542;  -94.300;  -22.000;    3.000
918.782;  -32.800;  369.000;  377.000
919.023;   17.500;  360.000;  427.000
919.263; 1097.100; 8131.000;  202.000
919.503; -102.800; -137.000;  -54.000
919.743;    0.400;  390.000;  266.000
919.983; -113.000; -134.000;  -26.000
920.223; -101.300;  135.000;   14.000
920.463;   33.400;  631.000;  554.000
920.703;  -94.500;   84.000;   39.000
920.943; -131.500; -110.000;   90.000
921.183; -215.200; -414.000; -405.000
921.423;   38.400;  307.000;  546.000
921.663; -195.600; -174.000; -257.000
921.903;  -61.200;  237.000;  173.000
922.143;   -4.400;  372.000;  389.000
922.383; -107.500;  158.000;  115.000
922.622; -128.800; -120.000;  -15.000
922.862;   58.200;  796.000;  785.000
923.102;  -96.800;  -51.000;   33.000
923.341; -116.800;   59.000;   74.000
923.581;  -15.600;  450.000;  360.000
923.821;  -29.100;  301.000;  398.000
924.060;  -11.700;  351.000;  193.000
924.300; -124.900;  -16.000; -128.000
924.539;  -17.300;  584.000;  473.000
924.779;   73.600;  812.000;  597.000
925.018;  -13.800;  247.000;  353.000
925.257;   55.700;  595.000;  666.000
925.497;  -39.200;  447.000;  412.000
925.736;  -67.400;  -35.000;  102.000
925.975;   47.800;  687.000;  669.000
926.214;   72.600;  907.000;  850.000
926.454;   76.900;  706.000;  757.000
926.693;  -43.500;  419.000;  543.000
926.932;  132.000; 1021.000;  825.000
927.171;  206.400; 1107.000; 1044.000
927.410;  150.900; 1144.000;  967.000
927.649;   34.300;  924.000;  742.000
927.888;   18.100;  590.000;  564.000
928.127;   46.000;  680.000;  678.000
928.366;   92.400;  842.000;  826.000
928.605;  104.400;  831.000;  737.000
928.844;  196.900; 1451.000; 1393.000
929.083;   21.700;  770.000;  613.000
929.321;  233.400; 1335.000; 1359.000
929.560;  167.300; 1158.000; 1122.000
929.799;  -31.700;  574.000;  475.000
930.038;  208.700; 1025.000; 1394.000
930.276;  -55.400;  334.000;  397.000
930.515;   50.400;  827.000;  681.000
930.753;   11.900;  614.000;  589.000
930.992;    8.000;  664.000;  717.000
931.230;   74.000;  847.000;  847.000
931.469;  392.000; 2162.000;  892.000
931.707;  168.800;  840.000;  751.000
931.946;  179.500; 1278.000; 1344.000
932.184;  189.700; 1437.000; 1175.000
932.423;  147.700; 1265.000;  963.000
932.661;  217.500; 1296.000; 1428.000
932.899;   47.700;  987.000;  821.000
933.137;    5.800;  754.000;  564.000
933.376;  209.100; 1664.000; 1335.000
933.614;  270.800; 1759.000; 1196.000
933.852;  115.500; 1357.000; 1171.000
934.090;  287.800; 1722.000; 1747.000
934.328;  236.100; 1252.000; 1457.000
934.566;  149.700; 1431.000; 1110.000
934.804;  171.000; 1263.000; 1309.000
935.042;  261.700; 1861.000; 1850.000
935.280;  345.100; 2088.000; 2063.000
935.518;  374.000; 2113.000; 2007.000
935.756;  359.100; 2481.000; 2316.000
935.994;  220.100; 1808.000; 1751.000
936.231;  572.600; 2890.000; 2950.000
936.469;  380.100; 2367.000; 2378.000
936.707;  363.300; 2220.000; 2167.000
936.945;  523.700; 2825.000; 2882.000
937.182;  465.500; 2679.000; 2741.000
937.420;  648.800; 3602.000; 3031.000
937.657;  677.900; 3365.000; 3478.000
937.895;  652.700; 3331.000; 3488.000
938.133;  687.800; 3540.000; 3528.000
938.370;  734.800; 3896.000; 4191.000
938.607;  858.200; 4488.000; 4205.000
938.845; 1166.800; 5587.000; 5549.000
939.082; 1035.300; 5387.000; 5177.000
939.320; 1162.400; 5799.000; 5728.000
939.557; 1371.500; 6549.000; 6491.000
939.794; 1485.300; 7285.000; 7097.000
940.031; 1754.000; 8421.000; 8368.000
940.269; 2006.700; 9552.000; 9107.000
940.506; 2223.600;10901.000;10507.000

