
Integration time [ms]: 100.000
Averaging Nr. [scans]: 40
Smoothing Nr. [pixels]: 0
Data measured with spectrometer [name]: 2101013U2
Wave   ;Sample   ;Dark     ;Reference
[nm]   ;[counts] ;[counts] ;[counts] 

394.013;  -36.843; -450.257; -315.536
394.305;  -64.468; -461.258; -419.536
394.596;  -73.633; -676.269; -527.514
394.887;  -89.180; -796.268; -654.518
395.178;   -0.051;  145.736;   11.476
395.470;  -16.199; -210.263; -356.526
395.761;   34.947;  305.734;  394.479
396.052;  -61.000; -545.284; -306.489
396.343;  -71.390; -557.276; -454.503
396.634;  -37.620; -200.279; -290.497
396.926;  -67.331; -618.268; -565.517
397.217;    0.935;   11.725;  -17.504
397.508;  -38.613; -366.273; -154.507
397.799;  -62.845; -555.279; -571.497
398.090; -111.671; -973.280; -902.495
398.381;    1.964;   11.708;  -11.473
398.672;  -77.636; -585.292; -742.473
398.963;  -39.819; -348.279; -373.498
399.254;   -3.884;   54.709; -209.475
399.545; -106.829;-1017.266; -883.520
399.836;  -43.917; -407.277; -343.501
400.127;  -24.989; -205.295; -209.468
400.418;  -20.288; -423.274; -392.506
400.709;  -35.997; -359.281; -333.493
401.000;  -38.709; -268.291; -309.476
401.290;   24.752;  225.698;  115.545
401.581;   -9.253; -166.286; -228.485
401.872;  -50.293; -542.298; -486.462
402.163;  -24.065; -313.296; -252.467
402.454;   -8.984; -123.291; -163.475
402.744;  -91.567; -844.297; -813.465
403.035;  -27.162; -226.293;  -86.471
403.326;  -48.835; -366.292; -384.474
403.617;   28.606;  204.701;  165.539
403.907;  -75.224; -593.283; -679.490
404.198;  -68.180; -545.307; -599.446
404.489;  -81.924; -618.283; -588.491
404.779;  -75.773; -618.302; -660.456
405.070;   -7.976;  -67.304; -174.451
405.360;  -31.312; -259.293; -238.472
405.651;   15.654;  125.699;   98.542
405.942;   28.522;  209.714;  127.516
406.232;  -53.826; -432.285; -413.487
406.523;   73.987;  641.706;  758.530
406.813;  -78.328; -579.286; -644.484
407.104;   38.364;  261.708;  144.527
407.394;  -85.719; -604.299; -591.462
407.685;   21.074;  336.715;  222.513
407.975;  -59.224; -400.283; -382.490
408.265;  -12.132; -134.289; -190.478
408.556;  -67.460; -472.291; -459.475
408.846;   67.762;  474.706;  429.530
409.137;  -12.856;   -1.288; -216.480
409.427;  -39.351; -193.285; -271.487
409.717;  -80.062; -776.273; -692.508
410.007;   -2.877;    4.715; -170.486
410.298;  -35.714; -360.295; -342.469
410.588;  -51.527; -495.285; -510.486
410.878; -101.880; -792.287; -873.482
411.168;  -48.143; -481.298; -478.463
411.459;  -36.375; -295.283; -242.489
411.749;  -80.585; -609.292; -507.474
412.039;  -93.906; -755.289; -386.480
412.329;   27.582;   40.722;  132.501
412.619;  -15.003;  -62.286; -148.485
412.909;   80.768;  639.711;  594.521
413.199;  -28.771; -130.280; -251.495
413.490;   60.192;  521.710;  352.523
413.780; -114.420;-1013.279; -913.496
414.070;    9.860;  -46.276;  235.497
414.360;  -71.819; -729.278; -666.498
414.650;  -80.280; -726.288; -688.482
414.940;  -58.295; -538.280; -441.496
415.230;   13.844;   50.712;   74.519
415.520;   19.367;  155.730;   66.486
415.809;  -27.548; -305.281; -125.493
416.099;  -56.117; -388.277; -229.501
416.389;   56.386;  435.726;  236.494
416.679;   10.001;   91.738;   85.473
416.969;  -51.154; -527.287; -503.483
417.259;   19.030;  341.721;  171.503
417.549;   42.627;  522.718;  318.508
417.838;  -23.105; -205.268; -147.518
418.128;   78.043;  650.710;  492.522
418.418;  -68.036; -491.272; -579.509
418.708;    1.361;    9.726;  -48.506
418.997;  -57.589; -474.275; -480.505
419.287;  -93.913; -733.273; -790.507
419.577;  -16.025; -160.283; -123.489
419.866;  -63.042; -588.277; -498.501
420.156;  -18.558; -242.270;  -55.513
420.446;  -14.300; -112.263;  -26.526
420.735;  -62.034; -376.271; -446.512
421.025;  234.556; 1830.722;  315.502
421.314;  -22.059; -203.271; -226.512
421.604;    6.594;   89.732;  233.484
421.893;  -67.035; -705.271; -602.511
422.183;  -60.225; -487.263; -461.526
422.472;  -18.535;  -36.271; -107.511
422.762;  -47.803; -416.266; -379.521
423.051; -110.540; -916.276; -916.503
423.341;  -70.862; -491.273; -439.507
423.630;  -13.802; -121.265;   15.477
423.919;   -2.939;   58.725;   49.495
424.209;  -14.824;  -31.263;   56.473
424.498;    3.594;   68.732;  161.483
424.787;  -69.980; -535.267; -601.518
425.077;   -0.452;   34.735;   29.478
425.366;  -95.948; -734.262; -744.528
425.655;   63.138;  639.727;  259.493
425.945;  -33.455; -313.247; -268.554
426.234;   16.580;  117.741;  300.467
426.523;  -52.244;  -86.259; -350.534
426.812;   12.222;  107.734;  159.480
427.101;  -21.457; -127.269; -323.515
427.390;  -17.008;  -55.270;  -86.514
427.680;  -66.442; -624.257; -411.538
427.969;  -46.390; -330.255; -301.540
428.258;  -71.593; -385.257; -477.536
428.547;   39.039;  449.728;  397.490
428.836;  -60.613; -421.253; -398.543
429.125;  -23.794; -199.259;  -72.534
429.414;  -42.185; -330.251; -294.548
429.703;  -43.535; -231.251; -213.548
429.992; -121.634; -938.250; -828.549
430.281;  -53.476; -397.264; -331.524
430.570;    9.789;  -21.252;   32.454
430.859;   29.930;  279.741;  352.466
431.148;   70.919;  636.752;  631.446
431.437;   33.414;  391.748;  367.454
431.725;  -63.643; -544.257; -481.536
432.014; -112.787; -845.253; -756.545
432.303;  -27.445; -149.239; -105.569
432.592;  -56.800; -460.263; -178.525
432.881;  -89.331; -601.248; -437.554
433.169;  -31.915; -343.255;  -61.540
433.458;   38.660;  445.765;  540.424
433.747;  -66.723; -397.261; -289.529
434.036;  -63.849; -275.242; -280.564
434.324;  -68.807; -395.249; -379.551
434.613;    9.876;   40.757;  159.437
434.902;   17.003;  333.760;  439.433
435.190;    9.255;   75.761;  295.431
435.479;  -19.802;  -52.245;   83.441
435.767;  -68.526; -411.244; -427.561
436.056;  -44.324; -340.242; -294.563
436.345;  -49.721; -372.240; -223.568
436.633;   17.317;   60.750;  383.450
436.922;   25.004;  208.760;  414.432
437.210;  -39.167; -194.236;    1.426
437.499;  -86.641; -583.235; -432.576
437.787;  -37.167; -339.236;  -10.574
438.075;   -7.995;   56.761;  162.430
438.364;  -35.194;  -44.238;  250.429
438.652;  -48.729; -286.226; -138.592
438.941;    4.816;    3.770;  269.415
439.229;  -87.486; -665.252; -466.545
439.517;  -19.989; -160.234;  -85.577
439.806;  -79.427; -501.225; -290.595
440.094;   28.287;  377.766;  650.421
440.382;  -94.213; -653.233; -302.580
440.670;  -65.141; -361.235; -285.576
440.959;  -79.475; -347.223; -170.599
441.247;  -30.983; -151.229; -109.587
441.535;  -48.565; -266.235;   31.423
441.823;  -80.814; -497.234; -305.578
442.111;    2.918;  173.771;  327.412
442.400;  -84.127; -628.245; -335.559
442.688;  -45.188; -111.234; -620.579
442.976; -107.362; -786.213; -450.617
443.264;  -70.126; -324.224; -364.597
443.552;  -47.929; -258.226;   51.408
443.840;   60.460;  602.765;  876.423
444.128;   25.287;  265.767;  269.420
444.416;  -72.632; -694.228; -312.588
444.704;  -63.671; -465.219;  -92.605
444.992;  -21.029;   -0.226;  240.407
445.280;  -49.734; -517.230;  -94.585
445.568;  -91.062; -694.212; -396.618
445.856;  -40.823; -174.221;  357.398
446.143;  -35.046;  -54.220;   -7.604
446.431;    2.469;  -25.228;  625.411
446.719;   51.582;  489.783;  675.391
447.007;   34.365;  481.769;  705.416
447.295;   64.125;  597.777;  871.402
447.583;  -52.358; -464.229;  -34.587
447.870;  -71.073; -434.221; -202.601
448.158;  -25.860; -104.230;  129.415
448.446; -102.896; -800.219; -338.604
448.733;  -33.876;   13.776;  269.403
449.021;   -4.012;   60.788;  341.382
449.309;  -36.410; -296.210;  208.379
449.596;    7.482;  128.783;   59.392
449.884;  -80.074; -571.222; -325.600
450.172; -110.956; -756.227; -406.590
450.459;   48.510;  645.786;  780.387
450.747;  -70.594; -411.218; -147.608
451.034;   54.519;  493.772;  889.411
451.322;  -78.264; -413.214; -170.614
451.609;    6.124;  292.777;  508.403
451.897;  -71.976; -550.203; -183.634
452.184;  -93.175; -622.223; -400.598
452.472;  -24.557;   97.792;  269.375
452.759;   59.829;  512.781;  864.395
453.047;  -60.687; -407.212; -125.617
453.334;  -71.795; -732.219; -216.606
453.621;  -74.589; -438.214; -161.615
453.909;  -17.077;   13.796;  384.368
454.196;  -41.021; -299.199; -123.641
454.483;    7.926;  317.798;  540.364
454.771;  -44.981; -215.208;  196.374
455.058;  -34.556; -316.207;  102.374
455.345;   -7.238;   71.807;  344.347
455.632;  -35.930; -128.207;  235.373
455.919;  -24.718;  -82.196;  182.354
456.207; -112.945; -774.198; -450.642
456.494;  -70.797; -475.200;  -66.639
456.781;  -71.525; -399.202; -198.635
457.068;  -49.005; -253.206;  -29.628
457.355;  -90.579; -698.206; -401.629
457.642;  -63.154; -552.205; -290.630
457.929;  -89.564; -778.194; -417.651
458.216;  -84.712; -575.212; -354.617
458.503;  -24.839; -173.193;  -19.652
458.790; -108.282; -864.208; -630.625
459.077;  -26.274;  -77.202;  110.364
459.364;  -52.040; -350.195; -210.649
459.651;  -12.080;  -46.206;  220.372
459.938; -125.258; -864.209; -665.623
460.225;   -7.799;  132.799;  276.363
460.512; -102.268; -836.197; -688.645
460.799;   -7.869;  -32.218;  320.392
461.086;  -72.772; -370.200; -251.640
461.372;  -68.870; -509.198; -279.642
461.659;  -19.892; -165.196;  108.354
461.946;  -55.589; -445.193;  -54.651
462.233;   88.153;  842.800;  888.361
462.519; -118.548; -814.201; -464.639
462.806;  -99.893; -768.197; -497.645
463.093;  -59.036; -445.191;  -66.656
463.380; -131.455; -920.186; -824.664
463.666;  -36.968; -259.197;  -18.646
463.953;  -51.291; -406.195; -243.648
464.239;  -30.916; -173.195;  -77.648
464.526;   28.011;  413.806;  743.350
464.813;  -80.634; -565.190; -304.658
465.099;   45.586;  606.807;  607.348
465.386;   80.987;  903.807;  921.348
465.672; -101.168; -694.197; -522.645
465.959;  -85.182; -598.188; -520.662
466.245;  -70.988; -468.193; -359.652
466.532;  -26.641; -109.195;   63.352
466.818;  -52.655; -357.186; -216.664
467.104;  -77.874; -488.182; -415.672
467.391;  -95.834; -628.189; -459.658
467.677;  -43.480; -289.186;    9.335
467.964;  -88.058; -682.189; -471.660
468.250;  -49.654; -331.186; -160.665
468.536;  -23.134;   90.811;  180.341
468.822;  -93.228; -821.184; -574.668
469.109;   54.412;  351.827;  471.311
469.395;   70.763;  729.808;  787.346
469.681;  -13.683;   46.811;  156.341
469.967;  -99.108; -699.188; -382.660
470.254;  -62.757; -494.188; -306.662
470.540;  -92.043; -601.196; -476.646
470.826;  -75.373; -488.181; -397.675
471.112;   10.573;  288.816;  113.331
471.398;  -32.051; -253.183;  -58.670
471.684;  -80.144; -626.177; -447.680
471.970; -126.772; -918.180; -981.675
472.256;  -56.062; -521.192; -441.654
472.542;  -81.162; -499.171; -434.691
472.828;  -97.550; -743.182; -607.672
473.114;  -68.305; -380.166; -283.700
473.400;  -82.117; -504.175; -293.684
473.686;  -70.629; -452.166; -400.701
473.972;  -29.589; -230.174; -131.687
474.258; -124.663; -925.173; -843.689
474.544;  -14.045; -183.178;   -2.679
474.830;  -28.691;  -65.175;   45.316
475.116;  -36.709; -123.190; -196.658
475.401;  -82.097; -558.180; -467.676
475.687;  -99.722; -725.180; -718.676
475.973; -101.349; -673.181; -770.673
476.259;   68.684;  736.825;  764.315
476.544;  -81.918; -539.176; -437.682
476.830;  -67.712; -398.172; -322.690
477.116;  -57.818; -430.177; -336.682
477.401;   47.603;  346.820;  358.324
477.687;  -67.767; -289.175; -405.684
477.973;  -23.948;   21.819;   28.326
478.258;  -69.877; -448.163; -348.706
478.544;  -14.728;   21.815;   61.334
478.829; -104.811; -818.171; -738.692
479.115;  -93.537; -749.172; -651.690
479.401;  -78.265; -444.174; -449.686
479.686;  -48.672; -253.180;  -74.676
479.972; -117.544; -886.178; -776.680
480.257;  -43.880; -258.166;  -65.700
480.542;  -83.085; -614.170; -469.693
480.828;  151.483; 1288.824; 1392.317
481.113;  -73.842; -464.176; -426.683
481.399;  -47.573; -236.161; -202.711
481.684;  -86.830; -620.166; -462.700
481.969;  -24.371; -158.159;  -73.713
482.255;  -70.384; -439.169; -285.695
482.540;  -72.494; -569.178; -441.680
482.825;  -85.156; -395.187; -404.663
483.110;  -29.983;  -85.169; -105.696
483.396; -109.118; -840.157; -652.718
483.681;   50.561;  543.826;  730.313
483.966; -103.122; -696.160; -700.712
484.251;  -62.840; -404.174; -310.687
484.536;  -65.629; -356.165; -378.703
484.822;  -60.914; -205.173; -218.687
485.107;  -77.488; -599.152; -502.726
485.392;   65.047;  662.836;  541.296
485.677;   10.418;  354.832;  163.302
485.962;    0.256;  160.843;  270.283
486.247;  -15.826;  -14.162;   -8.707
486.532;  -46.380; -178.166; -325.701
486.817;   18.601;  381.839;  431.291
487.102;  -91.365; -453.154; -514.722
487.387;  -97.218; -637.156; -652.718
487.672;  -26.152; -154.164;  -38.705
487.957;  -53.698; -394.160; -286.711
488.241;  -40.086; -290.150; -314.729
488.526;  -67.213; -280.152; -148.726
488.811; -118.869; -881.177; -818.680
489.096;  -92.215; -666.154; -702.723
489.381;  -19.388;    3.847;  162.275
489.666;  -72.273; -428.161; -510.710
489.950;   49.060;  558.846;  627.277
490.235;  -89.711; -480.151; -458.728
490.520;  -92.948; -756.161; -723.710
490.804; -118.618; -827.156; -736.719
491.089;  -60.658; -469.149; -299.732
491.374;  -34.802; -132.164;  -75.704
491.658; -106.257; -817.147; -717.735
491.943;  -89.487; -657.152; -609.727
492.227;  -13.241; -178.155;  -38.721
492.512;  -60.894; -294.157; -341.717
492.797;  -97.384; -713.149; -716.731
493.081; -110.706; -588.147; -598.735
493.366;  -95.548; -751.161; -635.711
493.650;   87.051;  831.859;  917.254
493.935;  -72.182; -648.147; -447.734
494.219; -103.626; -778.142; -687.743
494.503; -110.060; -585.150; -487.730
494.788;  -25.245;   46.842;   74.285
495.072;   11.965;  184.850;  434.271
495.356;  -71.083; -463.148; -343.733
495.641; -118.455; -812.146; -736.736
495.925; -137.492; -976.156; -903.719
496.209;  -75.809; -599.149; -451.732
496.494; -100.776; -763.142; -544.744
496.778;  -61.115; -364.154; -360.722
497.062; -109.142; -819.156; -627.719
497.346; -107.698; -869.160; -640.711
497.631;   28.293;  580.852;  560.266
497.915;  -10.079;  -64.145;  175.261
498.199;  -72.393; -341.157; -277.718
498.483;  -71.938; -562.152; -508.725
498.767;    9.615;  301.850;  300.271
499.051;  -31.384; -126.149; -100.732
499.335; -102.884; -693.149; -739.731
499.619;  -83.560; -381.129; -423.767
499.903;  -51.141; -272.155;  -65.721
500.187;  -84.214; -588.153; -316.724
500.471; -115.362; -796.152; -595.727
500.755;  -23.548;   62.839;  -96.710
501.039;  -52.366; -270.155; -357.721
501.323;    0.776;  -21.141;  264.254
501.607;  -76.352; -447.163; -503.706
501.891;  -91.268; -607.156; -512.718
502.174; -101.752; -726.144; -585.741
502.458;    0.038;   89.849;  370.273
502.742;  -43.220; -180.138; -191.751
503.026;  -60.457; -412.147; -254.734
503.310;  -76.147; -437.159; -375.713
503.593;  -70.332; -464.147; -325.735
503.877;  -54.390; -232.133; -156.760
504.161;  -36.289;    2.847;  -50.724
504.444;  -94.570; -841.158; -710.716
504.728;  -96.628; -487.164; -522.704
505.012;  -39.811; -257.150;  -76.729
505.295;  -62.748; -417.161; -212.711
505.579;  -55.267; -256.156; -496.719
505.862;  -84.830; -555.145; -333.738
506.146; -108.821; -681.159; -758.714
506.429;   53.579;  568.841;  461.286
506.713; -109.186; -732.151; -667.728
506.996;  -20.440;   90.846;  295.278
507.280;  -92.428; -633.165; -474.703
507.563;  -71.966; -469.155; -261.721
507.847;  -72.564; -423.153; -112.724
508.130;  -86.548; -665.161; -456.711
508.413;  -90.406; -758.167; -577.700
508.697;  -13.931; -151.167;   12.300
508.980;  -65.239; -422.153; -312.724
509.263;  -82.192; -466.155; -450.720
509.547;  -33.986; -124.150;   82.271
509.830;  -27.448; -172.160;  140.289
510.113;   -4.017;  128.844;  298.281
510.396;  -62.038; -530.152; -300.725
510.680; -126.529; -818.145; -812.738
510.963;   -4.040;  184.846;  180.277
511.246;  -84.885; -493.150; -357.730
511.529;  -56.854; -482.145;  -83.739
511.812;  -37.440; -250.134;   10.241
512.095;  -89.612; -740.151; -396.728
512.378;  -53.331; -317.147; -245.736
512.661;  -92.969; -703.137; -623.753
512.944; -111.050; -750.142; -637.744
513.227;  -47.395; -170.137; -171.752
513.510;  -88.602; -479.144; -671.741
513.793;  -76.448; -485.140; -435.747
514.076;  -24.657;  -43.127;  -39.771
514.359;  -43.058; -294.149; -135.732
514.642;  -77.525; -442.142; -567.744
514.925;   37.827;  581.860;  561.253
515.208;  -75.841; -498.134; -443.758
515.491;  -45.314; -276.133; -182.761
515.773;  -88.227; -410.143; -337.742
516.056;   18.682;  249.864;  409.246
516.339; -113.918; -754.136; -652.755
516.622;  -94.485; -518.150; -488.730
516.904;   88.499;  882.857;  975.257
517.187;  -97.995; -730.138; -523.752
517.470;  -87.351; -568.143; -510.743
517.752;  -91.692; -624.136; -470.756
518.035; -114.922; -708.139; -725.749
518.318; -136.643; -799.136; -744.755
518.600;  -73.663; -300.132; -325.762
518.883;    6.300;  310.858;   88.256
519.165;  -85.546; -585.138; -426.751
519.448;  -16.388;  -61.132;  -19.762
519.730; -104.256; -573.126; -415.773
520.013;   53.386;  588.867;  664.240
520.295;  -42.215;  -94.134;  -15.759
520.578;  -72.961; -335.131; -305.764
520.860;  -47.863; -254.132;   56.238
521.143; -104.017; -763.135; -584.756
521.425;  -74.129; -251.125; -279.775
521.707;  -77.357; -622.127; -380.771
521.990;  -30.582; -199.127;  167.229
522.272;  -44.698; -116.140;   -4.748
522.554;  -49.852; -237.143; -157.742
522.836;  -49.415;  -24.134;   99.241
523.119;  -87.932; -496.148; -189.734
523.401;  -79.585; -448.130; -314.766
523.683; -129.419; -865.137; -693.753
523.965;   -3.920;  408.862;  260.248
524.247;  -24.301;   54.878;  170.220
524.529;  -75.615; -451.134; -367.759
524.812;  -16.610;   -3.130;  191.234
525.094; -109.395; -773.138; -631.751
525.376;  -39.928; -143.124;   78.223
525.658;  -85.843; -441.136; -339.754
525.940; -114.362; -805.131; -671.764
526.222;  -56.343; -188.136;  -88.755
526.504;  -53.012; -190.131;   32.237
526.786; -135.215; -960.133; -647.760
527.068;  -52.377; -124.123;  -67.778
527.349; -133.419; -865.137; -774.754
527.631;  -20.213; -137.132;   22.238
527.913; -111.157; -664.127; -450.771
528.195; -121.205; -761.125; -639.774
528.477;  -39.716;  -93.134;  -30.758
528.759; -114.160; -648.130; -522.766
529.040;  -85.777; -569.123; -293.778
529.322;  -63.505; -235.125;  -10.774
529.604;  -32.960;  -47.130;   93.233
529.886;  -86.381; -546.126; -302.773
530.167;  -11.361;  232.870;  192.235
530.449;  -27.481;    1.853;   63.265
530.731;  -90.551; -572.122; -459.779
531.012;  -78.973; -513.120; -216.784
531.294;  -40.718; -118.116;  -43.792
531.575;    0.146;  290.875;  538.225
531.857;  -92.241; -548.135; -266.757
532.138;  -50.074; -113.141;   40.254
532.420;   -7.917;  294.865;  403.244
532.701; -130.364; -722.133; -751.760
532.983;    8.686;  232.867;  182.239
533.264;  -47.631; -243.126;  175.228
533.546;  -67.518; -491.136; -508.755
533.827;  -35.140;  173.867;   -1.759
534.109;  -73.791; -352.135;  -80.757
534.390; -115.938; -725.132; -582.762
534.671;  -49.617; -270.135;  -82.756
534.953; -120.977; -751.123; -611.779
535.234;  -88.270; -426.117; -255.789
535.515; -129.922; -891.119; -735.785
535.796;  -71.607; -431.128; -193.770
536.078; -154.178;-1050.124; -904.777
536.359;  -51.452;  -22.123;    3.221
536.640;  -81.630; -480.125; -197.774
536.921;    1.366;  225.871;  143.232
537.202;  -47.971;  -87.138;  -16.751
537.483;   -8.387;  251.869;  377.236
537.764;  -32.686;   17.870;   98.235
538.045;  -93.016; -543.134; -371.758
538.326;  -97.659; -596.129; -447.768
538.607; -120.557; -686.127; -476.771
538.888;  -33.949;   98.879;    5.218
539.169; -105.150; -704.122; -535.781
539.450;  -11.309;  236.871;   16.233
539.731;  -59.399; -361.121; -182.783
540.012;  -25.348;  199.880;  412.216
540.293;  -20.803;   82.876;  158.224
540.574; -137.290; -895.113; -717.796
540.855;    6.376;  435.879;  377.218
541.136;  -22.776;   47.878;  139.220
541.416;  -60.060; -161.130; -220.766
541.697;  -76.762; -274.131; -170.763
541.978;  -65.042; -270.135; -315.757
542.259;  -76.582; -211.127; -236.771
542.539;  -60.619; -191.116; -186.790
542.820;   13.746;  461.875;  480.225
543.101;  -53.429;  -52.145;  -77.738
543.381; -145.632; -638.127; -591.771
543.662;  -26.507;  159.873; -254.771
543.942; -141.182; -751.127; -830.770
544.223;  -24.250;  193.878;  161.219
544.504;  -78.853; -275.124; -182.777
544.784;  -96.881; -592.126; -408.773
545.065;  -85.618;  104.884; -254.791
545.345;  -21.597;  227.881;   14.215
545.626;  -41.365;  -14.113; -108.796
545.906;  -18.961;   77.869;   98.235
546.186;  -72.930;   92.874;  -95.773
546.467;  -24.502;   99.877;  -95.778
546.747;   -8.419;  264.884;  327.210
547.027;  -31.928;   91.876;  111.223
547.308;  -95.507; -376.127; -530.770
547.588;  -10.059;  299.871;  371.232
547.868;   23.289;  458.870;  588.235
548.149;   28.108;  609.885;  593.207
548.429;  -71.707; -347.127; -299.771
548.709; -109.923; -645.120; -461.784
548.989;  -30.396;   84.882;   88.213
549.269;  -38.188;   10.868;  139.239
549.550;  -37.227;  215.877;  117.222
549.830; -122.487; -758.111; -556.799
550.110;  -88.686; -468.110; -320.801
550.390;  -72.876; -128.122;  -56.779
550.670; -138.315; -868.114; -783.795
550.950; -103.299; -509.121; -471.782
551.230;   35.900;  549.879;  460.218
551.510;  -95.699; -381.121; -326.782
551.790;  -54.710; -173.109; -127.803
552.070;   84.673;  940.877; 1181.223
552.350;  -94.096; -492.119; -377.786
552.630;  -22.875;   -2.121;   77.219
552.909;  -28.193;  181.884;   73.209
553.189;  -42.663;  -49.132;   33.237
553.469; -106.171; -703.119; -514.786
553.749;  -84.431; -469.127; -357.772
554.029;  -40.694;   33.883;  -24.790
554.308;  -49.241; -154.115;  -37.794
554.588;  -74.433; -196.128; -204.770
554.868;  -70.074; -366.121;  -47.782
555.147;  -56.617; -114.115;  -46.793
555.427;  -75.668; -260.116; -250.792
555.707;  -61.867; -284.115; -200.793
555.986; -120.087; -719.111; -538.800
556.266;  -36.594;   23.884;   72.210
556.546; -122.649; -888.121; -675.782
556.825; -125.941; -657.114; -556.794
557.105;  -45.658; -125.128;   17.230
557.384;  -36.343;  122.884;  187.209
557.664; -120.918; -717.116; -508.792
557.943;  -99.899; -557.121; -411.782
558.222;  -86.420; -345.118; -344.788
558.502;  -53.567; -116.115;  -76.793
558.781;   -7.342;  194.885;  499.208
559.061;  -80.795; -232.118; -227.788
559.340;  -12.495;  302.883;  353.211
559.619;  -40.469;   93.884;  148.210
559.899;  -65.719; -239.117; -266.789
560.178; -132.067; -778.115; -593.793
560.457; -107.619; -623.117; -562.790
560.736; -103.112; -472.111; -482.800
561.015; -112.183; -500.128; -502.769
561.295;  -34.932;  180.893;  215.193
561.574;  -28.492;  119.885;  116.207
561.853;  -17.160;  274.891;  303.197
562.132;  -34.816;  -45.114;  182.206
562.411;   25.250;  396.879;  553.219
562.690;  -96.367; -592.115; -458.792
562.969;   25.586;  472.888;  630.203
563.248;  297.750; 2966.878; 2487.219
563.527;  -73.062; -290.111; -408.800
563.806; -104.932; -650.127; -521.771
564.085;  -73.155; -297.105; -206.810
564.364; -101.469; -594.117; -405.790
564.643;  -70.125; -276.121; -223.781
564.922;   -8.385;  221.890;  397.198
565.201; -128.785; -640.109; -700.803
565.479;  -72.067; -297.115; -219.792
565.758; -145.708; -810.128; -712.770
566.037;  -55.810; -155.109; -100.803
566.316;  -69.893; -286.116;  -28.791
566.595;  -39.792;  -17.115;  -12.793
566.873;    3.488; -166.111;  -79.801
567.152; -110.939; -490.113; -590.797
567.431;  -46.494; -113.116;    6.210
567.709;  -62.207; -344.107; -212.807
567.988; -154.416; -810.114; -769.794
568.266;  -64.667; -160.115;  -68.793
568.545; -106.149; -644.100; -514.819
568.824;    7.557;  160.885;  356.208
569.102;  -79.016; -351.114; -235.794
569.381;  -95.393; -492.116; -407.792
569.659;  -97.464; -553.113; -553.796
569.938; -117.150; -743.122; -465.780
570.216;  -73.084; -225.109; -225.804
570.494; -110.840; -632.114; -572.795
570.773;  -22.124;  202.879;  114.218
571.051;  -78.277; -373.123; -357.778
571.330;  -63.790; -221.113; -174.796
571.608;  -61.621; -181.098; -173.823
571.886; -128.213; -671.111; -581.799
572.164; -119.524; -739.121; -621.782
572.443;  -86.880; -562.105; -512.811
572.721;  -77.944; -399.117; -289.790
572.999;  -85.670; -280.117; -168.788
573.277;   20.969;  379.894;  620.191
573.555;  -49.305;   94.894;   37.190
573.834;  -66.795;  -86.117; -114.788
574.112;   52.768;  880.893;  811.193
574.390;  -45.312; -143.111;  -96.801
574.668;  -58.014;  -91.112;  -61.797
574.946;  -67.155; -165.106; -187.810
575.224;  -40.460;   71.891;  -16.803
575.502;  -70.818; -200.116; -204.791
575.780; -127.239; -767.112; -829.798
576.058;   66.788; 1589.889; 1004.200
576.336;  -68.711; -210.110; -129.801
576.614; -101.814; -511.112; -340.798
576.891; -133.691; -711.115; -823.794
577.169;  -73.658; -158.108; -285.805
577.447;  -15.357;  169.893;  202.193
577.725;   56.987;  629.888;  854.201
578.003;  -64.213;  -71.112; -371.798
578.280;  -53.053; -208.104; -242.812
578.558; -106.567; -450.115; -422.793
578.836;  -55.165; -210.114; -145.795
579.114; -123.864; -630.112; -670.797
579.391;  -46.895;   -6.117;  -18.789
579.669; -103.191; -595.114; -704.794
579.947;  -60.158; -326.107; -127.806
580.224; -120.158; -692.107; -524.806
580.502;  -39.082;  127.893;   76.193
580.779;  -57.444;  -42.117;   75.210
581.057; -104.109; -584.109; -470.804
581.334; -129.101; -726.102; -695.815
581.612;   -0.980;   54.895;  511.190
581.889;  -69.775;  -83.101; -129.818
582.167;  -74.323; -298.099; -190.821
582.444; -146.700; -845.102; -814.817
582.721;   45.450;  657.899;  715.183
582.999;  -60.873; -326.100; -167.821
583.276; -129.851; -812.123; -713.779
583.553;  -78.751; -364.102; -294.816
583.831; -118.404; -607.104; -631.812
584.108;  -16.809;  349.892;  174.195
584.385;  -65.326; -122.102;  -98.815
584.662; -128.011; -651.111; -828.801
584.940;  -33.537;  204.889;  204.199
585.217;  -65.264;  -73.113; -303.796
585.494;  -35.110;   71.890;  118.198
585.771;  -85.184; -250.109; -354.804
586.048;  -67.840; -196.113;  -76.796
586.325; -125.836; -721.110; -773.801
586.602;  -23.928;  230.896;  213.188
586.879; -113.573; -499.100; -580.820
587.156;  -44.580; -156.105; -331.810
587.433; -121.226; -701.102; -667.817
587.710;  -35.489;  152.888;  234.202
587.987;  -78.579; -264.105; -236.811
588.264;   -7.013;  315.888;  387.202
588.541;  -35.378;  -61.104;   26.187
588.818;  -42.259;   72.892;  171.196
589.095;  -64.354; -163.104; -174.812
589.371;  -99.510; -459.109; -414.804
589.648;  -92.957; -581.107; -437.807
589.925;  -93.815; -517.114; -621.795
590.202; -119.689; -741.112; -607.798
590.478;  -50.004; -166.105;  -73.811
590.755;  -70.258; -241.108; -132.806
591.032; -123.161; -741.110; -699.802
591.308; -139.916; -732.094; -790.831
591.585;  -98.936; -573.110; -560.802
591.862; -156.450;-1056.102; -950.817
592.138;  -87.458; -475.108; -474.805
592.415; -106.978; -486.104; -495.813
592.691;   -5.779;  460.896;  518.188
592.968;  -89.846; -208.098; -123.824
593.244; -112.894; -695.116; -595.790
593.521;  -51.850; -105.102;  -42.817
593.797; -135.401; -810.122; -720.780
594.074; -129.194; -611.096; -588.826
594.350;   55.057;  828.905;  729.172
594.626;  -86.311; -303.111; -283.801
594.903; -118.850; -643.101; -645.817
595.179;    2.847;  243.896;  418.187
595.455;  -60.657; -136.107; -150.807
595.731;  -57.003;  -19.103;  -38.814
596.008;  -97.937; -464.111; -434.800
596.284;  -73.873; -187.100; -242.820
596.560; -102.115; -501.093; -493.833
596.836;  -68.455; -173.105;  -70.810
597.112; -110.808; -582.108; -437.805
597.388;  -57.219;  -49.097;  -48.826
597.665;    7.636;  437.887;  530.203
597.941; -114.436; -572.089; -658.839
598.217;  -78.460; -323.110; -293.802
598.493;  -63.559;   61.891; -204.804
598.769;  -55.449; -175.100;  -50.819
599.045; -108.458; -490.108; -562.806
599.321;  -82.023; -193.100; -261.820
599.597;  -79.034; -355.109; -476.804
599.872;    8.497;  409.896;  429.187
600.148;  -51.269;  -61.097; -172.826
600.424;   -8.732;   91.893;  202.193
600.700;  -63.832; -170.107; -280.807
600.976; -108.670; -442.097; -464.825
601.252;  -76.060; -226.109; -272.803
601.527; -144.978; -833.104; -840.813
601.803;  -80.654; -453.105; -404.812
602.079;  -53.699; -124.100; -118.819
602.354; -101.363; -620.092; -531.835
602.630;  -73.414; -140.113; -482.796
602.906; -136.825; -910.101; -863.818
603.181; -104.071; -627.119; -534.786
603.457;  -63.795;   98.903; -278.826
603.733; -108.399; -605.120; -626.783
604.008;  -64.055; -245.106; -164.810
604.284;  -46.050; -636.101; -580.817
604.559;  -51.613;   -3.112;  -42.799
604.835;  -79.230; -163.105; -225.810
605.110; -147.097; -732.099; -892.821
605.385;   -2.089;  224.907;  267.167
605.661; -138.317; -625.095; -729.829
605.936; -120.883; -664.108; -737.806
606.211;  -59.002;  -17.103; -170.815
606.487;  -63.641; -329.114; -376.794
606.762; -123.746; -791.119; -745.786
607.037;  -81.830; -501.105; -433.810
607.313; -116.168; -589.096; -574.828
607.588;  -59.330; -375.106; -137.810
607.863;  -56.925;  -28.101; -143.818
608.138;    5.864;  513.890;  516.198
608.413; -111.597; -576.099; -592.822
608.688;  -70.733; -203.108; -267.805
608.964;  -87.531; -509.106; -218.809
609.239;  -64.655; -107.105; -212.810
609.514;  -16.404;  281.895;  240.188
609.789; -128.678; -187.104; -716.812
610.064;  -99.943; -435.096; -609.827
610.339; -128.235; -855.109; -799.804
610.614;  -75.323; -131.100; -315.820
610.889;  -28.904;  215.895;  107.188
611.163; -100.054; -407.104; -591.812
611.438;  -72.241;   81.886; -167.794
611.713; -112.300; -467.101; -499.817
611.988;  -73.550; -144.101; -328.818
612.263; -145.251; -771.102; -717.815
612.538;   10.160;  385.887;  251.204
612.812; -135.498; -832.100; -911.820
613.087;  -49.746; -358.098; -338.823
613.362; -108.407; -497.107; -557.807
613.637;    1.473;  261.897;  138.186
613.911;  -83.838; -256.092; -345.835
614.186;  -90.982; -249.107; -292.807
614.460; -154.550; -842.081; -758.854
614.735;  -57.157;  -55.087;  -17.843
615.010;  -50.134;   43.912;  -82.841
615.284;    0.917;  360.892;  246.195
615.559; -146.813; -792.092; -955.835
615.833;  -49.572;  -76.099;  -87.822
616.108;  -81.187; -225.090; -390.837
616.382;   -2.932;  274.913;  402.156
616.656;  -71.437; -241.090; -232.837
616.931; -134.372; -785.099; -700.822
617.205; -141.628; -973.104; -979.813
617.480;  -53.504;  -91.125;    6.225
617.754;  -89.880; -396.125; -128.774
618.028;  -78.959; -369.129; -382.768
618.302;  -44.934;   73.892;  -25.805
618.577; -111.552; -371.103; -518.815
618.851;  -97.510; -399.109; -600.803
619.125;  -89.865; -335.134; -378.759
619.399;  -66.528; -244.104; -374.813
619.673;  -86.767; -330.115; -515.792
619.947;  -88.565; -333.114; -448.795
620.222;  -59.511; -198.110; -204.801
620.496;  -56.974;  -47.121;  -96.782
620.770;  -46.275; -187.122;  -93.781
621.044;   -7.430;  323.895;  346.190
621.318; -122.399; -653.120; -614.783
621.592;  -88.324; -430.121; -409.783
621.866; -101.263; -476.112; -572.799
622.140;  -63.043; -207.116; -356.791
622.413;  -22.062;  138.889;  112.200
622.687; -101.325; -746.101; -492.817
622.961;  -50.509; -130.108; -143.805
623.235; -116.937; -633.111; -661.800
623.509; -138.154; -816.105; -848.811
623.783;  -36.182;  -12.107;   48.193
624.056;  -79.099; -254.120; -280.783
624.330;  -23.464;   63.888;   -3.797
624.604;  -77.044; -271.116; -355.790
624.877;  -29.436;  180.890;   26.198
625.151;  -81.291; -249.114; -238.794
625.425;  -66.728; -150.103; -283.814
625.698;  -82.097; -367.119; -374.785
625.972; -135.335; -799.110; -765.802
626.245;   25.581;  685.884;  484.210
626.519;  -76.473; -426.120; -340.784
626.792;  -69.982; -192.107; -380.807
627.066; -111.151; -485.122; -662.779
627.339; -122.611; -736.110; -663.802
627.613;  -14.023;  351.880;  148.216
627.886;  -15.410;  187.891; -612.803
628.160;  -72.124;  312.880; -161.783
628.433; -121.604; -695.125; -703.775
628.706; -115.548; -517.120; -615.784
628.979;  -24.728;  296.876;  117.223
629.253; -147.147; -785.119; -833.786
629.526;  -85.031; -334.126; -253.772
629.799; -108.402; -641.123; -479.778
630.072;  -95.459; -497.128; -516.769
630.346; -164.919;-1115.116;-1080.790
630.619;  -97.932; -467.107; -545.808
630.892;   20.138;  709.889;  593.200
631.165;   47.397;  790.896;  679.187
631.438; -164.363;-1092.112;-1055.798
631.711;   -0.101;  453.877;  257.221
631.984; -115.719; -523.117; -624.789
632.257; -102.370; -636.117; -681.789
632.530;  -96.947; -412.119; -433.785
632.803;    3.959; -109.115;    7.207
633.076; -103.752; -360.123; -422.777
633.349;  -26.008;  173.872;  121.231
633.622;  -58.697; -187.119; -240.785
633.895; -141.374; -903.120; -823.783
634.167;  -94.631; -496.126; -525.773
634.440;  -39.318;  -19.116; -137.792
634.713;  -45.697;  -22.119; -120.786
634.986;   34.941;  593.871;  453.233
635.258; -103.667; -507.115; -597.793
635.531;   32.030;  742.882; -343.788
635.804;  -83.944; -303.117; -318.789
636.077; -135.043; -830.116; -852.791
636.349; -115.967; -586.115; -474.793
636.622;  177.694; 1695.874; 1392.228
636.894;  -97.748; -474.120; -909.784
637.167; -127.207; -836.127; -789.771
637.439;  -53.457; -278.128; -213.770
637.712;  -80.381; -312.126; -293.772
637.984; -116.918; -635.116; -707.791
638.257;   33.298;  515.877;  488.222
638.529; -136.929; -881.125; -924.776
638.802; -110.684; -508.128; -449.769
639.074; -151.950; -927.122; -952.781
639.346; -141.366; -942.135; -930.757
639.619;  -40.000;  -79.142; -319.744
639.891;  -53.276;  -83.122; -168.779
640.163; -128.501; -689.122; -756.780
640.435;  -17.826;  273.878;  103.220
640.708;  -46.600;  -72.122; -132.780
640.980;  -80.875; -366.122; -362.781
641.252;  -47.425;  -25.121;  -71.781
641.524;   29.825;  580.879;  573.219
641.796; -155.674;-1094.121; -907.782
642.068;  -63.874; -191.121; -300.782
642.340; -107.224; -486.121; -566.783
642.613;   -6.599;  294.880;  323.217
642.885; -136.923; -787.120; -878.783
643.157; -135.573; -810.120; -658.784
643.428;  -12.473;  170.880;  218.216
643.700;  -90.873; -498.120; -425.784
643.972;  -66.997;  -16.119; -133.785
644.244; -114.597; -474.119; -559.785
644.516;  -65.822; -250.119; -114.786
644.788;   35.653;  662.881;  548.214
645.060;  -38.821;  -12.119; -124.786
645.332; -109.421; -525.118; -535.787
645.603;    3.229;  479.882;  342.213
645.875;  -88.021; -334.118; -369.787
646.147;  126.280; 1487.882; 1242.212
646.418; -164.745; -931.117; -918.788
646.690; -138.195; -714.117; -715.789
646.962;  -99.870; -413.117; -451.789
647.233;  -29.769;   15.883;   11.211
647.505; -114.569; -595.117; -475.790
647.776;  -14.419;  328.884;  229.210
648.048;  -73.994; -248.116; -418.790
648.320; -128.468; -752.116; -679.791
648.591; -157.768;-1055.116; -958.791
648.862; -112.168; -505.116; -577.792
649.134;   -9.692;  115.885;  198.208
649.405; -108.742; -661.115; -618.792
649.677; -106.192; -475.115; -598.793
649.948;  -71.442; -181.115; -296.793
650.219;  -52.866;  -37.115; -147.793
650.491;  -94.616; -431.114; -520.794
650.762; -132.491; -705.114; -731.794
651.033;  -97.591; -437.114; -424.795
651.304; -139.090; -743.114; -728.795
651.576; -117.240; -680.114; -645.795
651.847;  -56.690; -250.113; -140.796
652.118;  -46.715;  -32.113; -189.796
652.389; -108.014; -639.113; -722.796
652.660;  -54.539; -147.113;  -89.797
652.931; -164.089; -897.112; -871.797
653.202;  -99.889; -382.112; -541.798
653.473; -104.563; -633.112; -533.798
653.744; -112.863; -595.112; -590.798
654.015;  -82.063; -356.112; -303.799
654.286; -106.263; -642.111; -663.799
654.557; -115.287; -586.111; -521.799
654.828; -179.987;-1114.111;-1088.800
655.099;  -80.612; -404.111; -291.800
655.370;  -97.237; -427.111; -543.801
655.641; -132.561; -656.110; -714.801
655.911; -109.261; -618.110; -638.801
656.182;   10.039;  437.890;  387.198
656.453;   46.014;  830.890;  746.198
656.724;  -87.635; -466.110; -426.802
656.994;  -91.885; -553.109; -568.803
657.265; -135.410; -862.109; -873.803
657.536; -110.910; -500.109; -377.804
657.806; -117.034; -561.109; -593.804
658.077; -130.684; -866.109; -950.804
658.347; -100.959; -523.108; -598.805
658.618; -114.708; -646.108; -694.805
658.888;  -47.808;  -41.108;  112.195
659.159;  -92.433; -432.108; -548.806
659.429;  -83.858; -292.108; -349.806
659.700;  -85.482; -435.107; -390.807
659.970;  -81.357; -370.107; -359.807
660.241; -141.007; -754.107; -921.807
660.511;  -44.307; -147.107; -174.808
660.781; -136.581; -793.106; -748.808
661.052;  -71.831; -222.106; -381.808
661.322;  -36.956;   21.894;   -9.809
661.592;  -14.856;  257.894;  148.191
661.862;  -91.855; -369.106; -382.810
662.133; -114.105; -551.105; -502.810
662.403; -140.180; -770.105; -676.810
662.673;  -63.105; -256.105; -213.811
662.943; -105.879; -612.105; -551.811
663.213;  -45.654;  -85.105;  -81.811
663.483;  -98.379; -593.104; -568.812
663.753;  -63.779; -194.104; -152.812
664.023;  -40.978;   68.896;  -32.813
664.293;  -74.078; -319.104; -126.813
664.563; -111.578; -694.104; -648.813
664.833; -134.803; -743.103; -608.814
665.103; -144.727; -730.103; -793.814
665.373; -130.977; -766.103; -806.814
665.643; -146.077; -863.103; -918.815
665.913; -104.052; -534.103; -714.815
666.182; -116.151; -685.102; -719.816
666.452;  -71.801;  -22.102;  -89.816
666.722; -128.126; -724.102; -784.816
666.992; -154.051; -948.102; -921.817
667.261; -132.850; -824.102; -808.817
667.531;  -22.450;  134.899;   45.183
667.801;  -90.625; -440.101; -412.818
668.070;   47.975;  714.899;  697.182
668.340; -152.724; -883.101; -840.819
668.609;   23.226;  588.900;  301.181
668.879; -114.724; -490.100; -558.819
669.149; -102.248; -539.100; -516.820
669.418; -125.623; -698.100; -726.820
669.688; -107.623; -482.100; -666.820
669.957; -106.523; -423.099; -546.821
670.226;  -75.872; -268.099; -331.821
670.496; -110.447; -431.099; -635.822
670.765;  -81.597; -418.099; -501.822
671.034; -136.497; -872.099; -828.822
671.304;  -33.171;   55.902; -111.823
671.573; -166.371;-1085.098; -957.823
671.842;  -84.446; -380.098; -294.823
672.112; -102.371; -692.098; -586.824
672.381;  -62.545; -239.098; -214.824
672.650; -152.570;-1005.097;-1021.825
672.919; -117.370; -631.097; -507.825
673.188; -125.395; -681.097; -878.825
673.457; -169.244;-1101.097;-1143.826
673.726; -124.569; -579.096; -646.826
673.995;  -84.494; -533.096; -479.826
674.265;  -77.369; -263.096; -333.827
674.534;  -80.818; -183.096; -235.827
674.802; -102.543; -618.096; -703.828
675.071; -132.643; -886.095; -801.828
675.340; -109.543; -464.095; -339.828
675.609;  -25.317;  103.905;   82.171
675.878; -151.517; -949.095; -893.829
676.147;  -46.167;  -26.095;   -8.829
676.416;  -72.767; -210.094; -294.830
676.685;   96.159; 1000.906; -622.830
676.953; -101.166; -603.094; -452.831
677.222;  -78.391; -193.094; -273.831
677.491;  -64.616;  -24.094; -127.831
677.759;  -41.565;   11.907;  172.168
678.028;  -80.590; -279.093; -222.832
678.297;  -43.140;   71.907;  197.168
678.565; -167.814; -898.093; -944.833
678.834;  -66.664; -311.093; -268.833
679.102;  -83.639; -411.092; -391.834
679.371; -151.339; -898.092; -727.834
679.639; -142.838; -797.092; -786.834
679.908; -131.813; -794.092; -724.835
680.176; -155.063; -895.091; -941.835
680.445;  -73.563; -346.091; -352.835
680.713;  -43.187;  -58.091;  -23.836
680.982; -111.787; -523.091; -525.836
681.250; -127.462; -578.091; -507.837
681.518; -105.187; -534.090; -751.837
681.787;  -70.561; -204.090; -167.837
682.055;  -98.036; -490.090; -422.838
682.323; -160.836; -993.090; -992.838
682.591;  -67.386; -216.090; -538.838
682.859;  -46.535;    9.911;  -35.839
683.128;  -28.685;  232.911;  497.161
683.396; -180.460;-1102.089;-1122.840
683.664;  -70.860; -241.089;   21.160
683.932;  -41.384;  144.911;  -76.840
684.200; -100.284; -576.088; -320.841
684.468;  -52.034;  -73.088; -124.841
684.736;  -64.034; -214.088; -175.841
685.004; -159.533;-1024.088; -982.842
685.272; -135.833; -880.088; -774.842
685.540; -109.308; -499.087; -557.843
685.808; -136.433; -651.087; -682.843
686.076; -155.757; -894.087; -969.843
686.343; -117.582; -601.087; -815.844
686.611;  -69.457; -195.087; -224.844
686.879; -114.182; -530.086; -553.844
687.147;  -94.931; -483.086; -480.845
687.414;  -50.906;  -12.086; -169.845
687.682; -123.006; -658.086; -757.846
687.950;   -4.231;  259.915;  263.154
688.217; -142.130; -792.085; -760.846
688.485; -104.080; -632.085; -636.847
688.753;  -65.880;  -11.085; -102.847
689.020; -156.904; -820.085; -851.847
689.288; -135.504; -853.084; -787.848
689.555;  -65.079; -195.084; -148.848
689.823;  -75.429; -241.084; -345.849
690.090; -104.678; -546.084; -651.849
690.358; -160.103; -877.084; -897.849
690.625;  -42.703;  120.917;   45.150
690.892; -102.628; -403.083; -369.850
691.160;  -55.352;   72.917;  -35.850
691.427;  -26.752;  141.917;  130.149
691.694; -156.152; -855.083; -929.851
691.962; -175.202;-1177.082;-1060.852
692.229;  -43.776;  127.918;   56.148
692.496;  -36.801;  130.918;  -49.852
692.763;  -65.726; -164.082; -201.853
693.031; -134.776; -739.082; -716.853
693.298; -121.500; -509.081; -368.853
693.565;  -51.550; -155.081; -163.854
693.832;  -49.500;   -5.081;   -9.854
694.099; -125.150; -643.081; -642.855
694.366; -149.924; -882.081; -896.855
694.633; -149.724; -920.080; -633.855
694.900;  517.776; 4367.920; -114.856
695.167;  -73.499; -214.080; -380.856
695.434; -128.398; -646.080; -623.856
695.701;  -28.098;  121.921;  -61.857
695.968;  -96.773; -365.079; -361.857
696.234; -115.798; -415.079; -646.858
696.501; -123.122; -776.079; -614.858
696.768; -119.822; -554.079; -617.858
697.035; -116.347; -632.078; -667.859
697.302; -123.772; -448.078; -552.859
697.568; -105.371; -458.078; -497.859
697.835; -130.821; -683.078; -624.860
698.102;  -97.271; -498.078; -407.860
698.368;   -7.071;  384.923;  396.139
698.635;  -90.570;  -47.077; -424.861
698.901;  -87.470; -240.077; -348.861
699.168;  -96.745; -534.077; -456.862
699.435;  -56.344;  -72.077;  -13.862
699.701; -149.269; -868.076; -764.862
699.968;  -44.969;  144.924; -441.863
700.234; -157.269; -783.076; -822.863
700.500; -102.393; -448.076; -539.864
700.767;  -48.368;   -1.075;   26.136
701.033; -167.093;-1015.075; -963.864
701.299;  -94.668; -450.075; -483.865
701.566;   50.108;  950.925;  763.135
701.832;  -34.267;  -31.075;  -76.865
702.098; -161.267;-1054.074;-1034.866
702.365; -172.967;-1098.074;-1030.866
702.631; -171.816;-1038.074;-1063.867
702.897; -123.091; -765.074; -676.867
703.163;    1.084;  348.926;  254.133
703.429;  -79.441; -256.073; -273.868
703.695; -114.240; -796.073; -792.868
703.961;  -71.990; -214.073; -210.868
704.227; -127.565; -630.073; -725.869
704.493;   38.360;  613.927;  510.131
704.759; -124.164; -565.072; -540.870
705.025;  -67.564; -203.072; -194.870
705.291; -122.039; -666.072; -562.870
705.557;   45.711;  719.928;   34.129
705.823; -124.338; -742.072; -694.871
706.089;  -83.363; -307.071; -326.871
706.355;  -73.788; -315.071; -244.872
706.620; -137.888; -776.071; -729.872
706.886;  -85.237; -309.071; -362.873
707.152; -152.412; -818.070; -973.873
707.418; -187.637;-1153.070;-1186.873
707.683; -115.312; -550.070; -530.874
707.949; -117.161; -547.070; -578.874
708.215;  -70.211; -129.070; -207.874
708.480; -104.211; -520.069; -420.875
708.746;  -41.710;   68.931;   28.125
709.011; -120.710; -578.069; -612.876
709.277; -117.960; -538.069; -543.876
709.542;  -88.860; -428.069; -387.876
709.808;  -60.059;  -59.068;   89.123
710.073; -133.184; -577.068; -695.877
710.339;  -79.484; -242.068; -228.877
710.604; -151.084; -780.068; -845.878
710.869;  -69.033; -277.068; -366.878
711.135; -113.358; -715.067; -628.879
711.400; -117.908; -507.067; -608.879
711.665;  -98.283; -404.067; -479.879
711.931; -121.857; -661.067; -677.880
712.196; -160.007; -876.067; -954.880
712.461; -109.082; -402.066; -490.880
712.726; -135.882; -727.066; -771.881
712.991; -135.556; -647.066; -664.881
713.256;  -89.006; -350.066; -332.882
713.521;  -85.806; -417.065; -381.882
713.787; -105.806; -454.065; -472.882
714.052;  -87.905; -214.065; -400.883
714.317; -168.155;-1045.065; -981.883
714.581;  -91.530; -374.065; -268.883
714.846; -149.805; -822.064; -888.884
715.111;  -10.779;  261.936;  257.116
715.376;  -68.054;  -86.064; -223.885
715.641;  -84.679; -365.064; -367.885
715.906;  -95.879;   15.936; -551.885
716.171;  -29.203;  221.937;  209.114
716.436;  -53.328;  -78.063; -104.886
716.700; -131.028; -818.063; -692.886
716.965; -145.178; -794.063; -807.887
717.230;  -93.352; -339.063; -392.887
717.494;  -65.052;  -40.062; -134.888
717.759; -116.377; -784.062; -640.888
718.024;   -9.502;  269.938;  250.112
718.288;   33.324;  685.938;  395.111
718.553; -156.726; -803.062; -977.889
718.817; -155.276; -883.061; -899.889
719.082;  -63.525; -115.061; -125.890
719.346; -156.850;-1000.061; -947.890
719.611;  -68.950; -300.061; -255.891
719.875; -120.625; -568.060; -537.891
720.140; -107.049; -453.060; -603.891
720.404;  -68.599; -136.060; -249.892
720.668;  -83.699; -475.060; -411.892
720.933;  -34.899;  146.940;  137.108
721.197; -136.073; -667.059; -600.893
721.461; -154.298; -851.059; -826.893
721.725;  -40.448;  -21.059; -250.894
721.990;  -79.973; -284.059; -204.894
722.254;  -50.447;  -26.059; -108.894
722.518;  -91.022; -286.058; -442.895
722.782; -118.822; -743.058; -594.895
723.046;   30.153;  614.942;  570.105
723.310;  -23.821;  374.942;  210.104
723.574; -120.821; -654.058; -614.896
723.838; -133.296; -576.057; -642.897
724.102;  -56.346; -226.057; -239.897
724.366; -155.045;-1032.057; -978.897
724.630; -117.445; -749.057; -571.898
724.894; -115.645; -722.057; -514.898
725.158;  -58.795;   38.944; -295.898
725.422;  -91.369; -394.056; -327.899
725.685;  -97.369; -441.056; -349.899
725.949; -124.494; -566.056; -519.900
726.213; -143.619; -732.056; -811.900
726.477; -177.818;-1020.055; -933.900
726.740;  -67.818; -274.055; -104.901
727.004;  -97.318; -384.055; -510.901
727.268; -106.418; -442.055; -400.901
727.531; -154.842; -961.055; -775.902
727.795; -134.517; -713.054; -673.902
728.059; -124.492; -552.054; -557.903
728.322; -142.891; -841.054; -669.903
728.586; -129.791; -692.054; -701.903
728.849; -137.616; -695.053; -756.904
729.112; -149.141; -812.053; -912.904
729.376; -158.465; -959.053; -905.904
729.639; -107.390; -536.053; -536.905
729.903; -134.040; -733.053; -699.905
730.166;  -93.065; -437.052; -399.906
730.429;  -81.014; -317.052; -468.906
730.693; -117.989; -355.052; -894.906
730.956;   41.586;  810.948;  651.093
731.219;  -65.014; -310.052; -103.907
731.482; -157.938;-1003.051; -894.907
731.745; -163.588; -794.051; -935.908
732.009;  -47.263;  -30.051;   50.092
732.272; -136.438; -904.051; -771.909
732.535;  -84.037; -300.051; -310.909
732.798; -196.237;-1083.050;-1166.909
733.061; -105.362; -430.050; -456.910
733.324;  -45.262;   31.950; -180.910
733.587;   11.839;  290.950;  365.090
733.850; -121.311; -973.049;-1050.911
734.113;  -37.111;   33.951;   32.089
734.376;  -90.311; -328.049; -447.912
734.639;   88.565; 1188.951; 1011.088
734.901;  -85.635; -180.049; -402.912
735.164; -144.385; -883.048; -837.913
735.427;  -55.110; -166.048; -355.913
735.690;  -74.209; -205.048; -234.913
735.952; -169.134; -923.048; -925.914
736.215; -169.734;-1113.048;-1009.914
736.478; -144.484; -771.047; -774.915
736.740;  -52.058;   33.953;  129.085
737.003; -124.833; -658.047; -672.915
737.266;   48.392;  -94.047;   46.084
737.528; -136.758; -682.047; -660.916
737.791;  -95.257; -316.046; -327.916
738.053;   -3.632;  465.954;  649.083
738.316;  -75.357; -162.046; -136.917
738.578; -138.956; -770.046; -736.918
738.841;  -99.481; -382.046; -446.918
739.103; -152.056; -875.045; -777.918
739.365;  -49.231;   79.955;  -69.919
739.628; -141.480; -884.045; -805.919
739.890; -123.055; -758.045; -710.919
740.152; -143.430; -692.044; -754.920
740.414; -108.380; -408.044; -359.920
740.677; -120.754; -785.044; -634.921
740.939; -135.529; -587.044; -487.921
741.201; -104.204; -432.044; -572.921
741.463; -105.429; -689.043; -745.922
741.725;  -75.528;  -21.043; -199.922
741.987;  -35.378;  220.957;  116.078
742.249; -151.653; -751.043; -859.923
742.511; -131.728; -703.043; -794.923
742.773; -106.977; -546.042; -546.924
743.035;   36.023;  796.958;  533.076
743.297; -171.677; -963.042;-1013.924
743.559;  -72.877; -278.042; -262.925
743.821; -155.051; -735.042; -744.925
744.083;  -60.551;  -44.041; -149.925
744.345; -166.626; -869.041; -892.926
744.607;  -30.551;   75.959;  122.074
744.868; -121.575; -490.041; -554.927
745.130; -178.025; -994.041;-1008.927
745.392;  -48.075;   -1.040;  -44.927
745.653; -102.150; -411.040; -378.928
745.915;   38.676;  896.960;  631.072
746.177;  -77.549;   35.960;  -43.928
746.438; -112.224; -428.040; -543.929
746.700; -163.449; -947.039; -988.929
746.961; -142.048; -659.039; -740.930
747.223;  -57.923; -190.039;  -74.930
747.484; -121.323; -391.039; -471.930
747.746;  -71.022;  -23.038; -106.931
748.007; -143.197; -647.038; -689.931
748.269; -100.697; -468.038; -440.931
748.530; -134.772; -852.038; -638.932
748.791; -104.771; -354.038; -420.932
749.053;  -21.571;  286.963;  163.067
749.314;  -76.696; -236.037; -169.933
749.575; -163.646; -945.037; -905.933
749.836;  -69.820; -217.037;   86.066
750.098;  -59.170;  -60.037;  -21.934
750.359;    4.005;  414.964;  555.066
750.620;  -64.095; -121.036; -220.935
750.881; -127.244; -585.036; -513.935
751.142; -165.144; -950.036; -938.936
751.403; -135.069; -789.036; -705.936
751.664; -182.419;-1034.035; -999.936
751.925;  -69.168; -175.035; -262.937
752.186;  -82.843; -298.035; -278.937
752.447; -119.118; -590.035; -445.937
752.708; -126.568; -532.035; -648.938
752.969; -133.692; -566.034; -576.938
753.230; -134.392; -777.034; -672.939
753.491; -125.617; -650.034; -631.939
753.751;  -45.242;  109.966;   19.061
754.012;  -18.066;  258.967;  181.060
754.273;  -77.966; -174.033;  -71.940
754.534; -118.416; -487.033; -580.940
754.794; -164.791; -926.033; -911.941
755.055;   41.935; 1051.967;  881.059
755.316; -119.440; -700.032; -566.942
755.576; -112.290; -606.032; -576.942
755.837; -122.190; -527.032; -695.942
756.097; -111.889; -530.032; -564.943
756.358; -147.889; -725.032; -770.943
756.618; -135.814; -705.031; -641.943
756.879;  -89.514; -254.031; -349.944
757.139; -185.163;-1098.031;-1116.944
757.400; -137.038; -538.031; -553.945
757.660;  -89.063; -365.031; -401.945
757.920;  -91.537; -266.030; -228.945
758.181;  -90.337; -468.030; -351.946
758.441; -160.512; -870.030; -809.946
758.701;  -99.237; -308.030; -215.946
758.961;  -85.036; -220.030; -278.947
759.222; -117.536; -574.029; -502.947
759.482; -145.111; -683.029; -723.948
759.742; -148.661; -706.029; -547.948
760.002;  -57.160;  -83.029; -143.948
760.262;  -52.810;   50.972;  182.051
760.522; -122.735; -498.028; -574.949
760.782; -137.285; -738.028; -612.949
761.042; -117.734; -618.028; -573.950
761.302;  -45.734;   55.972;  -18.950
761.562;  -74.684; -164.027; -154.951
761.822; -122.384; -710.027; -551.951
762.082; -189.958;-1104.027;-1093.951
762.342; -101.608; -328.027; -403.952
762.601; -121.983; -567.027; -506.952
762.861;  -77.258; -281.026; -207.952
763.121;  -94.932; -406.026; -411.953
763.381; -112.432; -499.026; -485.953
763.640;  -75.932; -139.026; -307.954
763.900;  -92.382; -242.026; -203.954
764.160;  -89.906; -458.025; -491.954
764.419; -134.431; -726.025; -782.955
764.679; -149.256; -795.025; -726.955
764.939;  -70.206; -124.025; -210.955
765.198; -130.930; -608.025; -563.956
765.458; -136.655; -710.024; -612.956
765.717; -134.330; -454.024; -590.957
765.976; -103.580; -428.024; -411.957
766.236; -138.129; -475.024; -610.957
766.495;  -48.154;  260.977;   73.042
766.755; -181.479;-1090.023; -987.958
767.014; -127.178; -594.023; -665.958
767.273;  -98.703; -373.023; -397.959
767.533;  -90.728; -228.023; -307.959
767.792;  -93.078; -151.022; -188.960
768.051; -104.602; -228.022; -276.960
768.310; -131.802; -546.022; -650.960
768.569;  -58.377; -161.022;    4.039
768.828;  -81.827; -285.022; -363.961
769.088; -182.176;-1050.021; -942.961
769.347; -149.826; -755.021; -599.962
769.606; -160.776; -876.021; -857.962
769.865; -173.476;-1016.021;-1033.963
770.124;  -79.475; -411.021; -336.963
770.383; -173.225; -778.020; -910.963
770.641; -123.125; -398.020; -400.964
770.900; -167.650; -953.020; -846.964
771.159; -175.224; -851.020; -951.964
771.418; -169.724; -917.020; -779.965
771.677;  -74.724; -224.019; -293.965
771.936; -156.774; -794.019; -865.966
772.194; -151.498; -465.019; -437.966
772.453;  -95.248; -213.019; -391.966
772.712;  -16.873;  416.982;  329.033
772.970;  -63.548;   32.982;   63.033
773.229;  -48.622;  -22.018;  102.033
773.488; -151.297; -814.018; -770.968
773.746;   -8.072;  296.982;  335.032
774.005;  -48.822;  190.983;  -22.969
774.263;  -39.021;  243.983;  177.031
774.522;  -90.521; -422.017; -548.969
774.780; -105.796; -484.017; -417.970
775.039; -122.796; -551.017; -531.970
775.297;  -61.470; -135.016; -351.970
775.555; -135.195; -489.016; -612.971
775.814; -127.520; -618.016; -570.971
776.072; -144.045; -749.016; -740.971
776.330; -109.569; -630.016; -520.972
776.589; -153.819; -703.015; -721.972
776.847; -140.169; -645.015; -624.973
777.105; -189.243;-1016.015;-1032.973
777.363; -119.393; -459.015; -454.973
777.621; -161.893; -660.015; -717.974
777.879;  -57.393;  -42.014;   32.026
778.138; -120.967; -554.014; -717.974
778.396; -129.417; -585.014; -526.975
778.654; -187.642;-1015.014; -970.975
778.912;  -79.742; -269.014; -371.976
779.170; -156.116; -880.013; -803.976
779.427; -165.991; -922.013; -897.976
779.685; -170.991; -880.013; -832.977
779.943; -125.541; -654.013; -593.977
780.201; -183.690; -964.012; -883.978
780.459; -124.040; -651.012; -610.978
780.717; -115.815; -440.012; -390.978
780.974; -110.665; -449.012; -490.979
781.232; -115.589; -358.012; -338.979
781.490; -126.139; -551.011; -472.979
781.747; -128.814; -555.011; -476.980
782.005;  -12.739;  462.989;  254.020
782.263; -181.838; -542.011;-1004.981
782.520; -102.588; -326.011; -501.981
782.778; -183.013;-1013.010;-1051.981
783.035; -170.538; -962.010; -938.982
783.293;  -85.412; -248.010; -206.982
783.550;  -86.512; -134.010; -198.982
783.808; -146.612; -764.010; -776.983
784.065; -171.787; -745.009; -874.983
784.322;  -68.386;   25.991;  -86.984
784.580; -165.786; -915.009; -771.984
784.837; -120.186; -392.009; -466.984
785.094; -148.111; -783.009; -762.985
785.352; -109.735; -304.008; -404.985
785.609; -178.335; -934.008; -839.985
785.866; -116.135; -345.008; -401.986
786.123; -139.859; -639.008; -583.986
786.380; -132.859; -665.008; -604.987
786.637;  -86.434; -225.007; -380.987
786.895; -128.634; -456.007; -543.987
787.152;  -66.233; -135.007; -267.988
787.409;  -72.083; -123.007; -225.988
787.666; -113.258; -299.006; -378.988
787.923; -135.333; -616.006; -695.989
788.179; -118.582; -551.006; -584.989
788.436; -127.807; -585.006; -585.990
788.693;  -76.357;  -92.006;  -87.990
788.950;  -72.707; -125.005; -112.990
789.207; -109.706; -381.005; -372.991
789.464;  -88.356; -161.005; -301.991
789.720;  -45.331;  150.995;  110.009
789.977; -185.306;-1003.005; -671.992
790.234;  -57.330;   44.996;  -66.992
790.490; -177.830; -884.004;-1031.993
790.747;  -69.080;  -85.004;   22.007
791.004;  -94.330; -426.004; -348.993
791.260; -108.854; -430.004; -560.994
791.517; -145.154; -843.003; -788.994
791.773; -110.329; -379.003; -342.994
792.030; -143.704; -596.003; -660.995
792.286; -131.753; -686.003; -636.995
792.543;  -64.553;  -74.002; -159.995
792.799; -102.078; -584.002; -382.996
793.055; -209.678;-1179.002;-1210.996
793.312; -161.427; -827.002; -816.997
793.568; -138.027; -746.002; -599.997
793.824;  -86.552; -226.001; -284.997
794.081; -121.377; -447.001; -508.998
794.337; -119.576; -664.001; -561.998
794.593;  -92.251; -319.001; -271.999
794.849; -148.901; -746.001; -772.999
795.105; -110.926; -270.000; -261.999
795.361; -112.225; -490.000; -457.000
795.617; -171.775; -875.000; -945.000
795.873; -119.825; -360.000; -407.000
796.129; -105.225; -368.000; -306.000
796.385;  -75.875; -124.000; -156.000
796.641;    3.925;  412.000;  550.000
796.897; -132.225; -666.000; -635.000
797.153;    2.150;  453.000;  357.000
797.409; -153.550; -785.000; -868.000
797.665; -139.525; -625.000; -732.000
797.921; -164.350; -775.000; -762.000
798.176; -151.750; -744.000; -747.000
798.432; -152.275; -824.000; -596.000
798.688; -193.800;-1174.000;-1078.000
798.943;  -82.775; -165.000; -147.000
799.199; -183.275;-1005.000; -959.000
799.455;    7.325;  369.000;  316.000
799.710; -164.825; -813.000; -380.000
799.966;  -74.800; -162.000; -160.000
800.221; -142.275; -638.000; -721.000
800.477; -138.525; -743.000; -710.000
800.732; -162.575; -773.000; -800.000
800.988;  -36.275;  205.000;  -19.000
801.243; -103.050; -454.000; -344.000
801.498; -150.100; -814.000; -739.000
801.754;  -90.825; -289.000; -163.000
802.009; -100.000; -257.000; -335.000
802.264; -190.625; -967.000;-1033.000
802.520;  -62.250;  222.000;   -3.000
802.775; -122.900; -524.000; -359.000
803.030;  -28.025;  395.000;  356.000
803.285; -166.625; -840.000; -903.000
803.540; -133.050; -686.000; -699.000
803.795; -144.325; -648.000; -583.000
804.051;  -99.800; -279.000; -346.000
804.306;  -45.425;  168.000;  128.000
804.561;  -22.625;  451.000;  362.000
804.816;   44.525;  714.000;  861.000
805.071;  -91.925; -185.000; -280.000
805.325; -103.625; -257.000; -427.000
805.580; -171.125; -841.000; -877.000
805.835;  -92.125; -204.000; -297.000
806.090; -150.800; -760.000; -676.000
806.345; -107.650; -344.000; -264.000
806.600; -144.150; -549.000; -632.000
806.854; -128.450; -408.000; -538.000
807.109; -134.875; -493.000; -577.000
807.364; -102.325; -407.000; -328.000
807.618; -114.650; -415.000; -381.000
807.873; -142.800; -470.000; -494.000
808.128;  -83.625; -257.000; -518.000
808.382; -103.725; -224.000; -332.000
808.637; -116.600; -440.000; -511.000
808.891;  -78.200; -257.000; -180.000
809.146; -173.350; -902.000; -794.000
809.400; -176.525; -848.000; -923.000
809.654; -145.625; -779.000; -551.000
809.909; -182.150; -841.000; -927.000
810.163; -149.150; -813.000; -651.000
810.418; -172.150; -940.000; -861.000
810.672; -145.450; -685.000; -690.000
810.926; -175.225; -993.000; -973.000
811.180; -116.750; -439.000; -372.000
811.434;  -40.975;  240.000;  135.000
811.689; -100.925; -231.000; -365.000
811.943; -198.650; -936.000; -953.000
812.197; -157.275; -893.000; -671.000
812.451; -118.325; -379.000; -514.000
812.705; -170.625; -809.000; -619.000
812.959;  -97.500; -263.000; -388.000
813.213;  -87.850; -283.000; -209.000
813.467;  -30.450;  470.000;  253.000
813.721; -155.550; -764.000; -792.000
813.975; -159.600; -826.000; -877.000
814.229;  -32.300;  430.000;  353.000
814.482; -143.350; -517.000; -566.000
814.736; -161.675; -766.000; -744.000
814.990; -172.450; -779.000; -872.000
815.244;  -89.825; -228.000; -285.000
815.497; -138.825; -636.000; -601.000
815.751;  -64.425; -141.000;   82.000
816.005; -142.250; -470.000; -586.000
816.258; -108.000; -510.000; -363.000
816.512; -147.850; -693.000; -610.000
816.766;  -59.900;  121.000;  157.000
817.019;  -48.450;  148.000;  149.000
817.273; -163.150;-1000.000; -802.000
817.526;  -83.425; -206.000; -173.000
817.779; -189.300;-1049.000; -960.000
818.033; -159.825; -693.000; -807.000
818.286; -162.825; -725.000; -792.000
818.540; -132.600; -403.000; -403.000
818.793; -113.775; -402.000; -489.000
819.046; -139.350; -582.000; -520.000
819.299;  -76.250; -157.000; -166.000
819.553; -152.325; -552.000; -592.000
819.806; -181.350;-1016.000; -838.000
820.059;  -92.825; -334.000; -354.000
820.312;  -39.625;  152.000;  185.000
820.565;  -55.025;  110.000;  -27.000
820.818;  -77.025;  -59.000; -173.000
821.071; -180.425;-1041.000; -957.000
821.324; -125.325; -536.000; -540.000
821.577; -127.050; -457.000; -483.000
821.830;  -98.475; -270.000; -172.000
822.083; -156.000; -733.000; -288.000
822.336;  -81.850; -261.000; -167.000
822.589; -160.675; -805.000; -688.000
822.842; -175.250; -875.000; -770.000
823.094; -208.450;-1076.000;-1114.000
823.347; -155.700; -925.000; -729.000
823.600;  -43.100;  402.000;  187.000
823.853;  -96.500; -311.000; -267.000
824.105; -121.675; -331.000; -575.000
824.358; -148.350; -617.000; -716.000
824.611;  -49.150;  234.000;   40.000
824.863; -130.550; -612.000; -591.000
825.116;  -60.075;  -33.000;   27.000
825.368; -115.350; -366.000; -372.000
825.621;  -85.550; -186.000; -240.000
825.873; -141.050; -704.000; -737.000
826.126; -145.150; -669.000; -641.000
826.378; -119.450; -389.000; -505.000
826.630; -167.725; -890.000; -898.000
826.883; -156.750; -754.000; -693.000
827.135;  -94.850; -279.000; -270.000
827.387; -170.050; -893.000; -839.000
827.639;  -78.400;  -86.000;   32.000
827.892; -156.700; -742.000; -582.000
828.144; -180.025; -848.000; -804.000
828.396;  -68.050;  104.000;  -80.000
828.648; -119.975; -440.000; -333.000
828.900; -181.725; -702.000; -795.000
829.152; -152.575; -684.000; -683.000
829.404;  -91.450; -215.000; -267.000
829.656;  -29.900;  321.000;  214.000
829.908;  -40.000;  393.000;  229.000
830.160; -180.275;-1064.000;-1047.000
830.412; -123.275; -481.000; -430.000
830.664; -151.650; -557.000; -665.000
830.916;  -98.800; -268.000; -206.000
831.167; -191.175;-1073.000; -951.000
831.419; -138.725; -623.000; -566.000
831.671; -156.825; -764.000; -809.000
831.923; -109.100; -311.000; -447.000
832.174;  -97.750; -273.000; -331.000
832.426; -139.450; -493.000; -582.000
832.678; -189.775;-1043.000;-1091.000
832.929; -171.925; -947.000; -935.000
833.181; -159.225; -575.000; -677.000
833.432;  -85.300;  -59.000; -186.000
833.684;  -54.550;  112.000;  -27.000
833.935; -136.250; -610.000; -566.000
834.187; -144.400; -829.000; -823.000
834.438;  -71.500;  -58.000;  -25.000
834.689;  -86.050; -255.000; -123.000
834.941;  -83.975; -343.000; -244.000
835.192; -141.250; -590.000; -533.000
835.443; -145.925; -419.000; -506.000
835.695;  -56.100;  138.000;  -16.000
835.946; -134.725; -608.000; -378.000
836.197; -131.825; -599.000; -622.000
836.448; -132.975; -528.000; -395.000
836.699; -105.975; -253.000; -341.000
836.950;  -54.225;   72.000;    7.000
837.201; -197.150;-1003.000; -987.000
837.452;  -93.125; -356.000; -170.000
837.703; -172.700; -791.000; -737.000
837.954; -121.325; -205.000; -365.000
838.205; -185.800;-1029.000;-1008.000
838.456; -105.325; -196.000; -282.000
838.707; -117.350; -423.000; -519.000
838.958; -150.375; -634.000; -647.000
839.209;  -62.800;   18.000;   40.000
839.460;  -96.225; -439.000; -201.000
839.710;  -99.625; -135.000; -297.000
839.961;    3.000;  730.000;  612.000
840.212; -127.725; -382.000; -497.000
840.462; -112.225; -328.000; -277.000
840.713; -136.175; -571.000; -536.000
840.964;  -80.975;  -62.000; -143.000
841.214; -142.900; -384.000; -624.000
841.465;  -71.875; -214.000; -141.000
841.715; -121.975; -417.000; -380.000
841.966; -146.225; -746.000; -685.000
842.216; -132.325; -330.000; -431.000
842.466;  -91.850; -169.000; -313.000
842.717; -186.350; -964.000; -952.000
842.967; -146.250; -635.000; -641.000
843.217;  -84.400;   20.000;   28.000
843.468;  -84.275; -104.000; -132.000
843.718; -153.400; -718.000; -726.000
843.968; -168.975; -837.000; -765.000
844.218; -106.200; -315.000; -262.000
844.469; -132.525; -577.000; -561.000
844.719; -157.600; -537.000; -682.000
844.969; -143.875; -550.000; -580.000
845.219; -172.575; -814.000; -862.000
845.469; -120.850; -392.000; -342.000
845.719; -169.975; -792.000; -884.000
845.969;  -57.300;  119.000;  174.000
846.219; -162.250; -738.000; -720.000
846.469;  -29.850;  464.000;  432.000
846.718;  -92.850; -115.000;   31.000
846.968; -177.400; -827.000; -827.000
847.218;  -90.175; -224.000; -371.000
847.468;  -39.675; -586.000; -555.000
847.718; -191.925; -827.000; -798.000
847.967; -165.475; -826.000; -915.000
848.217; -118.900; -449.000; -569.000
848.467; -108.425; -405.000; -376.000
848.716; -147.475; -708.000; -725.000
848.966; -112.175; -372.000; -358.000
849.215; -114.375; -428.000; -419.000
849.465; -150.625; -785.000; -615.000
849.714; -211.500;-1132.000;-1150.000
849.964; -132.775; -551.000; -613.000
850.213; -109.100; -393.000; -355.000
850.463;  -38.075;  137.000;  340.000
850.712; -149.375; -542.000; -567.000
850.961; -157.500; -739.000; -678.000
851.211; -133.225; -513.000; -504.000
851.460; -145.375; -635.000; -650.000
851.709;  -67.275;  -25.000;   18.000
851.958; -168.475; -912.000; -750.000
852.208; -174.325; -859.000; -879.000
852.457;  -87.850; -181.000;  -13.000
852.706; -173.400; -791.000; -823.000
852.955; -123.875; -507.000; -528.000
853.204; -140.150; -521.000; -461.000
853.453; -133.900; -418.000; -458.000
853.702; -167.000; -660.000; -750.000
853.951; -144.500; -532.000; -520.000
854.200; -146.175; -613.000; -562.000
854.449; -160.475; -695.000; -661.000
854.698; -120.275; -340.000; -279.000
854.946; -100.150; -181.000; -284.000
855.195; -175.050; -843.000; -868.000
855.444; -107.200; -395.000; -420.000
855.693; -138.500; -345.000; -432.000
855.941; -123.625; -387.000; -516.000
856.190; -103.575; -256.000; -382.000
856.439; -155.250; -652.000; -703.000
856.687;  -88.625;  -99.000;  -72.000
856.936; -132.350; -621.000; -323.000
857.184; -189.150;-1067.000;-1020.000
857.433; -131.650; -423.000; -512.000
857.681; -191.875; -989.000; -953.000
857.930; -101.925; -282.000; -433.000
858.178; -177.750; -856.000; -929.000
858.427; -174.600; -802.000; -781.000
858.675; -140.525; -377.000; -544.000
858.923; -120.800; -527.000; -819.000
859.172; -188.700;-1094.000;-1070.000
859.420; -108.900; -339.000; -239.000
859.668; -155.950; -624.000; -628.000
859.916;  -66.625;  109.000;  115.000
860.164; -140.250; -699.000; -603.000
860.413; -178.325; -878.000; -696.000
860.661; -142.700; -709.000; -577.000
860.909; -117.375; -339.000; -325.000
861.157; -109.275; -277.000; -444.000
861.405; -147.075; -534.000; -670.000
861.653;  -27.350;  310.000;  310.000
861.901; -144.100; -543.000; -613.000
862.149; -182.125; -801.000; -824.000
862.396;  -96.425; -297.000; -187.000
862.644; -106.275; -368.000; -347.000
862.892;  -52.925;   98.000;  138.000
863.140; -129.000; -549.000; -530.000
863.388; -155.275; -815.000; -759.000
863.635; -139.025; -642.000; -601.000
863.883;  -31.275;  231.000;  190.000
864.131; -118.275; -288.000; -357.000
864.378; -163.300; -675.000; -540.000
864.626; -116.775; -347.000; -415.000
864.873; -138.575; -556.000; -505.000
865.121; -158.125; -714.000; -799.000
865.368;  -94.775; -173.000;   75.000
865.616;  -84.425;  -33.000;  -40.000
865.863; -123.925; -462.000; -506.000
866.111; -177.500; -795.000; -824.000
866.358; -113.925; -426.000; -420.000
866.605;  -83.875;  -64.000; -804.000
866.853; -147.025; -621.000; -537.000
867.100; -168.100; -728.000; -775.000
867.347; -144.025; -672.000; -611.000
867.594; -164.075; -740.000; -714.000
867.841;  -77.225;   97.000;   17.000
868.089; -161.250; -746.000; -698.000
868.336; -121.650; -477.000; -420.000
868.583; -157.350; -637.000; -741.000
868.830;  -68.450; -131.000; -170.000
869.077; -170.825; -859.000; -787.000
869.324; -122.225; -502.000; -458.000
869.571; -134.175; -398.000; -430.000
869.818; -142.425; -485.000; -439.000
870.065; -144.225; -439.000; -513.000
870.311; -132.150; -456.000; -542.000
870.558; -112.150; -332.000; -311.000
870.805; -102.000; -320.000; -384.000
871.052; -122.825; -494.000; -369.000
871.298;  -95.300; -204.000; -131.000
871.545;  -77.150; -151.000; -185.000
871.792; -103.450; -173.000; -222.000
872.038;  -84.825;   43.000; -126.000
872.285; -128.675; -496.000; -387.000
872.532; -113.900; -357.000; -387.000
872.778;   -3.500;  556.000;  403.000
873.025; -115.875; -384.000; -359.000
873.271;   -8.825;  501.000;  578.000
873.517;  -78.850; -133.000; -209.000
873.764;  -89.025; -193.000;  -80.000
874.010; -101.050; -143.000; -230.000
874.257;  -52.600;  123.000;   90.000
874.503; -144.050; -579.000; -479.000
874.749;  -89.425;   31.000;  275.000
874.995;  -93.950;  -80.000;  -20.000
875.242; -141.700; -540.000; -478.000
875.488; -137.425; -414.000; -439.000
875.734;  -90.475; -106.000; -234.000
875.980; -200.500; -872.000;-1032.000
876.226;  -94.475; -157.000; -255.000
876.472;  -45.000;  343.000;  237.000
876.718;  -57.500;  184.000;  158.000
876.964;  -59.825;   56.000;   55.000
877.210; -153.125; -547.000; -677.000
877.456; -151.050; -630.000; -557.000
877.702; -181.725; -821.000; -832.000
877.948; -125.625; -377.000; -497.000
878.193;  -21.725;  361.000;  255.000
878.439; -130.725; -487.000; -472.000
878.685; -104.625; -272.000; -343.000
878.931; -153.625; -618.000; -676.000
879.176; -100.850; -201.000; -201.000
879.422; -187.800; -933.000; -820.000
879.668;  -71.350;   10.000;   79.000
879.913;  -81.400;   53.000;  137.000
880.159;  -87.375; -112.000;  -17.000
880.404;  -97.575; -152.000; -162.000
880.650;  -68.100;   91.000;  141.000
880.895; -165.825; -670.000; -710.000
881.141; -129.475; -454.000; -428.000
881.386; -156.475; -503.000; -658.000
881.631; -106.350; -311.000; -166.000
881.877;  -65.600;  112.000;  -13.000
882.122; -139.650; -684.000; -600.000
882.367; -105.725; -136.000; -186.000
882.612;  -89.175;  -80.000; -176.000
882.858; -176.925; -877.000; -823.000
883.103;  -98.900; -297.000; -267.000
883.348; -160.725; -759.000; -852.000
883.593; -158.825; -677.000; -602.000
883.838; -102.975; -311.000;  -24.000
884.083;  -54.050;  353.000;  288.000
884.328; -124.575; -564.000; -545.000
884.573;  -92.025; -196.000; -143.000
884.818; -140.750; -694.000; -531.000
885.063; -125.775; -348.000; -315.000
885.308; -137.675; -475.000; -398.000
885.553;  -48.775;  245.000;  325.000
885.797; -146.850; -545.000; -615.000
886.042;  -78.000;    8.000;   58.000
886.287; -112.325; -253.000; -211.000
886.532;  -78.550;   26.000;  204.000
886.776; -113.950; -407.000; -525.000
887.021; -148.475; -621.000; -574.000
887.265; -163.000; -685.000; -689.000
887.510; -146.175; -557.000; -496.000
887.755; -113.750; -194.000; -164.000
887.999; -150.225; -552.000; -575.000
888.244;  -76.150;  -58.000;  161.000
888.488;  -36.375;  371.000;  393.000
888.732; -130.325; -368.000; -520.000
888.977; -154.050; -622.000; -567.000
889.221; -178.350; -683.000; -659.000
889.465; -150.075; -422.000; -566.000
889.710;  -93.625;  -56.000; -299.000
889.954;  -16.950;  579.000;  467.000
890.198; -151.525; -584.000; -707.000
890.442; -171.400; -716.000; -712.000
890.687; -173.625; -800.000; -753.000
890.931; -123.075; -273.000; -210.000
891.175; -143.750; -502.000; -500.000
891.419;  -93.875; -105.000; -110.000
891.663;  -93.325; -239.000; -112.000
891.907; -166.800; -801.000; -545.000
892.151; -178.275; -920.000; -815.000
892.395; -123.750; -274.000; -387.000
892.638;  -35.925;  408.000;  291.000
892.882; -173.425; -780.000; -867.000
893.126;  -18.650;  758.000;  558.000
893.370;  -91.575; -167.000; -168.000
893.614; -156.800; -714.000; -715.000
893.857; -111.975; -183.000; -197.000
894.101; -141.625; -527.000; -631.000
894.345;  -68.150;  300.000;  150.000
894.588;  -18.250;  569.000;  380.000
894.832;  -97.400; -178.000;  -84.000
895.075;  -86.550;   15.000;  -92.000
895.319; -148.500; -552.000; -420.000
895.563; -138.275; -413.000; -353.000
895.806; -154.825; -628.000; -741.000
896.049; -142.900; -576.000; -368.000
896.293;  -29.350;  527.000;  405.000
896.536; -130.375; -465.000; -468.000
896.779;  -92.650; -149.000;   -1.000
897.023; -164.975; -751.000; -714.000
897.266;  -65.750;  325.000;  269.000
897.509; -195.175; -900.000; -901.000
897.752;  -68.575;  149.000;  171.000
897.996; -201.200; -972.000; -864.000
898.239;  -60.450;  168.000;  102.000
898.482; -142.525; -431.000; -453.000
898.725;  -91.600;  101.000;   53.000
898.968; -175.400; -609.000; -744.000
899.211; -131.475; -513.000; -361.000
899.454; -148.275; -633.000; -539.000
899.697;  -85.050;   90.000;  -43.000
899.940; -174.500; -761.000; -757.000
900.182; -119.125; -335.000; -405.000
900.425; -100.775; -150.000; -298.000
900.668;  -43.500;  491.000;  350.000
900.911; -125.400; -292.000; -345.000
901.154;  -80.825;  141.000;   -3.000
901.396; -144.575; -407.000; -412.000
901.639; -161.575; -430.000; -496.000
901.882; -183.775; -790.000; -809.000
902.124;  -89.100;  -29.000; -143.000
902.367; -120.050; -315.000; -361.000
902.609; -141.425; -476.000; -453.000
902.852; -107.150; -108.000; -260.000
903.094; -122.800; -458.000; -337.000
903.337;  -80.675;  -26.000;   53.000
903.579; -118.375; -228.000; -441.000
903.821; -165.525; -597.000; -744.000
904.064;  -81.150;   85.000;  127.000
904.306;  -96.475; -126.000; -166.000
904.548; -123.150; -152.000; -366.000
904.790; -120.200; -195.000; -340.000
905.033; -137.250; -625.000; -577.000
905.275; -145.450; -513.000; -524.000
905.517;  -40.200;  468.000;  256.000
905.759; -170.500; -667.000; -761.000
906.001; -137.000; -322.000; -369.000
906.243; -117.200; -162.000; -224.000
906.485; -114.150; -265.000; -207.000
906.727; -154.250; -499.000; -542.000
906.969; -110.125;  -30.000; -135.000
907.211; -130.575; -316.000; -382.000
907.453; -108.125; -188.000; -237.000
907.695; -113.350; -158.000; -385.000
907.936;   -2.300;  818.000;  706.000
908.178;  -87.075;   92.000; -135.000
908.420;  -98.550; -111.000; -162.000
908.662; -158.975; -633.000; -682.000
908.903; -118.625; -208.000; -123.000
909.145; -104.700; -240.000; -305.000
909.386;  -46.225;  315.000;  280.000
909.628;  -47.675;  363.000;  397.000
909.870;  -75.025;   29.000;  264.000
910.111; -190.325; -809.000; -949.000
910.353; -102.425; -123.000; -161.000
910.594; -143.675; -574.000; -606.000
910.835; -130.650; -265.000; -326.000
911.077; -148.675; -503.000; -604.000
911.318; -153.300; -505.000; -471.000
911.559; -177.125; -577.000; -880.000
911.801; -118.500; -284.000; -280.000
912.042;  -96.225;  -50.000; -159.000
912.283;  -41.625;  404.000;  371.000
912.524; -145.600; -396.000; -457.000
912.765;  -88.375; -193.000;   79.000
913.006; -137.450; -307.000; -338.000
913.247; -128.925; -270.000; -290.000
913.488; -105.125;  -43.000;   30.000
913.729; -142.600; -373.000; -373.000
913.970; -115.550;  -96.000; -292.000
914.211; -108.900; -160.000; -198.000
914.452; -106.525; -118.000;  -11.000
914.693;  -46.900;  510.000;  592.000
914.934;  -16.775;  510.000;  440.000
915.175;  -83.025;   53.000;  -95.000
915.415;  -98.325; -137.000;   27.000
915.656;  -98.150;  -28.000;  192.000
915.897; -122.925; -252.000;  -82.000
916.137;  -82.275;   74.000;   -9.000
916.378; -141.275; -573.000; -517.000
916.619; -115.025; -159.000;  -63.000
916.859;  -53.800;  303.000;  330.000
917.100;   82.275; 1655.000; 1070.000
917.340;    3.600;  930.000;  728.000
917.581;   -6.400;  965.000;  789.000
917.821; -127.075; -171.000;  143.000
918.061; -103.550; -199.000;  -72.000
918.302; -112.700; -152.000; -211.000
918.542;  -87.975;  -22.000;    3.000
918.782;  -42.825;  369.000;  377.000
919.023;  -39.550;  360.000;  427.000
919.263;  469.900; 8131.000;  202.000
919.503; -108.975; -137.000;  -54.000
919.743;  -49.550;  390.000;  266.000
919.983;  -94.450; -134.000;  -26.000
920.223;  -91.700;  135.000;   14.000
920.463;  -35.950;  631.000;  554.000
920.703;  -86.050;   84.000;   39.000
920.943;  -94.675; -110.000;   90.000
921.183; -137.075; -414.000; -405.000
921.423;  -32.950;  307.000;  546.000
921.663; -121.050; -174.000; -257.000
921.903;  -62.750;  237.000;  173.000
922.143;  -47.400;  372.000;  389.000
922.383;  -90.550;  158.000;  115.000
922.622;  -97.900; -120.000;  -15.000
922.862;    1.550;  796.000;  785.000
923.102;  -95.625;  -51.000;   33.000
923.341;  -97.550;   59.000;   74.000
923.581;  -54.275;  450.000;  360.000
923.821;  -41.250;  301.000;  398.000
924.060;  -61.150;  351.000;  193.000
924.300; -103.550;  -16.000; -128.000
924.539;  -56.600;  584.000;  473.000
924.779;  -21.450;  812.000;  597.000
925.018;  -69.675;  247.000;  353.000
925.257;  -31.350;  595.000;  666.000
925.497;  -53.800;  447.000;  412.000
925.736;  -82.350;  -35.000;  102.000
925.975;  -15.125;  687.000;  669.000
926.214;    2.325;  907.000;  850.000
926.454;  -11.300;  706.000;  757.000
926.693;  -36.850;  419.000;  543.000
926.932;   21.900; 1021.000;  825.000
927.171;   47.325; 1107.000; 1044.000
927.410;   34.725; 1144.000;  967.000
927.649;   13.800;  924.000;  742.000
927.888;  -39.475;  590.000;  564.000
928.127;  -22.600;  680.000;  678.000
928.366;    0.800;  842.000;  826.000
928.605;   -3.550;  831.000;  737.000
928.844;   56.650; 1451.000; 1393.000
929.083;  -29.175;  770.000;  613.000
929.321;   62.525; 1335.000; 1359.000
929.560;   38.275; 1158.000; 1122.000
929.799;  -38.475;  574.000;  475.000
930.038;   46.000; 1025.000; 1394.000
930.276;  -40.450;  334.000;  397.000
930.515;  -10.450;  827.000;  681.000
930.753;  -27.025;  614.000;  589.000
930.992;  -27.875;  664.000;  717.000
931.230;  -10.400;  847.000;  847.000
931.469;  150.425; 2162.000;  892.000
931.707;   50.075;  840.000;  751.000
931.946;   61.175; 1278.000; 1344.000
932.184;   50.650; 1437.000; 1175.000
932.423;   32.575; 1265.000;  963.000
932.661;   61.050; 1296.000; 1428.000
932.899;   -7.800;  987.000;  821.000
933.137;  -20.175;  754.000;  564.000
933.376;   67.475; 1664.000; 1335.000
933.614;   91.825; 1759.000; 1196.000
933.852;   23.075; 1357.000; 1171.000
934.090;   93.125; 1722.000; 1747.000
934.328;   56.625; 1252.000; 1457.000
934.566;   25.050; 1431.000; 1110.000
934.804;   38.525; 1263.000; 1309.000
935.042;   97.675; 1861.000; 1850.000
935.280;  123.175; 2088.000; 2063.000
935.518;  123.700; 2113.000; 2007.000
935.756;  139.925; 2481.000; 2316.000
935.994;   73.000; 1808.000; 1751.000
936.231;  203.925; 2890.000; 2950.000
936.469;  150.925; 2367.000; 2378.000
936.707;  143.700; 2220.000; 2167.000
936.945;  221.325; 2825.000; 2882.000
937.182;  164.675; 2679.000; 2741.000
937.420;  254.500; 3602.000; 3031.000
937.657;  285.600; 3365.000; 3478.000
937.895;  281.200; 3331.000; 3488.000
938.133;  297.750; 3540.000; 3528.000
938.370;  328.225; 3896.000; 4191.000
938.607;  367.725; 4488.000; 4205.000
938.845;  510.050; 5587.000; 5549.000
939.082;  473.600; 5387.000; 5177.000
939.320;  509.525; 5799.000; 5728.000
939.557;  598.100; 6549.000; 6491.000
939.794;  682.700; 7285.000; 7097.000
940.031;  791.200; 8421.000; 8368.000
940.269;  899.875; 9552.000; 9107.000
940.506; 1034.425;10901.000;10507.000

