
Integration time [ms]: 100.000
Averaging Nr. [scans]: 40
Smoothing Nr. [pixels]: 0
Data measured with spectrometer [name]: 2101013U2
Wave   ;Sample   ;Dark     ;Reference
[nm]   ;[counts] ;[counts] ;[counts] 

394.013;  -42.636; -450.257; -315.536
394.305;  -54.912; -461.258; -419.536
394.596;  -60.751; -676.269; -527.514
394.887;  -86.599; -796.268; -654.518
395.178;    8.756;  145.736;   11.476
395.470;  -26.893; -210.263; -356.526
395.761;   46.828;  305.734;  394.479
396.052;  -61.618; -545.284; -306.489
396.343;  -56.959; -557.276; -454.503
396.634;  -28.913; -200.279; -290.497
396.926;  -58.824; -618.268; -565.517
397.217;  -10.683;   11.725;  -17.504
397.508;  -26.531; -366.273; -154.507
397.799;  -67.188; -555.279; -571.497
398.090; -100.989; -973.280; -902.495
398.381;   -1.129;   11.708;  -11.473
398.672;  -88.228; -585.292; -742.473
398.963;  -36.637; -348.279; -373.498
399.254;   16.648;   54.709; -209.475
399.545; -104.697;-1017.266; -883.520
399.836;  -29.735; -407.277; -343.501
400.127;  -14.057; -205.295; -209.468
400.418;  -27.457; -423.274; -392.506
400.709;  -42.466; -359.281; -333.493
401.000;  -31.152; -268.291; -309.476
401.290;   22.309;  225.698;  115.545
401.581;   -4.921; -166.286; -228.485
401.872;  -56.536; -542.298; -486.462
402.163;  -27.833; -313.296; -252.467
402.454;  -19.527; -123.291; -163.475
402.744;  -81.759; -844.297; -813.465
403.035;  -30.905; -226.293;  -86.471
403.326;  -42.878; -366.292; -384.474
403.617;    5.638;  204.701;  165.539
403.907;  -50.768; -593.283; -679.490
404.198;  -65.597; -545.307; -599.446
404.489;  -65.292; -618.283; -588.491
404.779;  -71.965; -618.302; -660.456
405.070;    1.007;  -67.304; -174.451
405.360;  -17.980; -259.293; -238.472
405.651;   13.061;  125.699;   98.542
405.942;   25.629;  209.714;  127.516
406.232;  -55.794; -432.285; -413.487
406.523;   93.619;  641.706;  758.530
406.813;  -70.096; -579.286; -644.484
407.104;   37.346;  261.708;  144.527
407.394;  -86.061; -604.299; -591.462
407.685;   15.931;  336.715;  222.513
407.975;  -43.292; -400.283; -382.490
408.265;  -13.650; -134.289; -190.478
408.556;  -45.953; -472.291; -459.475
408.846;   52.770;  474.706;  429.530
409.137;  -10.524;   -1.288; -216.480
409.427;  -50.894; -193.285; -271.487
409.717;  -72.430; -776.273; -692.508
410.007;    3.180;    4.715; -170.486
410.298;  -35.482; -360.295; -342.469
410.588;  -67.770; -495.285; -510.486
410.878;  -97.797; -792.287; -873.482
411.168;  -61.110; -481.298; -478.463
411.459;  -29.943; -295.283; -242.489
411.749;  -73.903; -609.292; -507.474
412.039;  -97.474; -755.289; -386.480
412.329;   14.189;   40.722;  132.501
412.619;  -12.271;  -62.286; -148.485
412.909;   83.925;  639.711;  594.521
413.199;  -15.214; -130.280; -251.495
413.490;   54.924;  521.710;  352.523
413.780; -111.263;-1013.279; -913.496
414.070;    1.916;  -46.276;  235.497
414.360;  -77.837; -729.278; -666.498
414.650;  -91.523; -726.288; -688.482
414.940;  -57.913; -538.280; -441.496
415.230;   -1.298;   50.712;   74.519
415.520;   22.499;  155.730;   66.486
415.809;  -29.216; -305.281; -125.493
416.099;  -50.160; -388.277; -229.501
416.389;   46.843;  435.726;  236.494
416.679;   14.758;   91.738;   85.473
416.969;  -61.247; -527.287; -503.483
417.259;  -89.713;  341.721;  171.503
417.549;   36.159;  522.718;  318.508
417.838;  -18.649; -205.268; -147.518
418.128;   51.625;  650.710;  492.522
418.418;  -57.005; -491.272; -579.509
418.708;   -5.182;    9.726;  -48.506
418.997;  -58.707; -474.275; -480.505
419.287; -103.206; -733.273; -790.507
419.577;  -17.343; -160.283; -123.489
419.866;  -67.710; -588.277; -498.501
420.156;  -11.277; -242.270;  -55.513
420.446;  -12.118; -112.263;  -26.526
420.735;  -62.952; -376.271; -446.512
421.025;  224.738; 1830.722;  315.502
421.314;  -21.403; -203.271; -226.512
421.604;    6.600;   89.732;  233.484
421.893;  -66.278; -705.271; -602.511
422.183;  -77.043; -487.263; -461.526
422.472;  -15.603;  -36.271; -107.511
422.762;  -50.746; -416.266; -379.521
423.051; -105.733; -916.276; -916.503
423.341;  -72.731; -491.273; -439.507
423.630;  -14.870; -121.265;   15.477
423.919;  -16.783;   58.725;   49.495
424.209;   -3.693;  -31.263;   56.473
424.498;    7.851;   68.732;  161.483
424.787;  -74.898; -535.267; -601.518
425.077;  -15.021;   34.735;   29.478
425.366;  -88.717; -734.262; -744.528
425.655;   76.094;  639.727;  259.493
425.945;  -38.449; -313.247; -268.554
426.234;   -0.939;  117.741;  300.467
426.523;  -34.238;  -86.259; -350.534
426.812;    5.953;  107.734;  159.480
427.101;  -16.575; -127.269; -323.515
427.390;  -15.376;  -55.270;  -86.514
427.680;  -52.835; -624.257; -411.538
427.969;   -7.734; -330.255; -301.540
428.258;  -61.237; -385.257; -477.536
428.547;   32.196;  449.728;  397.490
428.836;  -61.207; -421.253; -398.543
429.125;  -24.213; -199.259;  -72.534
429.414;  -46.828; -330.251; -294.548
429.703;  -55.853; -231.251; -213.548
429.992; -102.178; -938.250; -828.549
430.281;  -62.294; -397.264; -331.524
430.570;    0.220;  -21.252;   32.454
430.859;   24.387;  279.741;  352.466
431.148;   77.325;  636.752;  631.446
431.437;   21.345;  391.748;  367.454
431.725;  -67.936; -544.257; -481.536
432.014; -121.931; -845.253; -756.545
432.303;  -21.639; -149.239; -105.569
432.592;  -55.719; -460.263; -178.525
432.881;  -78.750; -601.248; -437.554
433.169;  -31.759; -343.255;  -61.540
433.458;   47.490;  445.765;  540.424
433.747;  -54.466; -397.261; -289.529
434.036;  -49.993; -275.242; -280.564
434.324;  -68.551; -395.249; -379.551
434.613;   -2.118;   40.757;  159.437
434.902;   20.234;  333.760;  439.433
435.190;   14.436;   75.761;  295.431
435.479;  -21.446;  -52.245;   83.441
435.767;  -60.695; -411.244; -427.561
436.056;  -49.718; -340.242; -294.563
436.345;  -52.915; -372.240; -223.568
436.633;   26.173;   60.750;  383.450
436.922;   42.085;  208.760;  414.432
437.210;  -32.686; -194.236;    1.426
437.499;  -93.585; -583.235; -432.576
437.787;  -47.236; -339.236;  -10.574
438.075;    0.386;   56.761;  162.430
438.364;   -9.813;  -44.238;  250.429
438.652;  -40.974; -286.226; -138.592
438.941;  -14.279;    3.770;  269.415
439.229;  -82.630; -665.252; -466.545
439.517;  -37.009; -160.234;  -85.577
439.806;  -77.597; -501.225; -290.595
440.094;   16.692;  377.766;  650.421
440.382;  -73.082; -653.233; -302.580
440.670;  -63.385; -361.235; -285.576
440.959;  -60.394; -347.223; -170.599
441.247;  -36.377; -151.229; -109.587
441.535;  -29.809; -266.235;   31.423
441.823;  -95.183; -497.234; -305.578
442.111;    1.898;  173.771;  327.412
442.400;  -85.821; -628.245; -335.559
442.688;  -29.758; -111.234; -620.579
442.976; -113.007; -786.213; -450.617
443.264;  -68.971; -324.224; -364.597
443.552;  -39.074; -258.226;   51.408
443.840;   65.141;  602.765;  876.423
444.128;   18.218;  265.767;  269.420
444.416;  -79.951; -694.228; -312.588
444.704;  -50.665; -465.219;  -92.605
444.992;  -26.523;   -0.226;  240.407
445.280;  -59.279; -517.230;  -94.585
445.568;  -80.757; -694.212; -396.618
445.856;  -26.067; -174.221;  357.398
446.143;  -26.391;  -54.220;   -7.604
446.431;    0.899;  -25.228;  625.411
446.719;   67.312;  489.783;  675.391
447.007;   41.421;  481.769;  705.416
447.295;   51.430;  597.777;  871.402
447.583;  -66.653; -464.229;  -34.587
447.870;  -70.393; -434.221; -202.601
448.158;  -21.879; -104.230;  129.415
448.446;  -96.591; -800.219; -338.604
448.733;  -26.496;   13.776;  269.403
449.021;   -9.032;   60.788;  341.382
449.309;  -29.205; -296.210;  208.379
449.596;   11.762;  128.783;   59.392
449.884;  -86.819; -571.222; -325.600
450.172;  -91.150; -756.227; -406.590
450.459;   46.766;  645.786;  780.387
450.747;  -61.338; -411.218; -147.608
451.034;   54.374;  493.772;  889.411
451.322;  -66.259; -413.214; -170.614
451.609;    5.680;  292.777;  508.403
451.897;  -65.096; -550.203; -183.634
452.184;  -97.545; -622.223; -400.598
452.472;   -5.277;   97.792;  269.375
452.759;   50.635;  512.781;  864.395
453.047;  -56.932; -407.212; -125.617
453.334;  -77.214; -732.219; -216.606
453.621;  -75.684; -438.214; -161.615
453.909;   -5.172;   13.796;  384.368
454.196;  -48.616; -299.199; -123.641
454.483;   12.631;  317.798;  540.364
454.771;  -41.901; -215.208;  196.374
455.058;  -40.526; -316.207;  102.374
455.345;    2.142;   71.807;  344.347
455.632;  -40.800; -128.207;  235.373
455.919;  -25.188;  -82.196;  182.354
456.207; -122.040; -774.198; -450.642
456.494;  -79.517; -475.200;  -66.639
456.781;  -70.770; -399.202; -198.635
457.068;  -37.924; -253.206;  -29.628
457.355;  -95.749; -698.206; -401.629
457.642;  -76.024; -552.205; -290.630
457.929; -102.534; -778.194; -417.651
458.216;  -74.657; -575.212; -354.617
458.503;  -35.184; -173.193;  -19.652
458.790; -109.127; -864.208; -630.625
459.077;  -32.969;  -77.202;  110.364
459.364;  -65.685; -350.195; -210.649
459.651;  -11.300;  -46.206;  220.372
459.938; -128.528; -864.209; -665.623
460.225;  -12.619;  132.799;  276.363
460.512; -112.063; -836.197; -688.645
460.799;  -11.988;  -32.218;  320.392
461.086;  -58.917; -370.200; -251.640
461.372;  -84.865; -509.198; -279.642
461.659;  -12.288; -165.196;  108.354
461.946;  -62.509; -445.193;  -54.651
462.233;   96.283;  842.800;  888.361
462.519; -126.543; -814.201; -464.639
462.806;  -97.613; -768.197; -497.645
463.093;  -64.381; -445.191;  -66.656
463.380; -132.950; -920.186; -824.664
463.666;  -42.688; -259.197;  -18.646
463.953;  -62.986; -406.195; -243.648
464.239;  -42.636; -173.195;  -77.648
464.526;   31.165;  413.806;  743.350
464.813;  -80.980; -565.190; -304.658
465.099;   58.891;  606.807;  607.348
465.386;   82.417;  903.807;  921.348
465.672; -102.438; -694.197; -522.645
465.959;  -93.327; -598.188; -520.662
466.245;  -79.533; -468.193; -359.652
466.532;  -31.386; -109.195;   63.352
466.818;  -42.900; -357.186; -216.664
467.104;  -86.195; -488.182; -415.672
467.391;  -80.179; -628.189; -459.658
467.677;  -56.450; -289.186;    9.335
467.964;  -88.153; -682.189; -471.660
468.250;  -65.200; -331.186; -160.665
468.536;   -9.779;   90.811;  180.341
468.822; -106.198; -821.184; -574.668
469.109;   37.891;  351.827;  471.311
469.395;   60.718;  729.808;  787.346
469.681;   -3.704;   46.811;  156.341
469.967;  -99.278; -699.188; -382.660
470.254;  -58.377; -494.188; -306.662
470.540; -101.038; -601.196; -476.646
470.826;  -61.518; -488.181; -397.675
471.112;    1.653;  288.816;  113.331
471.398;  -30.797; -253.183;  -58.670
471.684;  -89.739; -626.177; -447.680
471.970; -146.468; -918.180; -981.675
472.256;  -85.232; -521.192; -441.654
472.542;  -71.007; -499.171; -434.691
472.828;  -99.345; -743.182; -607.672
473.114;  -42.876; -380.166; -283.700
473.400;  -75.512; -504.175; -293.684
473.686;  -47.500; -452.166; -400.701
473.972;  -32.585; -230.174; -131.687
474.258; -116.259; -925.173; -843.689
474.544;  -30.016; -183.178;   -2.679
474.830;  -28.237;  -65.175;   45.316
475.116;  -43.254; -123.190; -196.658
475.401;  -78.443; -558.180; -467.676
475.687; -101.743; -725.180; -718.676
475.973;  -82.619; -673.181; -770.673
476.259;   45.913;  736.825;  764.315
476.544;  -78.213; -539.176; -437.682
476.830;  -89.758; -398.172; -322.690
477.116;  -55.214; -430.177; -336.682
477.401;   25.532;  346.820;  358.324
477.687;  -53.887; -289.175; -405.684
477.973;   -6.069;   21.819;   28.326
478.258;  -52.973; -448.163; -348.706
478.544;  -23.424;   21.815;   61.334
478.829;  -93.382; -818.171; -738.692
479.115; -101.208; -749.172; -651.690
479.401;  -54.936; -444.174; -449.686
479.686;  -43.143; -253.180;  -74.676
479.972; -104.390; -886.178; -776.680
480.257;  -52.076; -258.166;  -65.700
480.542;  -75.506; -614.170; -469.693
480.828;  132.113; 1288.824; 1392.317
481.113;  -75.513; -464.176; -426.683
481.399;  -48.594; -236.161; -202.711
481.684;  -90.826; -620.166; -462.700
481.969;  -37.417; -158.159;  -73.713
482.255;  -61.230; -439.169; -285.695
482.540;  -85.690; -569.178; -441.680
482.825;  -59.651; -395.187; -404.663
483.110;  -39.779;  -85.169; -105.696
483.396; -108.064; -840.157; -652.718
483.681;   52.565;  543.826;  730.313
483.966;  -99.718; -696.160; -700.712
484.251;  -64.085; -404.174; -310.687
484.536;  -63.925; -356.165; -378.703
484.822;  -55.810; -205.173; -218.687
485.107;  -74.159; -599.152; -502.726
485.392;   55.351;  662.836;  541.296
485.677;   -5.328;  354.832;  163.302
485.962;   13.785;  160.843;  270.283
486.247;  -15.821;  -14.162;   -8.707
486.532;  -56.176; -178.166; -325.701
486.817;   32.280;  381.839;  431.291
487.102;  -97.062; -453.154; -514.722
487.387;  -86.914; -637.156; -652.718
487.672;  -33.223; -154.164;  -38.705
487.957;  -51.344; -394.160; -286.711
488.241;  -46.682; -290.150; -314.729
488.526;  -31.909; -280.152; -148.726
488.811; -131.540; -881.177; -818.680
489.096; -103.736; -666.154; -702.723
489.381;  -21.060;    3.847;  162.275
489.666;  -67.894; -428.161; -510.710
489.950;   57.339;  558.846;  627.277
490.235;  -84.783; -480.151; -458.728
490.520; -105.719; -756.161; -723.710
490.804; -104.689; -827.156; -736.719
491.089;  -60.030; -469.149; -299.732
491.374;  -23.648; -132.164;  -75.704
491.658; -114.678; -817.147; -717.735
491.943;  -83.608; -657.152; -609.727
492.227;  -38.462; -178.155;  -38.721
492.512;  -56.965; -294.157; -341.717
492.797; -113.206; -713.149; -716.731
493.081;  -85.278; -588.147; -598.735
493.366; -100.469; -751.161; -635.711
493.650;   87.930;  831.859;  917.254
493.935;  -88.003; -648.147; -447.734
494.219;  -98.697; -778.142; -687.743
494.503; -107.431; -585.150; -487.730
494.788;  -22.191;   46.842;   74.285
495.072;   12.268;  184.850;  434.271
495.356;  -74.179; -463.148; -343.733
495.641; -114.102; -812.146; -736.736
495.925; -130.613; -976.156; -903.719
496.209;  -93.380; -599.149; -451.732
496.494;  -93.847; -763.142; -544.744
496.778;  -60.287; -364.154; -360.722
497.062; -106.513; -819.156; -627.719
497.346; -113.869; -869.160; -640.711
497.631;   39.346;  580.852;  560.266
497.915;  -16.700;  -64.145;  175.261
498.199;  -46.014; -341.157; -277.718
498.483;  -83.634; -562.152; -508.725
498.767;   20.443;  301.850;  300.271
499.051;  -43.805; -126.149; -100.732
499.335; -107.905; -693.149; -739.731
499.619;  -83.582; -381.129; -423.767
499.903;  -40.412; -272.155;  -65.721
500.187;  -89.536; -588.153; -316.724
500.471; -120.084; -796.152; -595.727
500.755;  -39.869;   62.839;  -96.710
501.039;  -63.312; -270.155; -357.721
501.323;  -14.370;  -21.141;  264.254
501.607;  -71.048; -447.163; -503.706
501.891;  -91.939; -607.156; -512.718
502.174;  -99.449; -726.144; -585.741
502.458;  -22.058;   89.849;  370.273
502.742;  -43.717; -180.138; -191.751
503.026;  -65.678; -412.147; -254.734
503.310;  -67.918; -437.159; -375.713
503.593;  -65.153; -464.147; -325.735
503.877;  -45.536; -232.133; -156.760
504.161;  -44.010;    2.847;  -50.724
504.444;  -98.191; -841.158; -710.716
504.728;  -97.348; -487.164; -522.704
505.012;  -39.482; -257.150;  -76.729
505.295;  -57.469; -417.161; -212.711
505.579;  -50.413; -256.156; -496.719
505.862;  -74.901; -555.145; -333.738
506.146; -107.542; -681.159; -758.714
506.429;   33.458;  568.841;  461.286
506.713; -108.007; -732.151; -667.728
506.996;  -21.812;   90.846;  295.278
507.280;  -85.774; -633.165; -474.703
507.563;  -74.013; -469.155; -261.721
507.847;  -68.410; -423.153; -112.724
508.130;  -90.394; -665.161; -456.711
508.413;  -97.677; -758.167; -577.700
508.697;  -32.752; -151.167;   12.300
508.980;  -71.485; -422.153; -312.724
509.263;  -85.588; -466.155; -450.720
509.547;  -34.182; -124.150;   82.271
509.830;  -33.144; -172.160;  140.289
510.113;    4.287;  128.844;  298.281
510.396;  -87.059; -530.152; -300.725
510.680; -122.051; -818.145; -812.738
510.963;   -8.236;  184.846;  180.277
511.246;  -81.756; -493.150; -357.730
511.529;  -71.975; -482.145;  -83.739
511.812;  -47.237; -250.134;   10.241
512.095;  -97.583; -740.151; -396.728
512.378;  -60.553; -317.147; -245.736
512.661; -105.316; -703.137; -623.753
512.944;  -97.772; -750.142; -637.744
513.227;  -61.266; -170.137; -171.752
513.510;  -62.299; -479.144; -671.741
513.793;  -83.795; -485.140; -435.747
514.076;  -16.104;  -43.127;  -39.771
514.359;  -58.180; -294.149; -135.732
514.642;  -71.572; -442.142; -567.744
514.925;   36.380;  581.860;  561.253
515.208;  -78.362; -498.134; -443.758
515.491;  -53.810; -276.133; -182.761
515.773;  -69.123; -410.143; -337.742
516.056;    8.560;  249.864;  409.246
516.339; -116.989; -754.136; -652.755
516.622; -108.031; -518.150; -488.730
516.904;   95.203;  882.857;  975.257
517.187; -122.966; -730.138; -523.752
517.470;  -75.723; -568.143; -510.743
517.752;  -89.564; -624.136; -470.756
518.035;  -94.193; -708.139; -725.749
518.318; -134.364; -799.136; -744.755
518.600;  -70.185; -300.132; -325.762
518.883;   -9.872;  310.858;   88.256
519.165; -100.367; -585.138; -426.751
519.448;  -32.460;  -61.132;  -19.762
519.730;  -86.528; -573.126; -415.773
520.013;   51.339;  588.867;  664.240
520.295;  -37.962;  -94.134;  -15.759
520.578;  -68.208; -335.131; -305.764
520.860;  -39.785; -254.132;   56.238
521.143; -120.489; -763.135; -584.756
521.425;  -64.051; -251.125; -279.775
521.707;  -91.629; -622.127; -380.771
521.990;  -26.004; -199.127;  167.229
522.272;  -34.669; -116.140;   -4.748
522.554;  -44.448; -237.143; -157.742
522.836;  -33.837;  -24.134;   99.241
523.119;  -76.178; -496.148; -189.734
523.401;  -86.957; -448.130; -314.766
523.683; -120.766; -865.137; -693.753
523.965;   -5.667;  408.862;  260.248
524.247;  -13.023;   54.878;  170.220
524.529;  -95.837; -451.134; -367.759
524.812;  -32.382;   -3.130;  191.234
525.094; -125.467; -773.138; -631.751
525.376;  -42.750; -143.124;   78.223
525.658;  -88.215; -441.136; -339.754
525.940; -133.284; -805.131; -671.764
526.222;  -59.239; -188.136;  -88.755
526.504;  -36.259; -190.131;   32.237
526.786; -144.661; -960.133; -647.760
527.068;  -53.074; -124.123;  -67.778
527.349; -135.565; -865.137; -774.754
527.631;  -30.110; -137.132;   22.238
527.913;  -97.379; -664.127; -450.771
528.195; -119.827; -761.125; -639.774
528.477;  -34.187;  -93.134;  -30.758
528.759; -104.007; -648.130; -522.766
529.040;  -95.249; -569.123; -293.778
529.322;  -58.001; -235.125;  -10.774
529.604;  -38.457;  -47.130;   93.233
529.886;  -89.378; -546.126; -302.773
530.167;  -33.933;  232.870;  192.235
530.449;  -24.803;    1.853;   63.265
530.731; -106.548; -572.122; -459.779
531.012;  -76.820; -513.120; -216.784
531.294;  -57.690; -118.116;  -43.792
531.575;   20.424;  290.875;  538.225
531.857;  -95.513; -548.135; -266.757
532.138;  -50.845; -113.141;   40.254
532.420;  -12.164;  294.865;  403.244
532.701; -116.161; -722.133; -751.760
532.983;   -3.211;  232.867;  182.239
533.264;  -25.553; -243.126;  175.228
533.546;  -99.389; -491.136; -508.755
533.827;  -33.011;  173.867;   -1.759
534.109;  -82.738; -352.135;  -80.757
534.390; -110.284; -725.132; -582.762
534.671;  -62.364; -270.135;  -82.756
534.953; -121.424; -751.123; -611.779
535.234;  -81.992; -426.117; -255.789
535.515; -132.169; -891.119; -735.785
535.796;  -80.579; -431.128; -193.770
536.078; -155.425;-1050.124; -904.777
536.359;  -45.049;  -22.123;    3.221
536.640;  -83.177; -480.125; -197.774
536.921;  -10.306;  225.871;  143.232
537.202;  -40.517;  -87.138;  -16.751
537.483;  -12.658;  251.869;  377.236
537.764;  -14.083;   17.870;   98.235
538.045; -111.312; -543.134; -371.758
538.326;  -91.831; -596.129; -447.768
538.607; -113.003; -686.127; -476.771
538.888;  -34.796;   98.879;    5.218
539.169; -121.997; -704.122; -535.781
539.450;  -13.506;  236.871;   16.233
539.731;  -83.646; -361.121; -182.783
540.012;   -9.545;  199.880;  412.216
540.293;  -40.950;   82.876;  158.224
540.574; -138.387; -895.113; -717.796
540.855;    9.479;  435.879;  377.218
541.136;   -8.098;   47.878;  139.220
541.416;  -80.407; -161.130; -220.766
541.697;  -64.284; -274.131; -170.763
541.978;  -71.938; -270.135; -315.757
542.259;  -65.279; -211.127; -236.771
542.539;  -65.041; -191.116; -186.790
542.820;   21.999;  461.875;  480.225
543.101;  -48.926;  -52.145;  -77.738
543.381; -131.904; -638.127; -591.771
543.662;  -29.604;  159.873; -254.771
543.942; -134.179; -751.127; -830.770
544.223;  -27.022;  193.878;  161.219
544.504;  -81.325; -275.124; -182.777
544.784; -110.003; -592.126; -408.773
545.065;  -78.290;  104.884; -254.791
545.345;  -25.244;  227.881;   14.215
545.626;  -33.637;  -14.113; -108.796
545.906;  -32.283;   77.869;   98.235
546.186;  -55.202;   92.874;  -95.773
546.467;  -59.174;   99.877;  -95.778
546.747;   -5.641;  264.884;  327.210
547.027;  -46.300;   91.876;  111.223
547.308; -102.254; -376.127; -530.770
547.588;   -1.181;  299.871;  371.232
547.868;   20.542;  458.870;  588.235
548.149;   33.111;  609.885;  593.207
548.429;  -65.429; -347.127; -299.771
548.709; -104.995; -645.120; -461.784
548.989;  -27.718;   84.882;   88.213
549.269;  -37.510;   10.868;  139.239
549.550;  -22.399;  215.877;  117.222
549.830; -139.860; -758.111; -556.799
550.110;  -77.409; -468.110; -320.801
550.390;  -70.198; -128.122;  -56.779
550.670; -143.863; -868.114; -783.795
550.950; -104.896; -509.121; -471.782
551.230;   37.028;  549.879;  460.218
551.510; -101.046; -381.121; -326.782
551.790;  -45.632; -173.109; -127.803
552.070;   80.651;  940.877; 1181.223
552.350;  -78.443; -492.119; -377.786
552.630;  -20.897;   -2.121;   77.219
552.909;  -34.865;  181.884;   73.209
553.189;  -45.734;  -49.132;   33.237
553.469; -104.919; -703.119; -514.786
553.749;  -96.303; -469.127; -357.772
554.029;  -46.991;   33.883;  -24.790
554.308;  -53.464; -154.115;  -37.794
554.588;  -72.304; -196.128; -204.770
554.868;  -68.521; -366.121;  -47.782
555.147;  -56.714; -114.115;  -46.793
555.427;  -87.840; -260.116; -250.792
555.707;  -65.739; -284.115; -200.793
555.986; -124.659; -719.111; -538.800
556.266;  -23.866;   23.884;   72.210
556.546; -131.221; -888.121; -675.782
556.825; -119.388; -657.114; -556.794
557.105;  -48.905; -125.128;   17.230
557.384;  -34.065;  122.884;  187.209
557.664; -120.640; -717.116; -508.792
557.943;  -90.696; -557.121; -411.782
558.222;  -86.342; -345.118; -344.788
558.502;  -56.789; -116.115;  -76.793
558.781;  -13.414;  194.885;  499.208
559.061;  -67.567; -232.118; -227.788
559.340;   -2.692;  302.883;  353.211
559.619;  -32.066;   93.884;  148.210
559.899;  -77.291; -239.117; -266.789
560.178; -112.664; -778.115; -593.793
560.457; -126.366; -623.117; -562.790
560.736; -104.034; -472.111; -482.800
561.015; -112.855; -500.128; -502.769
561.295;  -31.930;  180.893;  215.193
561.574;  -37.064;  119.885;  116.207
561.853;   -4.757;  274.891;  303.197
562.132;  -45.913;  -45.114;  182.206
562.411;   30.578;  396.879;  553.219
562.690; -105.039; -592.115; -458.792
562.969;   43.039;  472.888;  630.203
563.248;  296.853; 2966.878; 2487.219
563.527;  -69.134; -290.111; -408.800
563.806; -119.429; -650.127; -521.771
564.085;  -55.578; -297.105; -206.810
564.364; -107.191; -594.117; -405.790
564.643;  -73.597; -276.121; -223.781
564.922;  -12.983;  221.890;  397.198
565.201; -124.657; -640.109; -700.803
565.479;  -82.815; -297.115; -219.792
565.758; -151.455; -810.128; -712.770
566.037;  -56.032; -155.109; -100.803
566.316;  -57.515; -286.116;  -28.791
566.595;  -39.564;  -17.115;  -12.793
566.873;   19.066; -166.111;  -79.801
567.152; -105.636; -490.113; -590.797
567.431;  -49.966; -113.116;    6.210
567.709;  -71.980; -344.107; -212.807
567.988; -133.863; -810.114; -769.794
568.266;  -55.739; -160.115;  -68.793
568.545; -101.221; -644.100; -514.819
568.824;  -16.240;  160.885;  356.208
569.102;  -79.688; -351.114; -235.794
569.381;  -95.940; -492.116; -407.792
569.659; -103.637; -553.113; -553.796
569.938; -113.772; -743.122; -465.780
570.216;  -60.782; -225.109; -225.804
570.494; -111.863; -632.114; -572.795
570.773;   -9.671;  202.879;  114.218
571.051;  -77.174; -373.123; -357.778
571.330;  -66.462; -221.113; -174.796
571.608;  -60.619; -181.098; -173.823
571.886; -113.835; -671.111; -581.799
572.164; -130.146; -739.121; -621.782
572.443; -101.527; -562.105; -512.811
572.721;  -83.941; -399.117; -289.790
572.999;  -75.142; -280.117; -168.788
573.277;    1.072;  379.894;  620.191
573.555;  -37.878;   94.894;   37.190
573.834;  -68.767;  -86.117; -114.788
574.112;   72.296;  880.893;  811.193
574.390;  -46.684; -143.111;  -96.801
574.668;  -56.336;  -91.112;  -61.797
574.946;  -63.278; -165.106; -187.810
575.224;  -36.382;   71.891;  -16.803
575.502;  -57.815; -200.116; -204.791
575.780; -122.536; -767.112; -829.798
576.058;   83.716; 1589.889; 1004.200
576.336;  -78.883; -210.110; -129.801
576.614; -104.686; -511.112; -340.798
576.891; -108.739; -711.115; -823.794
577.169;  -76.831; -158.108; -285.805
577.447;    1.821;  169.893;  202.193
577.725;   21.815;  629.888;  854.201
578.003;  -74.210;  -71.112; -371.798
578.280;  -66.526; -208.104; -242.812
578.558; -100.189; -450.115; -422.793
578.836;  -71.463; -210.114; -145.795
579.114; -122.236; -630.112; -670.797
579.391;  -51.867;   -6.117;  -18.789
579.669; -101.488; -595.114; -704.794
579.947;  -72.230; -326.107; -127.806
580.224; -110.655; -692.107; -524.806
580.502;  -47.604;  127.893;   76.193
580.779;  -33.716;  -42.117;   75.210
581.057; -104.132; -584.109; -470.804
581.334; -120.724; -726.102; -695.815
581.612;   -5.678;   54.895;  511.190
581.889;  -60.122;  -83.101; -129.818
582.167;  -68.845; -298.099; -190.821
582.444; -124.298; -845.102; -814.817
582.721;   38.652;  657.899;  715.183
582.999;  -49.370; -326.100; -167.821
583.276; -142.123; -812.123; -713.779
583.553;  -68.173; -364.102; -294.816
583.831; -133.301; -607.104; -631.812
584.108;   -1.356;  349.892;  174.195
584.385;  -66.349; -122.102;  -98.815
584.662; -114.684; -651.111; -828.801
584.940;  -27.259;  204.889;  204.199
585.217;  -74.637;  -73.113; -303.796
585.494;  -28.283;   71.890;  118.198
585.771;  -74.857; -250.109; -354.804
586.048;  -76.112; -196.113;  -76.796
586.325; -119.383; -721.110; -773.801
586.602;  -14.426;  230.896;  213.188
586.879; -107.096; -499.100; -580.820
587.156;  -67.827; -156.105; -331.810
587.433; -121.298; -701.102; -667.817
587.710;  -23.936;  152.888;  234.202
587.987;  -86.577; -264.105; -236.811
588.264;   -9.586;  315.888;  387.202
588.541;  -44.801;  -61.104;   26.187
588.818;  -39.131;   72.892;  171.196
589.095;  -55.251; -163.104; -174.812
589.371; -109.757; -459.109; -414.804
589.648;  -92.004; -581.107; -437.807
589.925; -108.137; -517.114; -621.795
590.202; -129.386; -741.112; -607.798
590.478;  -69.577; -166.105;  -73.811
590.755;  -53.155; -241.108; -132.806
591.032; -126.958; -741.110; -699.802
591.308; -140.538; -732.094; -790.831
591.585; -104.258; -573.110; -560.802
591.862; -141.873;-1056.102; -950.817
592.138;  -98.631; -475.108; -474.805
592.415;  -91.676; -486.104; -495.813
592.691;   14.524;  460.896;  518.188
592.968;  -66.318; -208.098; -123.824
593.244; -127.766; -695.116; -595.790
593.521;  -62.198; -105.102;  -42.817
593.797; -143.848; -810.122; -720.780
594.074; -111.067; -611.096; -588.826
594.350;   36.885;  828.905;  729.172
594.626;  -59.159; -303.111; -283.801
594.903; -113.398; -643.101; -645.817
595.179;    3.500;  243.896;  418.187
595.455;  -72.054; -136.107; -150.807
595.731;  -50.600;  -19.103;  -38.814
596.008; -108.484; -464.111; -434.800
596.284;  -65.646; -187.100; -242.820
596.560; -107.562; -501.093; -493.833
596.836;  -61.752; -173.105;  -70.810
597.112; -100.831; -582.108; -437.805
597.388;  -43.692;  -49.097;  -48.826
597.665;  -12.161;  437.887;  530.203
597.941; -122.933; -572.089; -658.839
598.217;  -67.633; -323.110; -293.802
598.493;  -62.006;   61.891; -204.804
598.769;  -66.596; -175.100;  -50.819
599.045; -107.580; -490.108; -562.806
599.321;  -86.121; -193.100; -261.820
599.597;  -91.006; -355.109; -476.804
599.872;    2.849;  409.896;  429.187
600.148;  -51.692;  -61.097; -172.826
600.424;  -21.980;   91.893;  202.193
600.700;  -66.204; -170.107; -280.807
600.976; -101.518; -442.097; -464.825
601.252;  -88.507; -226.109; -272.803
601.527; -146.050; -833.104; -840.813
601.803;  -78.776; -453.105; -404.812
602.079;  -59.371; -124.100; -118.819
602.354; -100.111; -620.092; -531.835
602.630;  -73.787; -140.113; -482.796
602.906; -139.747; -910.101; -863.818
603.181; -113.893; -627.119; -534.786
603.457;  -50.992;   98.903; -278.826
603.733; -119.271; -605.120; -626.783
604.008;  -60.003; -245.106; -164.810
604.284;  -46.323; -636.101; -580.817
604.559;  -46.185;   -3.112;  -42.799
604.835;  -78.252; -163.105; -225.810
605.110; -139.920; -732.099; -892.821
605.385;    2.838;  224.907;  267.167
605.661; -129.015; -625.095; -729.829
605.936; -129.430; -664.108; -737.806
606.211;  -37.349;  -17.103; -170.815
606.487;  -82.738; -329.114; -376.794
606.762; -125.643; -791.119; -745.786
607.037;  -93.027; -501.105; -433.810
607.313; -110.191; -589.096; -574.828
607.588;  -68.053; -375.106; -137.810
607.863;  -44.772;  -28.101; -143.818
608.138;   28.717;  513.890;  516.198
608.413; -113.444; -576.099; -592.822
608.688;  -80.606; -203.108; -267.805
608.964;  -70.804; -509.106; -218.809
609.239;  -68.153; -107.105; -212.810
609.514;  -14.502;  281.895;  240.188
609.789; -134.951; -187.104; -716.812
610.064;  -95.241; -435.096; -609.827
610.339; -149.832; -855.109; -799.804
610.614;  -62.346; -131.100; -315.820
610.889;  -33.651;  215.895;  107.188
611.163;  -98.826; -407.104; -591.812
611.438;  -78.663;   81.886; -167.794
611.713; -102.298; -467.101; -499.817
611.988;  -59.347; -144.101; -328.818
612.263; -138.799; -771.102; -717.815
612.538;   15.088;  385.887;  251.204
612.812; -128.571; -832.100; -911.820
613.087;  -58.569; -358.098; -338.823
613.362; -105.204; -497.107; -557.807
613.637;  -17.225;  261.897;  138.186
613.911;  -81.661; -256.092; -345.835
614.186;  -92.579; -249.107; -292.807
614.460; -142.548; -842.081; -758.854
614.735;  -48.305;  -55.087;  -17.843
615.010;  -57.531;   43.912;  -82.841
615.284;   -2.856;  360.892;  246.195
615.559; -134.011; -792.092; -955.835
615.833;  -52.995;  -76.099;  -87.822
616.108;  -78.509; -225.090; -390.837
616.382;   -4.355;  274.913;  402.156
616.656;  -51.959; -241.090; -232.837
616.931; -137.195; -785.099; -700.822
617.205; -155.975; -973.104; -979.813
617.480;  -46.726;  -91.125;    6.225
617.754;  -88.951; -396.125; -128.774
618.028;  -91.306; -369.129; -382.768
618.302;  -24.131;   73.892;  -25.805
618.577; -110.899; -371.103; -518.815
618.851;  -93.557; -399.109; -600.803
619.125;  -84.062; -335.134; -378.759
619.399;  -67.375; -244.104; -374.813
619.673;  -79.565; -330.115; -515.792
619.947;  -91.038; -333.114; -448.795
620.222;  -76.534; -198.110; -204.801
620.496;  -53.996;  -47.121;  -96.782
620.770;  -65.822; -187.122;  -93.781
621.044;   -2.352;  323.895;  346.190
621.318; -122.446; -653.120; -614.783
621.592;  -90.046; -430.121; -409.783
621.866; -113.210; -476.112; -572.799
622.140;  -64.815; -207.116; -356.791
622.413;  -25.710;  138.889;  112.200
622.687;  -96.098; -746.101; -492.817
622.961;  -45.981; -130.108; -143.805
623.235; -108.134; -633.111; -661.800
623.509; -156.077; -816.105; -848.811
623.783;  -23.005;  -12.107;   48.193
624.056;  -82.571; -254.120; -280.783
624.330;  -23.361;   63.888;   -3.797
624.604;  -72.991; -271.116; -355.790
624.877;  -22.808;  180.890;   26.198
625.151;  -70.963; -249.114; -238.794
625.425;  -63.900; -150.103; -283.814
625.698;  -99.019; -367.119; -374.785
625.972; -130.533; -799.110; -765.802
626.245;    3.884;  685.884;  484.210
626.519;  -76.470; -426.120; -340.784
626.792;  -77.279; -192.107; -380.807
627.066; -113.473; -485.122; -662.779
627.339; -128.858; -736.110; -663.802
627.613;   -9.220;  351.880;  148.216
627.886;  -17.557;  187.891; -612.803
628.160;  -62.071;  312.880; -161.783
628.433; -132.051; -695.125; -703.775
628.706; -102.145; -517.120; -615.784
628.979;  -15.700;  296.876;  117.223
629.253; -151.419; -785.119; -833.786
629.526;  -90.453; -334.126; -253.772
629.799; -103.124; -641.123; -479.778
630.072; -114.455; -497.128; -516.769
630.346; -156.916;-1115.116;-1080.790
630.619; -106.279; -467.107; -545.808
630.892;   34.166;  709.889;  593.200
631.165;   32.900;  790.896;  679.187
631.438; -172.010;-1092.112;-1055.798
631.711;   -1.523;  453.877;  257.221
631.984;  -97.666; -523.117; -624.789
632.257; -114.417; -636.117; -681.789
632.530;  -83.394; -412.119; -433.785
632.803;  -24.864; -109.115;    7.207
633.076;  -89.499; -360.123; -422.777
633.349;  -33.380;  173.872;  121.231
633.622;  -76.119; -187.119; -240.785
633.895; -156.021; -903.120; -823.783
634.167;  -96.653; -496.126; -525.773
634.440;  -53.340;  -19.116; -137.792
634.713;  -36.819;  -22.119; -120.786
634.986;   24.244;  593.871;  453.233
635.258;  -96.864; -507.115; -597.793
635.531;   40.283;  742.882; -343.788
635.804;  -69.817; -303.117; -318.789
636.077; -147.390; -830.116; -852.791
636.349; -120.714; -586.115; -474.793
636.622;  183.847; 1695.874; 1392.228
636.894; -103.395; -474.120; -909.784
637.167; -139.479; -836.127; -789.771
637.439;  -45.779; -278.128; -213.770
637.712;  -90.603; -312.126; -293.772
637.984; -112.990; -635.116; -707.791
638.257;   19.126;  515.877;  488.222
638.529; -138.676; -881.125; -924.776
638.802; -118.480; -508.128; -449.769
639.074; -165.922; -927.122; -952.781
639.346; -165.213; -942.135; -930.757
639.619;  -27.022;  -79.142; -319.744
639.891;  -53.148;  -83.122; -168.779
640.163; -108.623; -689.122; -756.780
640.435;  -31.448;  273.878;  103.220
640.708;  -48.797;  -72.122; -132.780
640.980;  -96.322; -366.122; -362.781
641.252;  -44.172;  -25.121;  -71.781
641.524;   22.978;  580.879;  573.219
641.796; -150.971;-1094.121; -907.782
642.068;  -88.496; -191.121; -300.782
642.340;  -99.346; -486.121; -566.783
642.613;  -12.396;  294.880;  323.217
642.885; -133.745; -787.120; -878.783
643.157; -138.470; -810.120; -658.784
643.428;  -12.420;  170.880;  218.216
643.700;  -89.620; -498.120; -425.784
643.972;  -47.569;  -16.119; -133.785
644.244; -106.919; -474.119; -559.785
644.516;  -57.919; -250.119; -114.786
644.788;   27.206;  662.881;  548.214
645.060;  -42.343;  -12.119; -124.786
645.332; -111.993; -525.118; -535.787
645.603;    5.182;  479.882;  342.213
645.875; -104.493; -334.118; -369.787
646.147;  129.933; 1487.882; 1242.212
646.418; -171.367; -931.117; -918.788
646.690; -129.442; -714.117; -715.789
646.962; -104.717; -413.117; -451.789
647.233;  -29.316;   15.883;   11.211
647.505; -111.441; -595.117; -475.790
647.776;   -0.691;  328.884;  229.210
648.048;  -85.941; -248.116; -418.790
648.320; -127.465; -752.116; -679.791
648.591; -171.340;-1055.116; -958.791
648.862;  -94.490; -505.116; -577.792
649.134;  -19.390;  115.885;  198.208
649.405; -100.314; -661.115; -618.792
649.677; -114.539; -475.115; -598.793
649.948;  -57.739; -181.115; -296.793
650.219;  -41.564;  -37.115; -147.793
650.491;  -87.188; -431.114; -520.794
650.762; -136.188; -705.114; -731.794
651.033; -101.963; -437.114; -424.795
651.304; -148.088; -743.114; -728.795
651.576; -119.512; -680.114; -645.795
651.847;  -79.762; -250.113; -140.796
652.118;  -41.412;  -32.113; -189.796
652.389; -121.362; -639.113; -722.796
652.660;  -51.886; -147.113;  -89.797
652.931; -151.861; -897.112; -871.797
653.202;  -96.686; -382.112; -541.798
653.473; -114.961; -633.112; -533.798
653.744; -104.710; -595.112; -590.798
654.015;  -93.735; -356.112; -303.799
654.286; -116.010; -642.111; -663.799
654.557; -109.610; -586.111; -521.799
654.828; -169.434;-1114.111;-1088.800
655.099;  -93.684; -404.111; -291.800
655.370; -100.059; -427.111; -543.801
655.641; -134.009; -656.110; -714.801
655.911; -112.483; -618.110; -638.801
656.182;   -7.858;  437.890;  387.198
656.453;   43.017;  830.890;  746.198
656.724;  -93.658; -466.110; -426.802
656.994;  -95.832; -553.109; -568.803
657.265; -147.857; -862.109; -873.803
657.536;  -99.157; -500.109; -377.804
657.806; -126.057; -561.109; -593.804
658.077; -148.306; -866.109; -950.804
658.347; -114.856; -523.108; -598.805
658.618; -128.406; -646.108; -694.805
658.888;  -53.056;  -41.108;  112.195
659.159;  -86.055; -432.108; -548.806
659.429;  -95.080; -292.108; -349.806
659.700;  -87.430; -435.107; -390.807
659.970;  -97.405; -370.107; -359.807
660.241; -135.979; -754.107; -921.807
660.511;  -67.604; -147.107; -174.808
660.781; -120.779; -793.106; -748.808
661.052;  -87.529; -222.106; -381.808
661.322;  -34.428;   21.894;   -9.809
661.592;  -11.878;  257.894;  148.191
661.862;  -85.178; -369.106; -382.810
662.133; -107.603; -551.105; -502.810
662.403; -139.152; -770.105; -676.810
662.673;  -68.977; -256.105; -213.811
662.943; -109.602; -612.105; -551.811
663.213;  -53.177;  -85.105;  -81.811
663.483; -102.126; -593.104; -568.812
663.753;  -81.076; -194.104; -152.812
664.023;  -32.276;   68.896;  -32.813
664.293;  -95.651; -319.104; -126.813
664.563; -118.575; -694.104; -648.813
664.833; -134.950; -743.103; -608.814
665.103; -136.325; -730.103; -793.814
665.373; -141.125; -766.103; -806.814
665.643; -149.899; -863.103; -918.815
665.913; -125.699; -534.103; -714.815
666.182; -123.174; -685.102; -719.816
666.452;  -64.824;  -22.102;  -89.816
666.722; -131.798; -724.102; -784.816
666.992; -161.498; -948.102; -921.817
667.261; -144.148; -824.102; -808.817
667.531;  -39.798;  134.899;   45.183
667.801;  -78.272; -440.101; -412.818
668.070;   25.478;  714.899;  697.182
668.340; -135.397; -883.101; -840.819
668.609;   18.253;  588.900;  301.181
668.879; -116.221; -490.100; -558.819
669.149; -110.021; -539.100; -516.820
669.418; -116.121; -698.100; -726.820
669.688; -116.821; -482.100; -666.820
669.957; -103.820; -423.099; -546.821
670.226;  -97.020; -268.099; -331.821
670.496; -106.570; -431.099; -635.822
670.765; -105.420; -418.099; -501.822
671.034; -147.094; -872.099; -828.822
671.304;  -35.844;   55.902; -111.823
671.573; -176.419;-1085.098; -957.823
671.842;  -89.918; -380.098; -294.823
672.112; -115.668; -692.098; -586.824
672.381;  -68.718; -239.098; -214.824
672.650; -160.168;-1005.097;-1021.825
672.919; -132.067; -631.097; -507.825
673.188; -136.592; -681.097; -878.825
673.457; -181.392;-1101.097;-1143.826
673.726; -106.242; -579.096; -646.826
673.995; -104.866; -533.096; -479.826
674.265;  -75.866; -263.096; -333.827
674.534;  -70.416; -183.096; -235.827
674.802; -100.216; -618.096; -703.828
675.071; -160.865; -886.095; -801.828
675.340;  -99.240; -464.095; -339.828
675.609;  -32.840;  103.905;   82.171
675.878; -150.815; -949.095; -893.829
676.147;  -54.189;  -26.095;   -8.829
676.416;  -81.014; -210.094; -294.830
676.685;   79.461; 1000.906; -622.830
676.953; -114.639; -603.094; -452.831
677.222;  -69.763; -193.094; -273.831
677.491;  -63.763;  -24.094; -127.831
677.759;  -42.163;   11.907;  172.168
678.028;  -69.488; -279.093; -222.832
678.297;  -48.187;   71.907;  197.168
678.565; -149.812; -898.093; -944.833
678.834;  -89.237; -311.093; -268.833
679.102; -102.737; -411.092; -391.834
679.371; -155.561; -898.092; -727.834
679.639; -132.736; -797.092; -786.834
679.908; -123.561; -794.092; -724.835
680.176; -175.886; -895.091; -941.835
680.445;  -90.110; -346.091; -352.835
680.713;  -51.060;  -58.091;  -23.836
680.982; -116.635; -523.091; -525.836
681.250; -112.035; -578.091; -507.837
681.518; -130.959; -534.090; -751.837
681.787;  -68.609; -204.090; -167.837
682.055; -114.934; -490.090; -422.838
682.323; -158.534; -993.090; -992.838
682.591;  -80.708; -216.090; -538.838
682.859;  -59.708;    9.911;  -35.839
683.128;  -33.483;  232.911;  497.161
683.396; -180.933;-1102.089;-1122.840
683.664;  -64.307; -241.089;   21.160
683.932;  -14.932;  144.911;  -76.840
684.200; -102.657; -576.088; -320.841
684.468;  -43.407;  -73.088; -124.841
684.736;  -67.881; -214.088; -175.841
685.004; -160.506;-1024.088; -982.842
685.272; -144.181; -880.088; -774.842
685.540; -118.256; -499.087; -557.843
685.808; -121.105; -651.087; -682.843
686.076; -158.480; -894.087; -969.843
686.343; -124.605; -601.087; -815.844
686.611;  -51.655; -195.087; -224.844
686.879; -114.629; -530.086; -553.844
687.147; -106.729; -483.086; -480.845
687.414;  -65.029;  -12.086; -169.845
687.682; -132.929; -658.086; -757.846
687.950;  -17.428;  259.915;  263.154
688.217; -130.528; -792.085; -760.846
688.485; -133.328; -632.085; -636.847
688.753;  -42.528;  -11.085; -102.847
689.020; -158.877; -820.085; -851.847
689.288; -148.227; -853.084; -787.848
689.555;  -70.427; -195.084; -148.848
689.823;  -86.802; -241.084; -345.849
690.090; -112.701; -546.084; -651.849
690.358; -163.201; -877.084; -897.849
690.625;  -33.326;  120.917;   45.150
690.892; -111.451; -403.083; -369.850
691.160;  -45.650;   72.917;  -35.850
691.427;  -31.675;  141.917;  130.149
691.694; -163.825; -855.083; -929.851
691.962; -169.000;-1177.082;-1060.852
692.229;  -40.924;  127.918;   56.148
692.496;  -29.799;  130.918;  -49.852
692.763;  -75.574; -164.082; -201.853
693.031; -129.424; -739.082; -716.853
693.298; -122.698; -509.081; -368.853
693.565;  -83.098; -155.081; -163.854
693.832;  -49.273;   -5.081;   -9.854
694.099; -128.698; -643.081; -642.855
694.366; -151.572; -882.081; -896.855
694.633; -145.797; -920.080; -633.855
694.900;  509.828; 4367.920; -114.856
695.167;  -49.947; -214.080; -380.856
695.434; -128.621; -646.080; -623.856
695.701;  -28.821;  121.921;  -61.857
695.968;  -96.446; -365.079; -361.857
696.234; -108.621; -415.079; -646.858
696.501; -134.145; -776.079; -614.858
696.768; -109.195; -554.079; -617.858
697.035; -137.220; -632.078; -667.859
697.302; -120.895; -448.078; -552.859
697.568; -107.044; -458.078; -497.859
697.835; -125.994; -683.078; -624.860
698.102; -108.769; -498.078; -407.860
698.368;    2.631;  384.923;  396.139
698.635;  -92.143;  -47.077; -424.861
698.901;  -82.043; -240.077; -348.861
699.168; -105.468; -534.077; -456.862
699.435;  -46.768;  -72.077;  -13.862
699.701; -156.167; -868.076; -764.862
699.968;  -33.042;  144.924; -441.863
700.234; -152.192; -783.076; -822.863
700.500;  -95.617; -448.076; -539.864
700.767;  -52.991;   -1.075;   26.136
701.033; -160.416;-1015.075; -963.864
701.299; -113.491; -450.075; -483.865
701.566;   21.759;  950.925;  763.135
701.832;  -52.465;  -31.075;  -76.865
702.098; -152.390;-1054.074;-1034.866
702.365; -182.240;-1098.074;-1030.866
702.631; -170.390;-1038.074;-1063.867
702.897; -137.614; -765.074; -676.867
703.163;  -12.139;  348.926;  254.133
703.429;  -84.264; -256.073; -273.868
703.695; -112.014; -796.073; -792.868
703.961;  -76.188; -214.073; -210.868
704.227; -134.313; -630.073; -725.869
704.493;   29.437;  613.927;  510.131
704.759; -108.763; -565.072; -540.870
705.025;  -70.862; -203.072; -194.870
705.291; -110.662; -666.072; -562.870
705.557;   41.913;  719.928;   34.129
705.823; -128.962; -742.072; -694.871
706.089;  -80.486; -307.071; -326.871
706.355;  -76.386; -315.071; -244.872
706.620; -146.911; -776.071; -729.872
706.886;  -90.861; -309.071; -362.873
707.152; -157.235; -818.070; -973.873
707.418; -190.585;-1153.070;-1186.873
707.683; -119.410; -550.070; -530.874
707.949; -107.935; -547.070; -578.874
708.215;  -69.109; -129.070; -207.874
708.480;  -98.059; -520.069; -420.875
708.746;  -55.984;   68.931;   28.125
709.011; -106.984; -578.069; -612.876
709.277; -123.383; -538.069; -543.876
709.542;  -92.883; -428.069; -387.876
709.808;  -70.208;  -59.068;   89.123
710.073; -116.983; -577.068; -695.877
710.339;  -87.707; -242.068; -228.877
710.604; -145.807; -780.068; -845.878
710.869;  -88.607; -277.068; -366.878
711.135; -128.182; -715.067; -628.879
711.400; -115.431; -507.067; -608.879
711.665; -102.931; -404.067; -479.879
711.931; -137.231; -661.067; -677.880
712.196; -145.831; -876.067; -954.880
712.461; -109.855; -402.066; -490.880
712.726; -146.205; -727.066; -771.881
712.991; -139.805; -647.066; -664.881
713.256;  -77.555; -350.066; -332.882
713.521; -105.854; -417.065; -381.882
713.787;  -97.629; -454.065; -472.882
714.052;  -83.429; -214.065; -400.883
714.317; -169.628;-1045.065; -981.883
714.581;  -94.353; -374.065; -268.883
714.846; -151.603; -822.064; -888.884
715.111;  -22.178;  261.936;  257.116
715.376;  -66.177;  -86.064; -223.885
715.641;  -93.577; -365.064; -367.885
715.906; -110.227;   15.936; -551.885
716.171;  -18.127;  221.937;  209.114
716.436;  -51.026;  -78.063; -104.886
716.700; -132.376; -818.063; -692.886
716.965; -133.801; -794.063; -807.887
717.230;  -96.876; -339.063; -392.887
717.494;  -67.400;  -40.062; -134.888
717.759; -131.200; -784.062; -640.888
718.024;  -22.175;  269.938;  250.112
718.288;   43.975;  685.938;  395.111
718.553; -165.599; -803.062; -977.889
718.817; -150.474; -883.061; -899.889
719.082;  -55.924; -115.061; -125.890
719.346; -166.299;-1000.061; -947.890
719.611;  -72.898; -300.061; -255.891
719.875; -132.323; -568.060; -537.891
720.140; -118.048; -453.060; -603.891
720.404;  -80.923; -136.060; -249.892
720.668;  -89.447; -475.060; -411.892
720.933;  -47.047;  146.940;  137.108
721.197; -128.297; -667.059; -600.893
721.461; -164.822; -851.059; -826.893
721.725;  -33.121;  -21.059; -250.894
721.990;  -80.246; -284.059; -204.894
722.254;  -41.871;  -26.059; -108.894
722.518;  -98.796; -286.058; -442.895
722.782; -127.345; -743.058; -594.895
723.046;   29.005;  614.942;  570.105
723.310;  -13.745;  374.942;  210.104
723.574; -129.145; -654.058; -614.896
723.838; -121.219; -576.057; -642.897
724.102;  -80.469; -226.057; -239.897
724.366; -152.619;-1032.057; -978.897
724.630; -126.644; -749.057; -571.898
724.894; -113.218; -722.057; -514.898
725.158;  -47.593;   38.944; -295.898
725.422; -104.593; -394.056; -327.899
725.685; -103.743; -441.056; -349.899
725.949; -119.867; -566.056; -519.900
726.213; -162.017; -732.056; -811.900
726.477; -161.842;-1020.055; -933.900
726.740;  -86.642; -274.055; -104.901
727.004; -100.791; -384.055; -510.901
727.268; -109.016; -442.055; -400.901
727.531; -158.441; -961.055; -775.902
727.795; -136.641; -713.054; -673.902
728.059; -115.265; -552.054; -557.903
728.322; -145.915; -841.054; -669.903
728.586; -115.415; -692.054; -701.903
728.849; -143.665; -695.053; -756.904
729.112; -143.114; -812.053; -912.904
729.376; -163.189; -959.053; -905.904
729.639; -105.589; -536.053; -536.905
729.903; -141.464; -733.053; -699.905
730.166;  -95.138; -437.052; -399.906
730.429;  -78.013; -317.052; -468.906
730.693; -105.413; -355.052; -894.906
730.956;   40.187;  810.948;  651.093
731.219;  -62.912; -310.052; -103.907
731.482; -166.962;-1003.051; -894.907
731.745; -161.437; -794.051; -935.908
732.009;  -52.512;  -30.051;   50.092
732.272; -143.611; -904.051; -771.909
732.535;  -87.311; -300.051; -310.909
732.798; -193.286;-1083.050;-1166.909
733.061; -103.461; -430.050; -456.910
733.324;  -50.060;   31.950; -180.910
733.587;   -1.885;  290.950;  365.090
733.850; -110.960; -973.049;-1050.911
734.113;  -49.360;   33.951;   32.089
734.376;  -99.084; -328.049; -447.912
734.639;   74.666; 1188.951; 1011.088
734.901;  -74.459; -180.049; -402.912
735.164; -145.959; -883.048; -837.913
735.427;  -70.083; -166.048; -355.913
735.690;  -67.133; -205.048; -234.913
735.952; -163.558; -923.048; -925.914
736.215; -179.958;-1113.048;-1009.914
736.478; -153.457; -771.047; -774.915
736.740;  -68.357;   33.953;  129.085
737.003; -134.257; -658.047; -672.915
737.266;   53.518;  -94.047;   46.084
737.528; -124.831; -682.047; -660.916
737.791;  -99.231; -316.046; -327.916
738.053;  -25.156;  465.954;  649.083
738.316;  -77.706; -162.046; -136.917
738.578; -143.980; -770.046; -736.918
738.841; -103.030; -382.046; -446.918
739.103; -133.555; -875.045; -777.918
739.365;  -63.130;   79.955;  -69.919
739.628; -143.404; -884.045; -805.919
739.890; -124.379; -758.045; -710.919
740.152; -139.704; -692.044; -754.920
740.414; -102.504; -408.044; -359.920
740.677; -114.603; -785.044; -634.921
740.939; -146.703; -587.044; -487.921
741.201; -115.003; -432.044; -572.921
741.463; -123.903; -689.043; -745.922
741.725;  -60.802;  -21.043; -199.922
741.987;  -22.902;  220.957;  116.078
742.249; -148.327; -751.043; -859.923
742.511; -137.777; -703.043; -794.923
742.773; -114.001; -546.042; -546.924
743.035;   22.449;  796.958;  533.076
743.297; -168.826; -963.042;-1013.924
743.559;  -74.251; -278.042; -262.925
743.821; -144.425; -735.042; -744.925
744.083;  -70.750;  -44.041; -149.925
744.345; -151.750; -869.041; -892.926
744.607;  -56.050;   75.959;  122.074
744.868; -124.249; -490.041; -554.927
745.130; -179.324; -994.041;-1008.927
745.392;  -51.024;   -1.040;  -44.927
745.653; -107.249; -411.040; -378.928
745.915;   64.677;  896.960;  631.072
746.177;  -75.573;   35.960;  -43.928
746.438; -121.723; -428.040; -543.929
746.700; -175.573; -947.039; -988.929
746.961; -146.647; -659.039; -740.930
747.223;  -80.122; -190.039;  -74.930
747.484; -105.297; -391.039; -471.930
747.746;  -77.622;  -23.038; -106.931
748.007; -152.471; -647.038; -689.931
748.269; -102.346; -468.038; -440.931
748.530; -124.396; -852.038; -638.932
748.791; -112.246; -354.038; -420.932
749.053;  -24.845;  286.963;  163.067
749.314;  -87.270; -236.037; -169.933
749.575; -143.670; -945.037; -905.933
749.836;  -77.395; -217.037;   86.066
750.098;  -47.744;  -60.037;  -21.934
750.359;   -7.944;  414.964;  555.066
750.620;  -67.944; -121.036; -220.935
750.881; -133.244; -585.036; -513.935
751.142; -172.118; -950.036; -938.936
751.403; -134.418; -789.036; -705.936
751.664; -178.493;-1034.035; -999.936
751.925;  -81.918; -175.035; -262.937
752.186;  -86.267; -298.035; -278.937
752.447; -136.717; -590.035; -445.937
752.708; -135.317; -532.035; -648.938
752.969; -131.417; -566.034; -576.938
753.230; -136.516; -777.034; -672.939
753.491; -142.041; -650.034; -631.939
753.751;  -45.591;  109.966;   19.061
754.012;  -19.416;  258.967;  181.060
754.273;  -72.015; -174.033;  -71.940
754.534; -127.990; -487.033; -580.940
754.794; -162.440; -926.033; -911.941
755.055;   46.711; 1051.967;  881.059
755.316; -131.564; -700.032; -566.942
755.576; -128.064; -606.032; -576.942
755.837; -116.764; -527.032; -695.942
756.097; -109.288; -530.032; -564.943
756.358; -147.588; -725.032; -770.943
756.618; -134.863; -705.031; -641.943
756.879; -100.213; -254.031; -349.944
757.139; -200.437;-1098.031;-1116.944
757.400; -133.287; -538.031; -553.945
757.660;  -98.362; -365.031; -401.945
757.920;  -75.087; -266.030; -228.945
758.181; -106.086; -468.030; -351.946
758.441; -145.786; -870.030; -809.946
758.701; -104.211; -308.030; -215.946
758.961;  -87.786; -220.030; -278.947
759.222; -118.985; -574.029; -502.947
759.482; -129.660; -683.029; -723.948
759.742; -160.560; -706.029; -547.948
760.002;  -56.060;  -83.029; -143.948
760.262;  -44.709;   50.972;  182.051
760.522; -126.109; -498.028; -574.949
760.782; -150.484; -738.028; -612.949
761.042; -122.009; -618.028; -573.950
761.302;  -74.383;   55.972;  -18.950
761.562;  -65.358; -164.027; -154.951
761.822; -131.783; -710.027; -551.951
762.082; -185.408;-1104.027;-1093.951
762.342; -110.207; -328.027; -403.952
762.601; -117.807; -567.027; -506.952
762.861;  -78.257; -281.026; -207.952
763.121;  -97.757; -406.026; -411.953
763.381; -115.456; -499.026; -485.953
763.640;  -83.831; -139.026; -307.954
763.900;  -86.906; -242.026; -203.954
764.160;  -98.356; -458.025; -491.954
764.419; -133.080; -726.025; -782.955
764.679; -142.780; -795.025; -726.955
764.939;  -75.705; -124.025; -210.955
765.198; -128.280; -608.025; -563.956
765.458; -142.779; -710.024; -612.956
765.717; -132.954; -454.024; -590.957
765.976; -103.604; -428.024; -411.957
766.236; -131.279; -475.024; -610.957
766.495;  -47.128;  260.977;   73.042
766.755; -180.628;-1090.023; -987.958
767.014; -134.928; -594.023; -665.958
767.273; -106.353; -373.023; -397.959
767.533;  -98.427; -228.023; -307.959
767.792;  -67.652; -151.022; -188.960
768.051; -103.352; -228.022; -276.960
768.310; -129.202; -546.022; -650.960
768.569;  -72.151; -161.022;    4.039
768.828;  -89.276; -285.022; -363.961
769.088; -185.701;-1050.021; -942.961
769.347; -139.901; -755.021; -599.962
769.606; -161.300; -876.021; -857.962
769.865; -190.925;-1016.021;-1033.963
770.124;  -85.550; -411.021; -336.963
770.383; -156.750; -778.020; -910.963
770.641; -127.049; -398.020; -400.964
770.900; -170.024; -953.020; -846.964
771.159; -176.399; -851.020; -951.964
771.418; -166.074; -917.020; -779.965
771.677;  -84.573; -224.019; -293.965
771.936; -149.673; -794.019; -865.966
772.194; -157.523; -465.019; -437.966
772.453;  -96.848; -213.019; -391.966
772.712;  -18.997;  416.982;  329.033
772.970;  -49.397;   32.982;   63.033
773.229;  -69.097;  -22.018;  102.033
773.488; -154.047; -814.018; -770.968
773.746;   -7.246;  296.982;  335.032
774.005;  -42.046;  190.983;  -22.969
774.263;  -34.196;  243.983;  177.031
774.522;  -86.846; -422.017; -548.969
774.780; -114.045; -484.017; -417.970
775.039; -129.320; -551.017; -531.970
775.297;  -74.670; -135.016; -351.970
775.555; -119.095; -489.016; -612.971
775.814; -144.944; -618.016; -570.971
776.072; -132.369; -749.016; -740.971
776.330; -123.369; -630.016; -520.972
776.589; -143.094; -703.015; -721.972
776.847; -151.743; -645.015; -624.973
777.105; -182.243;-1016.015;-1032.973
777.363; -105.493; -459.015; -454.973
777.621; -161.793; -660.015; -717.974
777.879;  -64.042;  -42.014;   32.026
778.138; -113.642; -554.014; -717.974
778.396; -130.117; -585.014; -526.975
778.654; -175.092;-1015.014; -970.975
778.912;  -88.691; -269.014; -371.976
779.170; -148.716; -880.013; -803.976
779.427; -183.141; -922.013; -897.976
779.685; -165.866; -880.013; -832.977
779.943; -143.840; -654.013; -593.977
780.201; -170.865; -964.012; -883.978
780.459; -140.090; -651.012; -610.978
780.717;  -89.040; -440.012; -390.978
780.974; -127.264; -449.012; -490.979
781.232;  -92.164; -358.012; -338.979
781.490; -136.914; -551.011; -472.979
781.747; -111.464; -555.011; -476.980
782.005;  -20.413;  462.989;  254.020
782.263; -176.013; -542.011;-1004.981
782.520; -106.413; -326.011; -501.981
782.778; -171.388;-1013.010;-1051.981
783.035; -186.187; -962.010; -938.982
783.293;  -75.162; -248.010; -206.982
783.550;  -85.037; -134.010; -198.982
783.808; -144.362; -764.010; -776.983
784.065; -173.061; -745.009; -874.983
784.322;  -69.861;   25.991;  -86.984
784.580; -160.286; -915.009; -771.984
784.837; -103.461; -392.009; -466.984
785.094; -152.285; -783.009; -762.985
785.352; -106.235; -304.008; -404.985
785.609; -174.660; -934.008; -839.985
785.866; -106.585; -345.008; -401.986
786.123; -140.459; -639.008; -583.986
786.380; -143.459; -665.008; -604.987
786.637; -100.634; -225.007; -380.987
786.895; -121.234; -456.007; -543.987
787.152;  -79.908; -135.007; -267.988
787.409;  -57.158; -123.007; -225.988
787.666; -116.833; -299.006; -378.988
787.923; -131.458; -616.006; -695.989
788.179; -136.232; -551.006; -584.989
788.436; -133.132; -585.006; -585.990
788.693;  -82.157;  -92.006;  -87.990
788.950;  -68.707; -125.005; -112.990
789.207; -123.231; -381.005; -372.991
789.464;  -77.731; -161.005; -301.991
789.720;  -52.331;  150.995;  110.009
789.977; -180.881;-1003.005; -671.992
790.234;  -65.505;   44.996;  -66.992
790.490; -172.905; -884.004;-1031.993
790.747;  -74.855;  -85.004;   22.007
791.004; -102.205; -426.004; -348.993
791.260; -115.479; -430.004; -560.994
791.517; -141.704; -843.003; -788.994
791.773; -126.204; -379.003; -342.994
792.030; -147.854; -596.003; -660.995
792.286; -154.128; -686.003; -636.995
792.543;  -64.728;  -74.002; -159.995
792.799; -115.478; -584.002; -382.996
793.055; -207.228;-1179.002;-1210.996
793.312; -174.477; -827.002; -816.997
793.568; -130.052; -746.002; -599.997
793.824; -103.152; -226.001; -284.997
794.081; -123.552; -447.001; -508.998
794.337; -136.926; -664.001; -561.998
794.593;  -90.426; -319.001; -271.999
794.849; -163.276; -746.001; -772.999
795.105;  -97.776; -270.000; -261.999
795.361; -113.950; -490.000; -457.000
795.617; -169.450; -875.000; -945.000
795.873; -128.700; -360.000; -407.000
796.129;  -97.375; -368.000; -306.000
796.385;  -83.000; -124.000; -156.000
796.641;    4.950;  412.000;  550.000
796.897; -147.950; -666.000; -635.000
797.153;   -6.000;  453.000;  357.000
797.409; -170.975; -785.000; -868.000
797.665; -144.075; -625.000; -732.000
797.921; -170.250; -775.000; -762.000
798.176; -149.125; -744.000; -747.000
798.432; -164.450; -824.000; -596.000
798.688; -192.050;-1174.000;-1078.000
798.943;  -79.725; -165.000; -147.000
799.199; -173.375;-1005.000; -959.000
799.455;  -11.300;  369.000;  316.000
799.710; -154.925; -813.000; -380.000
799.966;  -90.500; -162.000; -160.000
800.221; -141.725; -638.000; -721.000
800.477; -150.150; -743.000; -710.000
800.732; -169.650; -773.000; -800.000
800.988;  -39.550;  205.000;  -19.000
801.243; -103.325; -454.000; -344.000
801.498; -155.900; -814.000; -739.000
801.754;  -83.125; -289.000; -163.000
802.009;  -93.475; -257.000; -335.000
802.264; -174.800; -967.000;-1033.000
802.520;  -62.800;  222.000;   -3.000
802.775; -118.100; -524.000; -359.000
803.030;  -30.050;  395.000;  356.000
803.285; -174.725; -840.000; -903.000
803.540; -137.025; -686.000; -699.000
803.795; -128.500; -648.000; -583.000
804.051; -102.050; -279.000; -346.000
804.306;  -40.550;  168.000;  128.000
804.561;  -29.425;  451.000;  362.000
804.816;   41.125;  714.000;  861.000
805.071; -105.125; -185.000; -280.000
805.325;  -96.500; -257.000; -427.000
805.580; -166.350; -841.000; -877.000
805.835;  -83.025; -204.000; -297.000
806.090; -153.100; -760.000; -676.000
806.345;  -98.400; -344.000; -264.000
806.600; -148.800; -549.000; -632.000
806.854; -119.575; -408.000; -538.000
807.109; -118.975; -493.000; -577.000
807.364;  -90.975; -407.000; -328.000
807.618; -131.775; -415.000; -381.000
807.873; -131.750; -470.000; -494.000
808.128;  -88.850; -257.000; -518.000
808.382; -104.875; -224.000; -332.000
808.637; -116.375; -440.000; -511.000
808.891;  -86.475; -257.000; -180.000
809.146; -190.450; -902.000; -794.000
809.400; -163.450; -848.000; -923.000
809.654; -151.150; -779.000; -551.000
809.909; -171.475; -841.000; -927.000
810.163; -154.450; -813.000; -651.000
810.418; -157.775; -940.000; -861.000
810.672; -145.100; -685.000; -690.000
810.926; -177.825; -993.000; -973.000
811.180; -122.350; -439.000; -372.000
811.434;  -34.600;  240.000;  135.000
811.689; -106.425; -231.000; -365.000
811.943; -179.500; -936.000; -953.000
812.197; -166.450; -893.000; -671.000
812.451; -107.725; -379.000; -514.000
812.705; -178.250; -809.000; -619.000
812.959; -104.775; -263.000; -388.000
813.213;  -94.475; -283.000; -209.000
813.467;   -8.625;  470.000;  253.000
813.721; -162.350; -764.000; -792.000
813.975; -152.900; -826.000; -877.000
814.229;  -31.400;  430.000;  353.000
814.482; -130.575; -517.000; -566.000
814.736; -171.000; -766.000; -744.000
814.990; -159.325; -779.000; -872.000
815.244; -111.650; -228.000; -285.000
815.497; -144.325; -636.000; -601.000
815.751;  -82.175; -141.000;   82.000
816.005; -122.925; -470.000; -586.000
816.258; -113.400; -510.000; -363.000
816.512; -141.975; -693.000; -610.000
816.766;  -58.850;  121.000;  157.000
817.019;  -35.000;  148.000;  149.000
817.273; -177.575;-1000.000; -802.000
817.526;  -78.300; -206.000; -173.000
817.779; -194.575;-1049.000; -960.000
818.033; -145.000; -693.000; -807.000
818.286; -163.925; -725.000; -792.000
818.540; -112.225; -403.000; -403.000
818.793; -125.725; -402.000; -489.000
819.046; -137.675; -582.000; -520.000
819.299;  -86.000; -157.000; -166.000
819.553; -137.325; -552.000; -592.000
819.806; -185.600;-1016.000; -838.000
820.059;  -89.975; -334.000; -354.000
820.312;  -47.875;  152.000;  185.000
820.565;  -52.225;  110.000;  -27.000
820.818;  -94.250;  -59.000; -173.000
821.071; -186.025;-1041.000; -957.000
821.324; -128.575; -536.000; -540.000
821.577; -128.375; -457.000; -483.000
821.830; -108.050; -270.000; -172.000
822.083; -157.600; -733.000; -288.000
822.336;  -98.500; -261.000; -167.000
822.589; -159.800; -805.000; -688.000
822.842; -185.225; -875.000; -770.000
823.094; -204.950;-1076.000;-1114.000
823.347; -172.500; -925.000; -729.000
823.600;  -30.325;  402.000;  187.000
823.853; -104.650; -311.000; -267.000
824.105; -113.550; -331.000; -575.000
824.358; -163.800; -617.000; -716.000
824.611;  -55.300;  234.000;   40.000
824.863; -154.000; -612.000; -591.000
825.116;  -64.150;  -33.000;   27.000
825.368; -136.600; -366.000; -372.000
825.621;  -92.125; -186.000; -240.000
825.873; -148.875; -704.000; -737.000
826.126; -147.325; -669.000; -641.000
826.378; -114.000; -389.000; -505.000
826.630; -176.850; -890.000; -898.000
826.883; -153.725; -754.000; -693.000
827.135;  -96.875; -279.000; -270.000
827.387; -169.550; -893.000; -839.000
827.639;  -71.675;  -86.000;   32.000
827.892; -159.050; -742.000; -582.000
828.144; -176.700; -848.000; -804.000
828.396;  -72.100;  104.000;  -80.000
828.648; -117.700; -440.000; -333.000
828.900; -180.725; -702.000; -795.000
829.152; -143.200; -684.000; -683.000
829.404;  -99.525; -215.000; -267.000
829.656;  -22.850;  321.000;  214.000
829.908;  -42.400;  393.000;  229.000
830.160; -186.850;-1064.000;-1047.000
830.412; -144.475; -481.000; -430.000
830.664; -140.100; -557.000; -665.000
830.916; -119.075; -268.000; -206.000
831.167; -181.025;-1073.000; -951.000
831.419; -135.450; -623.000; -566.000
831.671; -163.325; -764.000; -809.000
831.923; -112.800; -311.000; -447.000
832.174; -107.575; -273.000; -331.000
832.426; -140.025; -493.000; -582.000
832.678; -205.475;-1043.000;-1091.000
832.929; -195.575; -947.000; -935.000
833.181; -133.300; -575.000; -677.000
833.432;  -80.400;  -59.000; -186.000
833.684;  -51.350;  112.000;  -27.000
833.935; -142.800; -610.000; -566.000
834.187; -145.300; -829.000; -823.000
834.438;  -80.750;  -58.000;  -25.000
834.689;  -94.550; -255.000; -123.000
834.941; -102.100; -343.000; -244.000
835.192; -132.225; -590.000; -533.000
835.443; -133.175; -419.000; -506.000
835.695;  -43.825;  138.000;  -16.000
835.946; -134.150; -608.000; -378.000
836.197; -144.700; -599.000; -622.000
836.448; -144.850; -528.000; -395.000
836.699; -101.800; -253.000; -341.000
836.950;  -71.075;   72.000;    7.000
837.201; -193.550;-1003.000; -987.000
837.452; -107.900; -356.000; -170.000
837.703; -169.625; -791.000; -737.000
837.954; -118.325; -205.000; -365.000
838.205; -179.425;-1029.000;-1008.000
838.456; -111.775; -196.000; -282.000
838.707; -111.975; -423.000; -519.000
838.958; -154.550; -634.000; -647.000
839.209;  -61.975;   18.000;   40.000
839.460; -108.025; -439.000; -201.000
839.710;  -98.900; -135.000; -297.000
839.961;    4.725;  730.000;  612.000
840.212; -121.900; -382.000; -497.000
840.462; -106.775; -328.000; -277.000
840.713; -141.925; -571.000; -536.000
840.964;  -86.250;  -62.000; -143.000
841.214; -139.675; -384.000; -624.000
841.465; -111.650; -214.000; -141.000
841.715; -109.725; -417.000; -380.000
841.966; -176.350; -746.000; -685.000
842.216; -127.050; -330.000; -431.000
842.466; -100.750; -169.000; -313.000
842.717; -186.300; -964.000; -952.000
842.967; -142.875; -635.000; -641.000
843.217;  -76.350;   20.000;   28.000
843.468; -105.500; -104.000; -132.000
843.718; -151.775; -718.000; -726.000
843.968; -183.825; -837.000; -765.000
844.218;  -98.700; -315.000; -262.000
844.469; -142.600; -577.000; -561.000
844.719; -145.650; -537.000; -682.000
844.969; -150.625; -550.000; -580.000
845.219; -175.750; -814.000; -862.000
845.469; -111.275; -392.000; -342.000
845.719; -160.425; -792.000; -884.000
845.969;  -69.050;  119.000;  174.000
846.219; -149.400; -738.000; -720.000
846.469;  -30.125;  464.000;  432.000
846.718;  -96.900; -115.000;   31.000
846.968; -165.500; -827.000; -827.000
847.218;  -92.275; -224.000; -371.000
847.468;  -49.000; -586.000; -555.000
847.718; -173.900; -827.000; -798.000
847.967; -182.950; -826.000; -915.000
848.217; -110.350; -449.000; -569.000
848.467; -122.650; -405.000; -376.000
848.716; -160.800; -708.000; -725.000
848.966; -112.425; -372.000; -358.000
849.215; -126.500; -428.000; -419.000
849.465; -166.300; -785.000; -615.000
849.714; -203.450;-1132.000;-1150.000
849.964; -137.050; -551.000; -613.000
850.213; -116.025; -393.000; -355.000
850.463;  -35.450;  137.000;  340.000
850.712; -138.600; -542.000; -567.000
850.961; -157.050; -739.000; -678.000
851.211; -127.300; -513.000; -504.000
851.460; -159.125; -635.000; -650.000
851.709;  -56.375;  -25.000;   18.000
851.958; -164.875; -912.000; -750.000
852.208; -181.300; -859.000; -879.000
852.457; -101.325; -181.000;  -13.000
852.706; -169.800; -791.000; -823.000
852.955; -134.075; -507.000; -528.000
853.204; -132.150; -521.000; -461.000
853.453; -140.950; -418.000; -458.000
853.702; -159.400; -660.000; -750.000
853.951; -145.775; -532.000; -520.000
854.200; -135.600; -613.000; -562.000
854.449; -149.900; -695.000; -661.000
854.698; -109.350; -340.000; -279.000
854.946;  -88.675; -181.000; -284.000
855.195; -165.475; -843.000; -868.000
855.444; -108.425; -395.000; -420.000
855.693; -147.375; -345.000; -432.000
855.941; -138.875; -387.000; -516.000
856.190;  -97.250; -256.000; -382.000
856.439; -156.250; -652.000; -703.000
856.687;  -78.600;  -99.000;  -72.000
856.936; -137.450; -621.000; -323.000
857.184; -188.225;-1067.000;-1020.000
857.433; -131.600; -423.000; -512.000
857.681; -176.825; -989.000; -953.000
857.930; -125.275; -282.000; -433.000
858.178; -175.175; -856.000; -929.000
858.427; -168.550; -802.000; -781.000
858.675; -125.425; -377.000; -544.000
858.923; -126.175; -527.000; -819.000
859.172; -183.775;-1094.000;-1070.000
859.420; -117.950; -339.000; -239.000
859.668; -155.500; -624.000; -628.000
859.916;  -59.875;  109.000;  115.000
860.164; -153.225; -699.000; -603.000
860.413; -175.250; -878.000; -696.000
860.661; -150.025; -709.000; -577.000
860.909; -123.400; -339.000; -325.000
861.157; -114.850; -277.000; -444.000
861.405; -161.225; -534.000; -670.000
861.653;  -19.925;  310.000;  310.000
861.901; -149.800; -543.000; -613.000
862.149; -178.075; -801.000; -824.000
862.396; -117.525; -297.000; -187.000
862.644; -108.925; -368.000; -347.000
862.892;  -56.775;   98.000;  138.000
863.140; -128.875; -549.000; -530.000
863.388; -177.325; -815.000; -759.000
863.635; -143.975; -642.000; -601.000
863.883;  -47.100;  231.000;  190.000
864.131; -121.250; -288.000; -357.000
864.378; -165.825; -675.000; -540.000
864.626; -125.775; -347.000; -415.000
864.873; -143.800; -556.000; -505.000
865.121; -159.175; -714.000; -799.000
865.368; -104.375; -173.000;   75.000
865.616;  -84.225;  -33.000;  -40.000
865.863; -130.925; -462.000; -506.000
866.111; -180.900; -795.000; -824.000
866.358; -120.350; -426.000; -420.000
866.605;  -89.150;  -64.000; -804.000
866.853; -152.725; -621.000; -537.000
867.100; -161.725; -728.000; -775.000
867.347; -154.975; -672.000; -611.000
867.594; -170.150; -740.000; -714.000
867.841;  -53.225;   97.000;   17.000
868.089; -166.025; -746.000; -698.000
868.336; -121.575; -477.000; -420.000
868.583; -156.900; -637.000; -741.000
868.830;  -88.825; -131.000; -170.000
869.077; -163.300; -859.000; -787.000
869.324; -137.250; -502.000; -458.000
869.571; -133.275; -398.000; -430.000
869.818; -138.075; -485.000; -439.000
870.065; -133.275; -439.000; -513.000
870.311; -139.225; -456.000; -542.000
870.558; -110.350; -332.000; -311.000
870.805; -102.425; -320.000; -384.000
871.052; -127.075; -494.000; -369.000
871.298;  -84.775; -204.000; -131.000
871.545;  -89.175; -151.000; -185.000
871.792; -110.100; -173.000; -222.000
872.038;  -83.675;   43.000; -126.000
872.285; -144.950; -496.000; -387.000
872.532; -120.275; -357.000; -387.000
872.778;  -28.350;  556.000;  403.000
873.025; -108.825; -384.000; -359.000
873.271;  -29.125;  501.000;  578.000
873.517;  -89.600; -133.000; -209.000
873.764;  -99.050; -193.000;  -80.000
874.010;  -98.475; -143.000; -230.000
874.257;  -77.525;  123.000;   90.000
874.503; -150.525; -579.000; -479.000
874.749;  -97.325;   31.000;  275.000
874.995;  -91.350;  -80.000;  -20.000
875.242; -155.750; -540.000; -478.000
875.488; -137.275; -414.000; -439.000
875.734; -105.925; -106.000; -234.000
875.980; -186.425; -872.000;-1032.000
876.226; -103.425; -157.000; -255.000
876.472;  -49.900;  343.000;  237.000
876.718;  -72.650;  184.000;  158.000
876.964;  -59.700;   56.000;   55.000
877.210; -167.550; -547.000; -677.000
877.456; -144.300; -630.000; -557.000
877.702; -189.850; -821.000; -832.000
877.948; -122.575; -377.000; -497.000
878.193;  -32.550;  361.000;  255.000
878.439; -139.925; -487.000; -472.000
878.685; -121.025; -272.000; -343.000
878.931; -146.600; -618.000; -676.000
879.176; -116.050; -201.000; -201.000
879.422; -188.600; -933.000; -820.000
879.668;  -80.450;   10.000;   79.000
879.913;  -77.175;   53.000;  137.000
880.159;  -86.075; -112.000;  -17.000
880.404;  -94.025; -152.000; -162.000
880.650;  -74.600;   91.000;  141.000
880.895; -162.500; -670.000; -710.000
881.141; -141.650; -454.000; -428.000
881.386; -150.775; -503.000; -658.000
881.631; -118.775; -311.000; -166.000
881.877;  -68.725;  112.000;  -13.000
882.122; -150.250; -684.000; -600.000
882.367; -106.725; -136.000; -186.000
882.612;  -91.925;  -80.000; -176.000
882.858; -173.800; -877.000; -823.000
883.103; -116.225; -297.000; -267.000
883.348; -161.775; -759.000; -852.000
883.593; -159.525; -677.000; -602.000
883.838;  -87.575; -311.000;  -24.000
884.083;  -47.275;  353.000;  288.000
884.328; -114.550; -564.000; -545.000
884.573;  -96.000; -196.000; -143.000
884.818; -156.325; -694.000; -531.000
885.063; -139.725; -348.000; -315.000
885.308; -130.825; -475.000; -398.000
885.553;  -64.750;  245.000;  325.000
885.797; -156.325; -545.000; -615.000
886.042;  -73.500;    8.000;   58.000
886.287;  -99.425; -253.000; -211.000
886.532;  -84.650;   26.000;  204.000
886.776; -109.225; -407.000; -525.000
887.021; -151.100; -621.000; -574.000
887.265; -147.825; -685.000; -689.000
887.510; -153.200; -557.000; -496.000
887.755;  -94.450; -194.000; -164.000
887.999; -163.875; -552.000; -575.000
888.244;  -78.900;  -58.000;  161.000
888.488;  -34.525;  371.000;  393.000
888.732; -132.500; -368.000; -520.000
888.977; -147.850; -622.000; -567.000
889.221; -170.950; -683.000; -659.000
889.465; -136.525; -422.000; -566.000
889.710;  -75.475;  -56.000; -299.000
889.954;  -23.250;  579.000;  467.000
890.198; -156.000; -584.000; -707.000
890.442; -161.350; -716.000; -712.000
890.687; -177.975; -800.000; -753.000
890.931; -115.800; -273.000; -210.000
891.175; -144.550; -502.000; -500.000
891.419;  -94.750; -105.000; -110.000
891.663;  -98.825; -239.000; -112.000
891.907; -178.550; -801.000; -545.000
892.151; -171.975; -920.000; -815.000
892.395; -123.150; -274.000; -387.000
892.638;  -27.875;  408.000;  291.000
892.882; -192.200; -780.000; -867.000
893.126;   -1.100;  758.000;  558.000
893.370; -106.575; -167.000; -168.000
893.614; -142.150; -714.000; -715.000
893.857; -116.150; -183.000; -197.000
894.101; -125.525; -527.000; -631.000
894.345;  -81.475;  300.000;  150.000
894.588;   -7.175;  569.000;  380.000
894.832;  -99.600; -178.000;  -84.000
895.075;  -93.525;   15.000;  -92.000
895.319; -147.525; -552.000; -420.000
895.563; -129.325; -413.000; -353.000
895.806; -165.900; -628.000; -741.000
896.049; -127.775; -576.000; -368.000
896.293;  -45.675;  527.000;  405.000
896.536; -129.450; -465.000; -468.000
896.779; -100.700; -149.000;   -1.000
897.023; -149.675; -751.000; -714.000
897.266;  -55.425;  325.000;  269.000
897.509; -186.375; -900.000; -901.000
897.752;  -70.550;  149.000;  171.000
897.996; -181.575; -972.000; -864.000
898.239;  -73.300;  168.000;  102.000
898.482; -137.050; -431.000; -453.000
898.725;  -89.075;  101.000;   53.000
898.968; -159.200; -609.000; -744.000
899.211; -152.925; -513.000; -361.000
899.454; -152.950; -633.000; -539.000
899.697;  -79.600;   90.000;  -43.000
899.940; -177.325; -761.000; -757.000
900.182; -120.800; -335.000; -405.000
900.425; -105.650; -150.000; -298.000
900.668;  -52.825;  491.000;  350.000
900.911; -114.675; -292.000; -345.000
901.154;  -64.950;  141.000;   -3.000
901.396; -140.750; -407.000; -412.000
901.639; -161.025; -430.000; -496.000
901.882; -175.500; -790.000; -809.000
902.124;  -93.950;  -29.000; -143.000
902.367; -127.250; -315.000; -361.000
902.609; -149.700; -476.000; -453.000
902.852; -110.525; -108.000; -260.000
903.094; -142.150; -458.000; -337.000
903.337;  -93.650;  -26.000;   53.000
903.579; -122.300; -228.000; -441.000
903.821; -151.650; -597.000; -744.000
904.064;  -71.525;   85.000;  127.000
904.306;  -96.600; -126.000; -166.000
904.548; -118.300; -152.000; -366.000
904.790; -105.675; -195.000; -340.000
905.033; -144.775; -625.000; -577.000
905.275; -148.100; -513.000; -524.000
905.517;  -60.925;  468.000;  256.000
905.759; -172.650; -667.000; -761.000
906.001; -138.375; -322.000; -369.000
906.243; -106.075; -162.000; -224.000
906.485; -121.625; -265.000; -207.000
906.727; -151.875; -499.000; -542.000
906.969; -111.875;  -30.000; -135.000
907.211; -133.800; -316.000; -382.000
907.453; -113.275; -188.000; -237.000
907.695; -132.125; -158.000; -385.000
907.936;   -0.175;  818.000;  706.000
908.178;  -73.325;   92.000; -135.000
908.420; -117.125; -111.000; -162.000
908.662; -160.050; -633.000; -682.000
908.903; -117.000; -208.000; -123.000
909.145;  -96.950; -240.000; -305.000
909.386;  -43.550;  315.000;  280.000
909.628;  -40.350;  363.000;  397.000
909.870;  -64.075;   29.000;  264.000
910.111; -187.150; -809.000; -949.000
910.353; -125.450; -123.000; -161.000
910.594; -137.000; -574.000; -606.000
910.835; -127.825; -265.000; -326.000
911.077; -145.775; -503.000; -604.000
911.318; -139.650; -505.000; -471.000
911.559; -179.500; -577.000; -880.000
911.801; -118.550; -284.000; -280.000
912.042;  -94.600;  -50.000; -159.000
912.283;  -50.425;  404.000;  371.000
912.524; -129.025; -396.000; -457.000
912.765; -105.125; -193.000;   79.000
913.006; -121.350; -307.000; -338.000
913.247; -135.350; -270.000; -290.000
913.488;  -97.250;  -43.000;   30.000
913.729; -137.125; -373.000; -373.000
913.970; -105.925;  -96.000; -292.000
914.211; -105.150; -160.000; -198.000
914.452; -101.875; -118.000;  -11.000
914.693;  -33.125;  510.000;  592.000
914.934;  -22.000;  510.000;  440.000
915.175;  -82.500;   53.000;  -95.000
915.415;  -94.650; -137.000;   27.000
915.656; -100.425;  -28.000;  192.000
915.897; -108.875; -252.000;  -82.000
916.137; -109.600;   74.000;   -9.000
916.378; -149.925; -573.000; -517.000
916.619; -126.375; -159.000;  -63.000
916.859;  -60.225;  303.000;  330.000
917.100;   94.500; 1655.000; 1070.000
917.340;   15.350;  930.000;  728.000
917.581;   -7.250;  965.000;  789.000
917.821; -117.575; -171.000;  143.000
918.061; -117.450; -199.000;  -72.000
918.302; -101.575; -152.000; -211.000
918.542;  -83.550;  -22.000;    3.000
918.782;  -50.025;  369.000;  377.000
919.023;  -42.800;  360.000;  427.000
919.263;  459.775; 8131.000;  202.000
919.503; -114.375; -137.000;  -54.000
919.743;  -50.400;  390.000;  266.000
919.983;  -99.525; -134.000;  -26.000
920.223;  -78.950;  135.000;   14.000
920.463;  -21.150;  631.000;  554.000
920.703;  -61.875;   84.000;   39.000
920.943;  -98.800; -110.000;   90.000
921.183; -137.325; -414.000; -405.000
921.423;  -46.775;  307.000;  546.000
921.663; -108.700; -174.000; -257.000
921.903;  -65.025;  237.000;  173.000
922.143;  -58.375;  372.000;  389.000
922.383;  -77.400;  158.000;  115.000
922.622;  -99.775; -120.000;  -15.000
922.862;  -16.950;  796.000;  785.000
923.102;  -80.925;  -51.000;   33.000
923.341;  -94.225;   59.000;   74.000
923.581;  -47.575;  450.000;  360.000
923.821;  -76.450;  301.000;  398.000
924.060;  -55.375;  351.000;  193.000
924.300; -105.100;  -16.000; -128.000
924.539;  -40.225;  584.000;  473.000
924.779;  -23.525;  812.000;  597.000
925.018;  -56.700;  247.000;  353.000
925.257;  -21.225;  595.000;  666.000
925.497;  -45.475;  447.000;  412.000
925.736; -102.875;  -35.000;  102.000
925.975;  -31.700;  687.000;  669.000
926.214;    4.625;  907.000;  850.000
926.454;   -0.725;  706.000;  757.000
926.693;  -63.575;  419.000;  543.000
926.932;   27.050; 1021.000;  825.000
927.171;   42.825; 1107.000; 1044.000
927.410;   36.950; 1144.000;  967.000
927.649;   -5.225;  924.000;  742.000
927.888;  -28.000;  590.000;  564.000
928.127;  -49.150;  680.000;  678.000
928.366;    2.025;  842.000;  826.000
928.605;  -15.675;  831.000;  737.000
928.844;   50.025; 1451.000; 1393.000
929.083;  -46.000;  770.000;  613.000
929.321;   67.750; 1335.000; 1359.000
929.560;   37.200; 1158.000; 1122.000
929.799;  -51.075;  574.000;  475.000
930.038;   46.275; 1025.000; 1394.000
930.276;  -54.900;  334.000;  397.000
930.515;  -21.175;  827.000;  681.000
930.753;  -28.800;  614.000;  589.000
930.992;  -35.050;  664.000;  717.000
931.230;    3.975;  847.000;  847.000
931.469;  148.175; 2162.000;  892.000
931.707;   59.500;  840.000;  751.000
931.946;   51.450; 1278.000; 1344.000
932.184;   46.125; 1437.000; 1175.000
932.423;   10.675; 1265.000;  963.000
932.661;   60.275; 1296.000; 1428.000
932.899;  -15.250;  987.000;  821.000
933.137;   -0.625;  754.000;  564.000
933.376;   56.575; 1664.000; 1335.000
933.614;  104.700; 1759.000; 1196.000
933.852;   10.950; 1357.000; 1171.000
934.090;   91.675; 1722.000; 1747.000
934.328;   39.550; 1252.000; 1457.000
934.566;   38.625; 1431.000; 1110.000
934.804;   31.500; 1263.000; 1309.000
935.042;   89.525; 1861.000; 1850.000
935.280;  112.450; 2088.000; 2063.000
935.518;  131.050; 2113.000; 2007.000
935.756;  136.625; 2481.000; 2316.000
935.994;   75.575; 1808.000; 1751.000
936.231;  206.375; 2890.000; 2950.000
936.469;  152.150; 2367.000; 2378.000
936.707;  137.100; 2220.000; 2167.000
936.945;  197.350; 2825.000; 2882.000
937.182;  165.700; 2679.000; 2741.000
937.420;  260.550; 3602.000; 3031.000
937.657;  285.700; 3365.000; 3478.000
937.895;  273.825; 3331.000; 3488.000
938.133;  268.900; 3540.000; 3528.000
938.370;  324.500; 3896.000; 4191.000
938.607;  361.025; 4488.000; 4205.000
938.845;  512.650; 5587.000; 5549.000
939.082;  470.300; 5387.000; 5177.000
939.320;  503.650; 5799.000; 5728.000
939.557;  584.275; 6549.000; 6491.000
939.794;  692.525; 7285.000; 7097.000
940.031;  801.500; 8421.000; 8368.000
940.269;  912.125; 9552.000; 9107.000
940.506; 1024.900;10901.000;10507.000

