
Integration time [ms]: 100.000
Averaging Nr. [scans]: 40
Smoothing Nr. [pixels]: 0
Data measured with spectrometer [name]: 2101013U2
Wave   ;Sample   ;Dark     ;Reference
[nm]   ;[counts] ;[counts] ;[counts] 

394.013;   49.854; -450.257; -315.536
394.305;  183.152; -461.258; -419.536
394.596; 1601.978; -676.269; -527.514
394.887; 4168.823; -796.268; -654.518
395.178; 1523.860;  145.736;   11.476
395.470;   72.648; -210.263; -356.526
395.761;  159.416;  305.734;  394.479
396.052;  153.752; -545.284; -306.489
396.343;  120.936; -557.276; -454.503
396.634;   46.323; -200.279; -290.497
396.926;   33.519; -618.268; -565.517
397.217;   55.316;   11.725;  -17.504
397.508;   26.810; -366.273; -154.507
397.799;   35.073; -555.279; -571.497
398.090;    3.791; -973.280; -902.495
398.381;   67.186;   11.708;  -11.473
398.672;  -18.338; -585.292; -742.473
398.963;   29.630; -348.279; -373.498
399.254;   76.173;   54.709; -209.475
399.545;  -22.788;-1017.266; -883.520
399.836;   52.523; -407.277; -343.501
400.127;   53.507; -205.295; -209.468
400.418;   29.879; -423.274; -392.506
400.709;   45.651; -359.281; -333.493
401.000;   27.028; -268.291; -309.476
401.290;   99.306;  225.698;  115.545
401.581;   57.956; -166.286; -228.485
401.872;   22.074; -542.298; -486.462
402.163;   60.698; -313.296; -252.467
402.454;   92.399; -123.291; -163.475
402.744;   56.688; -844.297; -813.465
403.035;  258.775; -226.293;  -86.471
403.326;  352.216; -366.292; -384.474
403.617;  324.842;  204.701;  165.539
403.907;  351.733; -593.283; -679.490
404.198; 3562.150; -545.307; -599.446
404.489; 9137.239; -618.283; -588.491
404.779; 2579.610; -618.302; -660.456
405.070;  288.809;  -67.304; -174.451
405.360;  472.253; -259.293; -238.472
405.651;  465.948;  125.699;   98.542
405.942;  154.875;  209.714;  127.516
406.232;  101.417; -432.285; -413.487
406.523;  254.594;  641.706;  758.530
406.813;   45.878; -579.286; -644.484
407.104;  197.210;  261.708;  144.527
407.394;  105.218; -604.299; -591.462
407.685;  131.691;  336.715;  222.513
407.975;   70.813; -400.283; -382.490
408.265;  110.391; -134.289; -190.478
408.556;   59.045; -472.291; -459.475
408.846;  170.120;  474.706;  429.530
409.137;  101.252;   -1.288; -216.480
409.427;   77.967; -193.285; -271.487
409.717;   36.989; -776.273; -692.508
410.007;  146.884;    4.715; -170.486
410.298;  109.535; -360.295; -342.469
410.588;   86.414; -495.285; -510.486
410.878;   48.190; -792.287; -873.482
411.168;  117.102; -481.298; -478.463
411.459;  149.581; -295.283; -242.489
411.749;   88.119; -609.292; -507.474
412.039;   84.225; -755.289; -386.480
412.329;  227.714;   40.722;  132.501
412.619;  211.553;  -62.286; -148.485
412.909;  370.245;  639.711;  594.521
413.199;  318.091; -130.280; -251.495
413.490;  399.083;  521.710;  352.523
413.780;  202.271;-1013.279; -913.496
414.070;  389.412;  -46.276;  235.497
414.360;  401.709; -729.278; -666.498
414.650;  538.160; -726.288; -688.482
414.940;  736.271; -538.280; -441.496
415.230; 1229.607;   50.712;   74.519
415.520; 8569.102;  155.730;   66.486
415.809;34757.200; -305.281; -125.493
416.099;26218.775; -388.277; -229.501
416.389; 7766.076;  435.726;  236.494
416.679; 4489.302;   91.738;   85.473
416.969;  765.195; -527.287; -503.483
417.259;  643.773;  341.721;  171.503
417.549;  870.799;  522.718;  318.508
417.838; 2417.522; -205.268; -147.518
418.128; 8262.040;  650.710;  492.522
418.418; 6787.397; -491.272; -579.509
418.708; 4530.551;    9.726;  -48.506
418.997;17758.071; -474.275; -480.505
419.287;18112.109; -733.273; -790.507
419.577;17604.405; -160.283; -123.489
419.866;56580.073; -588.277; -498.501
420.156;55082.972; -242.270;  -55.513
420.446; 9151.368; -112.263;  -26.526
420.735;  890.489; -376.271; -446.512
421.025;  903.958; 1830.722;  315.502
421.314;  583.087; -203.271; -226.512
421.604;  777.638;   89.732;  233.484
421.893;  475.783; -705.271; -602.511
422.183;  282.194; -487.263; -461.526
422.472;  401.885;  -36.271; -107.511
422.762;  412.844; -416.266; -379.521
423.051;  279.288; -916.276; -916.503
423.341;  333.412; -491.273; -439.507
423.630;  431.251; -121.265;   15.477
423.919;  450.470;   58.725;   49.495
424.209;  460.050;  -31.263;   56.473
424.498;  631.769;   68.732;  161.483
424.787; 1481.927; -535.267; -601.518
425.077; 4386.074;   34.735;   29.478
425.366; 4913.307; -734.262; -744.528
425.655;13530.812;  639.727;  259.493
425.945;34413.088; -313.247; -268.554
426.234;18077.259;  117.741;  300.467
426.523; 7342.590;  -86.259; -350.534
426.812; 9971.214;  107.734;  159.480
427.101;14968.009; -127.269; -323.515
427.390;17606.651;  -55.270;  -86.514
427.680; 2656.339; -624.257; -411.538
427.969;  505.502; -330.255; -301.540
428.258;  367.829; -385.257; -477.536
428.547;  519.727;  449.728;  397.490
428.836;  815.547; -421.253; -398.543
429.125; 1129.043; -199.259;  -72.534
429.414;  819.124; -330.251; -294.548
429.703; 4536.774; -231.251; -213.548
429.992;14088.503; -938.250; -828.549
430.281; 8839.160; -397.264; -331.524
430.570;  630.163;  -21.252;   32.454
430.859;  404.940;  279.741;  352.466
431.148;  415.157;  636.752;  631.446
431.437;  299.012;  391.748;  367.454
431.725;  222.106; -544.257; -481.536
432.014;  221.456; -845.253; -756.545
432.303;  418.549; -149.239; -105.569
432.592;  550.668; -460.263; -178.525
432.881; 1419.409; -601.248; -437.554
433.169; 9557.453; -343.255;  -61.540
433.458;19406.315;  445.765;  540.424
433.747; 7553.189; -397.261; -289.529
434.036;  930.120; -275.242; -280.564
434.324; 2908.893; -395.249; -379.551
434.613; 5290.537;   40.757;  159.437
434.902; 1514.887;  333.760;  439.433
435.190;  311.647;   75.761;  295.431
435.479;  179.115;  -52.245;   83.441
435.767;   90.650; -411.244; -427.561
436.056;  214.565; -340.242; -294.563
436.345;  482.540; -372.240; -223.568
436.633;  441.063;   60.750;  383.450
436.922;  192.967;  208.760;  414.432
437.210;  259.352; -194.236;    1.426
437.499;  663.337; -583.235; -432.576
437.787;  710.027; -339.236;  -10.574
438.075;  217.429;   56.761;  162.430
438.364;  235.007;  -44.238;  250.429
438.652;  127.958; -286.226; -138.592
438.941;   78.815;    3.770;  269.415
439.229;   -4.666; -665.252; -466.545
439.517;   21.572; -160.234;  -85.577
439.806;   -1.773; -501.225; -290.595
440.094;  138.982;  377.766;  650.421
440.382;   46.261; -653.233; -302.580
440.670;   52.812; -361.235; -285.576
440.959;    8.748; -347.223; -170.599
441.247;   27.454; -151.229; -109.587
441.535;   41.620; -266.235;   31.423
441.823;    2.003; -497.234; -305.578
442.111;  161.434;  173.771;  327.412
442.400;  329.989; -628.245; -335.559
442.688;  618.306; -111.234; -620.579
442.976;  338.704; -786.213; -450.617
443.264;   59.910; -324.224; -364.597
443.552;   47.810; -258.226;   51.408
443.840;  154.994;  602.765;  876.423
444.128;   83.885;  265.767;  269.420
444.416;   -0.663; -694.228; -312.588
444.704;   14.259; -465.219;  -92.605
444.992;   60.788;   -0.226;  240.407
445.280;   16.491; -517.230;  -94.585
445.568;    6.283; -694.212; -396.618
445.856;  159.290; -174.221;  357.398
446.143;  308.979;  -54.220;   -7.604
446.431;  251.616;  -25.228;  625.411
446.719;  187.782;  489.783;  675.391
447.007;  164.384;  481.769;  705.416
447.295;  180.195;  597.777;  871.402
447.583;   91.451; -464.229;  -34.587
447.870;  113.761; -434.221; -202.601
448.158;  250.614; -104.230;  129.415
448.446;  172.856; -800.219; -338.604
448.733;  133.487;   13.776;  269.403
449.021;  204.408;   60.788;  341.382
449.309;  159.401; -296.210;  208.379
449.596;  221.703;  128.783;   59.392
449.884;  181.703; -571.222; -325.600
450.172;  277.173; -756.227; -406.590
450.459;  627.434;  645.786;  780.387
450.747; 3750.151; -411.218; -147.608
451.034;12188.918;  493.772;  889.411
451.322; 9719.862; -413.214; -170.614
451.609;  732.989;  292.777;  508.403
451.897;  909.302; -550.203; -183.634
452.184; 2736.820; -622.223; -400.598
452.472; 2403.827;   97.792;  269.375
452.759;  347.106;  512.781;  864.395
453.047;   77.705; -407.212; -125.617
453.334;   28.141; -732.219; -216.606
453.621;   29.615; -438.214; -161.615
453.909;  100.117;   13.796;  384.368
454.196;  109.422; -299.199; -123.641
454.483;  221.592;  317.798;  540.364
454.771;  136.205; -215.208;  196.374
455.058;   53.484; -316.207;  102.374
455.345;  137.563;   71.807;  344.347
455.632;  101.788; -128.207;  235.373
455.919;   66.524;  -82.196;  182.354
456.207;  -49.823; -774.198; -450.642
456.494;   -5.668; -475.200;  -66.639
456.781;    0.987; -399.202; -198.635
457.068;   52.171; -253.206;  -29.628
457.355;   -8.153; -698.206; -401.629
457.642;   11.904; -552.205; -290.630
457.929;   23.977; -778.194; -417.651
458.216;  122.530; -575.212; -354.617
458.503;  380.733; -173.193;  -19.652
458.790;  421.328; -864.208; -630.625
459.077;  367.918;  -77.202;  110.364
459.364; 1217.969; -350.195; -210.649
459.651; 2536.319;  -46.206;  220.372
459.938; 1149.041; -864.209; -665.623
460.225;  109.922;  132.799;  276.363
460.512;  -39.804; -836.197; -688.645
460.799;  115.324;  -32.218;  320.392
461.086;   98.112; -370.200; -251.640
461.372;   25.528; -509.198; -279.642
461.659;   72.900; -165.196;  108.354
461.946;   38.206; -445.193;  -54.651
462.233;  208.510;  842.800;  888.361
462.519;  513.031; -814.201; -464.639
462.806; 1515.496; -768.197; -497.645
463.093; 1291.131; -445.191;  -66.656
463.380;    7.906; -920.186; -824.664
463.666;   50.223; -259.197;  -18.646
463.953;  117.138; -406.195; -243.648
464.239;  273.438; -173.195;  -77.648
464.526;  410.451;  413.806;  743.350
464.813;  311.170; -565.190; -304.658
465.099;  321.958;  606.807;  607.348
465.386;  265.312;  903.807;  921.348
465.672;   13.471; -694.197; -522.645
465.959;   34.417; -598.188; -520.662
466.245;   -6.188; -468.193; -359.652
466.532;   53.485; -109.195;   63.352
466.818;   22.656; -357.186; -216.664
467.104;   -7.771; -488.182; -415.672
467.391;  -16.227; -628.189; -459.658
467.677;   26.560; -289.186;    9.335
467.964;    0.955; -682.189; -471.660
468.250;   41.388; -331.186; -160.665
468.536;   72.349;   90.811;  180.341
468.822;  -21.297; -821.184; -574.668
469.109;  137.001;  351.827;  471.311
469.395;  189.374;  729.808;  787.346
469.681;  233.128;   46.811;  156.341
469.967; 1801.508; -699.188; -382.660
470.254; 4039.318; -494.188; -306.662
470.540; 2484.824; -601.196; -476.646
470.826;  374.342; -488.181; -397.675
471.112;  407.107;  288.816;  113.331
471.398;   84.162; -253.183;  -58.670
471.684;   44.101; -626.177; -447.680
471.970;   27.972; -918.180; -981.675
472.256;   46.998; -521.192; -441.654
472.542;   14.939; -499.171; -434.691
472.828;   10.749; -743.182; -607.672
473.114;   34.267; -380.166; -283.700
473.400;   12.371; -504.175; -293.684
473.686;   29.325; -452.166; -400.701
473.972;   36.489; -230.174; -131.687
474.258;  -17.474; -925.173; -843.689
474.544;  326.267; -183.178;   -2.679
474.830;  479.773;  -65.175;   45.316
475.116;  807.372; -123.190; -196.658
475.401; 1060.675; -558.180; -467.676
475.687;  282.524; -725.180; -718.676
475.973;  -19.891; -673.181; -770.673
476.259;  241.051;  736.825;  764.315
476.544;  523.086; -539.176; -437.682
476.830; 1361.385; -398.172; -322.690
477.116; 1165.735; -430.177; -336.682
477.401;  164.874;  346.820;  358.324
477.687;  -16.403; -289.175; -405.684
477.973;   43.888;   21.819;   28.326
478.258;   -6.501; -448.163; -348.706
478.544;   43.195;   21.815;   61.334
478.829;  -56.329; -818.171; -738.692
479.115;  -46.541; -749.172; -651.690
479.401;   -2.791; -444.174; -449.686
479.686;   41.048; -253.180;  -74.676
479.972;    0.023; -886.178; -776.680
480.257;   33.319; -258.166;  -65.700
480.542;   20.626; -614.170; -469.693
480.828;  237.044; 1288.824; 1392.317
481.113;  -23.008; -464.176; -426.683
481.399;  -13.697; -236.161; -202.711
481.684;  -42.332; -620.166; -462.700
481.969;    7.544; -158.159;  -73.713
482.255;   -8.886; -439.169; -285.695
482.540;   -5.727; -569.178; -441.680
482.825;   32.800; -395.187; -404.663
483.110;  132.318;  -85.169; -105.696
483.396;  357.195; -840.157; -652.718
483.681;  736.414;  543.826;  730.313
483.966;  279.262; -696.160; -700.712
484.251;    1.238; -404.174; -310.687
484.536;    8.056; -356.165; -378.703
484.822;   29.092; -205.173; -218.687
485.107;  -15.434; -599.152; -502.726
485.392;  125.788;  662.836;  541.296
485.677;   75.179;  354.832;  163.302
485.962;  104.142;  160.843;  270.283
486.247;  101.459;  -14.162;   -8.707
486.532;   56.345; -178.166; -325.701
486.817;  177.021;  381.839;  431.291
487.102;  121.145; -453.154; -514.722
487.387; 1040.822; -637.156; -652.718
487.672; 1895.919; -154.164;  -38.705
487.957; 1161.330; -394.160; -286.711
488.241;  319.811; -290.150; -314.729
488.526; 1165.443; -280.152; -148.726
488.811; 1924.375; -881.177; -818.680
489.096; 1342.824; -666.154; -702.723
489.381;  698.163;    3.847;  162.275
489.666;  624.252; -428.161; -510.710
489.950;  203.077;  558.846;  627.277
490.235;  -34.995; -480.151; -458.728
490.520;  -44.549; -756.161; -723.710
490.804;  -37.450; -827.156; -736.719
491.089;   35.580; -469.149; -299.732
491.374;   46.817; -132.164;  -75.704
491.658;  -19.756; -817.147; -717.735
491.943;  123.773; -657.152; -609.727
492.227;  214.415; -178.155;  -38.721
492.512;   46.791; -294.157; -341.717
492.797;  -64.802; -713.149; -716.731
493.081;  -45.778; -588.147; -598.735
493.366;  -27.472; -751.161; -635.711
493.650;  238.436;  831.859;  917.254
493.935;   62.593; -648.147; -447.734
494.219;  -18.004; -778.142; -687.743
494.503;  -36.433; -585.150; -487.730
494.788;   63.131;   46.842;   74.285
495.072;  127.362;  184.850;  434.271
495.356;  240.784; -463.148; -343.733
495.641;  533.605; -812.146; -736.736
495.925;  453.055; -976.156; -903.719
496.209;    7.354; -599.149; -451.732
496.494;  -38.779; -763.142; -544.744
496.778;    9.595; -364.154; -360.722
497.062;  -46.995; -819.156; -627.719
497.346;   -1.368; -869.160; -640.711
497.631;  174.888;  580.852;  560.266
497.915;   86.393;  -64.145;  175.261
498.199;   38.570; -341.157; -277.718
498.483;   28.965; -562.152; -508.725
498.767;  225.164;  301.850;  300.271
499.051;  259.451; -126.149; -100.732
499.335;   77.099; -693.149; -739.731
499.619;  -32.917; -381.129; -423.767
499.903;    2.364; -272.155;  -65.721
500.187;   24.229; -588.153; -316.724
500.471;   21.822; -796.152; -595.727
500.755;   90.402;   62.839;  -96.710
501.039;   16.164; -270.155; -357.721
501.323;   61.338;  -21.141;  264.254
501.607;   20.025; -447.163; -503.706
501.891;    2.772; -607.156; -512.718
502.174;  -28.519; -726.144; -585.741
502.458;   71.002;   89.849;  370.273
502.742;   38.767; -180.138; -191.751
503.026;  201.592; -412.147; -254.734
503.310;  323.693; -437.159; -375.713
503.593;  205.720; -464.147; -325.735
503.877;  143.965; -232.133; -156.760
504.161;  173.982;    2.847;  -50.724
504.444;  168.784; -841.158; -710.716
504.728;  739.666; -487.164; -522.704
505.012; 1082.285; -257.150;  -76.729
505.295;  813.228; -417.161; -212.711
505.579;  802.805; -256.156; -496.719
505.862; 1226.588; -555.145; -333.738
506.146; 1263.546; -681.159; -758.714
506.429;  545.321;  568.841;  461.286
506.713;  123.132; -732.151; -667.728
506.996;  484.795;   90.846;  295.278
507.280;  553.960; -633.165; -474.703
507.563;  360.287; -469.155; -261.721
507.847;  170.630; -423.153; -112.724
508.130;  151.854; -665.161; -456.711
508.413;  212.763; -758.167; -577.700
508.697;  393.314; -151.167;   12.300
508.980;  264.282; -422.153; -312.724
509.263;   31.783; -466.155; -450.720
509.547;   57.735; -124.150;   82.271
509.830;   50.531; -172.160;  140.289
510.113;   96.879;  128.844;  298.281
510.396;   50.539; -530.152; -300.725
510.680;   60.440; -818.145; -812.738
510.963;  257.525;  184.846;  180.277
511.246;  165.994; -493.150; -357.730
511.529;  276.371; -482.145;  -83.739
511.812;  616.336; -250.134;   10.241
512.095;  451.578; -740.151; -396.728
512.378;  104.949; -317.147; -245.736
512.661;   79.826; -703.137; -623.753
512.944;   93.698; -750.142; -637.744
513.227;   99.223; -170.137; -171.752
513.510;   56.481; -479.144; -671.741
513.793;   33.593; -485.140; -435.747
514.076;  145.233;  -43.127;  -39.771
514.359;  155.255; -294.149; -135.732
514.642;  141.652; -442.142; -567.744
514.925; 1115.766;  581.860;  561.253
515.208; 1619.782; -498.134; -443.758
515.491; 1006.323; -276.133; -182.761
515.773;  574.485; -410.143; -337.742
516.056; 3232.009;  249.864;  409.246
516.339; 4222.063; -754.136; -652.755
516.622; 2029.316; -518.150; -488.730
516.904;  615.894;  882.857;  975.257
517.187;  251.696; -730.138; -523.752
517.470;  437.568; -568.143; -510.743
517.752;  704.667; -624.136; -470.756
518.035;  565.481; -708.139; -725.749
518.318;  605.789; -799.136; -744.755
518.600; 3917.453; -300.132; -325.762
518.883; 5378.001;  310.858;   88.256
519.165; 2452.762; -585.138; -426.751
519.448;  434.252;  -61.132;  -19.762
519.730;  209.742; -573.126; -415.773
520.013;  239.644;  588.867;  664.240
520.295;  350.088;  -94.134;  -15.759
520.578;  769.468; -335.131; -305.764
520.860; 1002.478; -254.132;   56.238
521.143;  702.669; -763.135; -584.756
521.425;  586.157; -251.125; -279.775
521.707;  954.358; -622.127; -380.771
521.990; 2751.559; -199.127;  167.229
522.272; 3202.495; -116.140;   -4.748
522.554; 1193.561; -237.143; -157.742
522.836;  263.411;  -24.134;   99.241
523.119;  201.741; -496.148; -189.734
523.401;  165.951; -448.130; -314.766
523.683;  161.627; -865.137; -693.753
523.965;  401.769;  408.862;  260.248
524.247;  426.708;   54.878;  170.220
524.529;  311.613; -451.134; -367.759
524.812;  498.829;   -3.130;  191.234
525.094; 1386.368; -773.138; -631.751
525.376; 2168.193; -143.124;   78.223
525.658; 1314.485; -441.136; -339.754
525.940;   90.539; -805.131; -671.764
526.222;   20.514; -188.136;  -88.755
526.504;   66.461; -190.131;   32.237
526.786;   41.641; -960.133; -647.760
527.068;  139.125; -124.123;  -67.778
527.349;    4.331; -865.137; -774.754
527.631;  119.227; -137.132;   22.238
527.913;  221.707; -664.127; -450.771
528.195;  319.474; -761.125; -639.774
528.477;  380.407;  -93.134;  -30.758
528.759;  255.003; -648.130; -522.766
529.040;  137.648; -569.123; -293.778
529.322;   91.902; -235.125;  -10.774
529.604;   98.456;  -47.130;   93.233
529.886;   44.666; -546.126; -302.773
530.167;   77.621;  232.870;  192.235
530.449;   41.474;    1.853;   63.265
530.731;   69.832; -572.122; -459.779
531.012;  137.957; -513.120; -216.784
531.294;  117.929; -118.116;  -43.792
531.575;  186.007;  290.875;  538.225
531.857;  132.676; -548.135; -266.757
532.138;  116.111; -113.141;   40.254
532.420;  119.896;  294.865;  403.244
532.701;   79.769; -722.133; -751.760
532.983;  223.298;  232.867;  182.239
533.264;   46.039; -243.126;  175.228
533.546;  -32.586; -491.136; -508.755
533.827;   18.315;  173.867;   -1.759
534.109;   17.276; -352.135;  -80.757
534.390;   99.032; -725.132; -582.762
534.671;  298.646; -270.135;  -82.756
534.953;  199.477; -751.123; -611.779
535.234;   42.436; -426.117; -255.789
535.515;  -69.158; -891.119; -735.785
535.796;    0.178; -431.128; -193.770
536.078;  -95.207;-1050.124; -904.777
536.359;    5.353;  -22.123;    3.221
536.640;  -13.724; -480.125; -197.774
536.921;  164.537;  225.871;  143.232
537.202;  524.964;  -87.138;  -16.751
537.483;  658.517;  251.869;  377.236
537.764;  262.421;   17.870;   98.235
538.045;  -47.669; -543.134; -371.758
538.326;  -26.510; -596.129; -447.768
538.607;   61.584; -686.127; -476.771
538.888;  270.196;   98.879;    5.218
539.169;  312.640; -704.122; -535.781
539.450;  410.086;  236.871;   16.233
539.731;  269.126; -361.121; -182.783
540.012;  150.107;  199.880;  412.216
540.293;   78.186;   82.876;  158.224
540.574;   -1.971; -895.113; -717.796
540.855;  519.649;  435.879;  377.218
541.136;  680.936;   47.878;  139.220
541.416;  374.604; -161.130; -220.766
541.697;  301.287; -274.131; -170.763
541.978; 1666.599; -270.135; -315.757
542.259; 2098.534; -211.127; -236.771
542.539;  960.746; -191.116; -186.790
542.820;  213.107;  461.875;  480.225
543.101;  149.592;  -52.145;  -77.738
543.381;   44.534; -638.127; -591.771
543.662;  360.381;  159.873; -254.771
543.942;  954.904; -751.127; -830.770
544.223; 1660.863;  193.878;  161.219
544.504; 1088.843; -275.124; -182.777
544.784;  869.266; -592.126; -408.773
545.065; 2516.851;  104.884; -254.791
545.345; 2914.342;  227.881;   14.215
545.626; 1925.678;  -14.113; -108.796
545.906; 1389.470;   77.869;   98.235
546.186;  577.472;   92.874;  -95.773
546.467;  298.571;   99.877;  -95.778
546.747;  493.646;  264.884;  327.210
547.027;  574.816;   91.876;  111.223
547.308;  537.978; -376.127; -530.770
547.588;  580.565;  299.871;  371.232
547.868;  260.622;  458.870;  588.235
548.149;  251.510;  609.885;  593.207
548.429;  225.807; -347.127; -299.771
548.709;  364.006; -645.120; -461.784
548.989;  757.254;   84.882;   88.213
549.269; 3274.076;   10.868;  139.239
549.550; 7709.501;  215.877;  117.222
549.830; 6843.899; -758.111; -556.799
550.110; 1340.658; -468.110; -320.801
550.390; 1327.857; -128.122;  -56.779
550.670; 1864.123; -868.114; -783.795
550.950; 1315.549; -509.121; -471.782
551.230;  253.544;  549.879;  460.218
551.510;   31.447; -381.121; -326.782
551.790;   72.768; -173.109; -127.803
552.070;  339.046;  940.877; 1181.223
552.350;  701.947; -492.119; -377.786
552.630;  957.041;   -2.121;   77.219
552.909;  555.652;  181.884;   73.209
553.189;  378.758;  -49.132;   33.237
553.469;  382.146; -703.119; -514.786
553.749;  350.836; -469.127; -357.772
554.029;  272.491;   33.883;  -24.790
554.308;  241.415; -154.115;  -37.794
554.588;  130.826; -196.128; -204.770
554.868;  138.174; -366.121;  -47.782
555.147;  252.311; -114.115;  -46.793
555.427;  920.129; -260.116; -250.792
555.707; 6087.509; -284.115; -200.793
555.986; 7582.328; -719.111; -538.800
556.266; 3831.620;   23.884;   72.210
556.546;  247.347; -888.121; -675.782
556.825;  451.245; -657.114; -556.794
557.105; 2818.974; -125.128;   17.230
557.384; 3344.250;  122.884;  187.209
557.664; 1265.854; -717.116; -508.792
557.943;  227.274; -557.121; -411.782
558.222;  314.857; -345.118; -344.788
558.502;  407.313; -116.115;  -76.793
558.781;  728.308;  194.885;  499.208
559.061;  671.732; -232.118; -227.788
559.340;  453.088;  302.883;  353.211
559.619; 1156.345;   93.884;  148.210
559.899; 1681.640; -239.117; -266.789
560.178; 1506.713; -778.115; -593.793
560.457; 4800.167; -623.117; -562.790
560.736; 6760.780; -472.111; -482.800
561.015; 4437.196; -500.128; -502.769
561.295;  527.067;  180.893;  215.193
561.574;  427.735;  119.885;  116.207
561.853;  682.823;  274.891;  303.197
562.132;  786.841;  -45.114;  182.206
562.411;  654.667;  396.879;  553.219
562.690;  259.707; -592.115; -458.792
562.969;  170.911;  472.888;  630.203
563.248;  525.114; 2966.878; 2487.219
563.527;  461.579; -290.111; -408.800
563.806;  658.057; -650.127; -521.771
564.085;  682.860; -297.105; -206.810
564.364;  437.969; -594.117; -405.790
564.643;  808.967; -276.121; -223.781
564.922; 2928.891;  221.890;  397.198
565.201; 3058.920; -640.109; -700.803
565.479; 1274.906; -297.115; -219.792
565.758;  557.799; -810.128; -712.770
566.037;  743.921; -155.109; -100.803
566.316;  377.826; -286.116;  -28.791
566.595;   78.984;  -17.115;  -12.793
566.873;  122.806; -166.111;  -79.801
567.152;  -31.489; -490.113; -590.797
567.431;   29.521; -113.116;    6.210
567.709;   43.592; -344.107; -212.807
567.988;  469.220; -810.114; -769.794
568.266;  846.059; -160.115;  -68.793
568.545;  643.041; -644.100; -514.819
568.824;  920.105;  160.885;  356.208
569.102;  937.294; -351.114; -235.794
569.381;  414.654; -492.116; -407.792
569.659;  -12.119; -553.113; -553.796
569.938;  123.837; -743.122; -465.780
570.216;  192.675; -225.109; -225.804
570.494;   27.423; -632.114; -572.795
570.773;   38.522;  202.879;  114.218
571.051;   43.549; -373.123; -357.778
571.330;  100.879; -221.113; -174.796
571.608;   73.463; -181.098; -173.823
571.886;  -31.678; -671.111; -581.799
572.164;  -30.301; -739.121; -621.782
572.443;  -12.736; -562.105; -512.811
572.721;  -40.008; -399.117; -289.790
572.999;   -5.990; -280.117; -168.788
573.277;  106.307;  379.894;  620.191
573.555;  440.234;   94.894;   37.190
573.834; 2189.084;  -86.117; -114.788
574.112; 2476.595;  880.893;  811.193
574.390;  733.280; -143.111;  -96.801
574.668;   54.587;  -91.112;  -61.797
574.946;    5.009; -165.106; -187.810
575.224;   30.170;   71.891;  -16.803
575.502;    0.923; -200.116; -204.791
575.780;  -69.337; -767.112; -829.798
576.058;  239.829; 1589.889; 1004.200
576.336;   -6.164; -210.110; -129.801
576.614;  -37.361; -511.112; -340.798
576.891;  169.764; -711.115; -823.794
577.169;  806.159; -158.108; -285.805
577.447;  886.469;  169.893;  202.193
577.725;  359.644;  629.888;  854.201
578.003;   36.467;  -71.112; -371.798
578.280;  130.175; -208.104; -242.812
578.558;  111.813; -450.115; -422.793
578.836;  158.198; -210.114; -145.795
579.114;   90.537; -630.112; -670.797
579.391;   78.086;   -6.117;  -18.789
579.669;  -42.335; -595.114; -704.794
579.947;  265.365; -326.107; -127.806
580.224;  583.665; -692.107; -524.806
580.502;  494.845;  127.893;   76.193
580.779;   40.518;  -42.117;   75.210
581.057;  -68.375; -584.109; -470.804
581.334;  -88.307; -726.102; -695.815
581.612;   36.035;   54.895;  511.190
581.889;  -20.291;  -83.101; -129.818
582.167;  -19.299; -298.099; -190.821
582.444;  -77.823; -845.102; -814.817
582.721;   84.278;  657.899;  715.183
582.999;  119.373; -326.100; -167.821
583.276;  896.779; -812.123; -713.779
583.553; 1199.447; -364.102; -294.816
583.831;  422.871; -607.104; -631.812
584.108;   79.307;  349.892;  174.195
584.385;   48.167; -122.102;  -98.815
584.662;  -49.518; -651.111; -828.801
584.940;   33.156;  204.889;  204.199
585.217;    1.706;  -73.113; -303.796
585.494;   38.817;   71.890;  118.198
585.771;  327.226; -250.109; -354.804
586.048;  804.856; -196.113;  -76.796
586.325;  544.210; -721.110; -773.801
586.602;  116.126;  230.896;  213.188
586.879;   36.094; -499.100; -580.820
587.156;  111.886; -156.105; -331.810
587.433;    9.725; -701.102; -667.817
587.710;   94.589;  152.888;  234.202
587.987;  467.293; -264.105; -236.811
588.264; 1179.216;  315.888;  387.202
588.541; 1973.604;  -61.104;   26.187
588.818; 3990.654;   72.892;  171.196
589.095; 3430.673; -163.104; -174.812
589.371;  562.848; -459.109; -414.804
589.648;   72.245; -581.107; -437.807
589.925;   79.974; -517.114; -621.795
590.202;   89.539; -741.112; -607.798
590.478;  157.145; -166.105;  -73.811
590.755;  415.686; -241.108; -132.806
591.032; 3790.788; -741.110; -699.802
591.308; 5406.211; -732.094; -790.831
591.585; 2749.637; -573.110; -560.802
591.862;  313.277;-1056.102; -950.817
592.138;  134.983; -475.108; -474.805
592.415;  243.102; -486.104; -495.813
592.691; 2159.674;  460.896;  518.188
592.968; 2889.415; -208.098; -123.824
593.244; 1403.021; -695.116; -595.790
593.521;  127.252; -105.102;  -42.817
593.797;   32.609; -810.122; -720.780
594.074;  557.030; -611.096; -588.826
594.350;  944.069;  828.905;  729.172
594.626;  500.457; -303.111; -283.801
594.903;  251.203; -643.101; -645.817
595.179;  274.231;  243.896;  418.187
595.455;   28.596; -136.107; -150.807
595.731;   18.333;  -19.103;  -38.814
596.008;   -8.400; -464.111; -434.800
596.284;   90.872; -187.100; -242.820
596.560;  147.169; -501.093; -493.833
596.836;  350.939; -173.105;  -70.810
597.112;  566.009; -582.108; -437.805
597.388;  454.078;  -49.097;  -48.826
597.665;  144.459;  437.887;  530.203
597.941;  -30.546; -572.089; -658.839
598.217;   48.891; -323.110; -293.802
598.493;  407.003;   61.891; -204.804
598.769;  821.190; -175.100;  -50.819
599.045;  514.787; -490.108; -562.806
599.321;  130.770; -193.100; -261.820
599.597;  258.802; -355.109; -476.804
599.872;  711.428;  409.896;  429.187
600.148;  587.130;  -61.097; -172.826
600.424;  430.693;   91.893;  202.193
600.700;  414.396; -170.107; -280.807
600.976;  226.473; -442.097; -464.825
601.252;  417.948; -226.109; -272.803
601.527;  420.630; -833.104; -840.813
601.803;  271.795; -453.105; -404.812
602.079;  299.015; -124.100; -118.819
602.354;  906.281; -620.092; -531.835
602.630; 1291.556; -140.113; -482.796
602.906; 3451.459; -910.101; -863.818
603.181;10425.097; -627.119; -534.786
603.457; 8722.827;   98.903; -278.826
603.733; 1309.102; -605.120; -626.783
604.008; 1445.785; -245.106; -164.810
604.284; 4715.355; -636.101; -580.817
604.559; 4065.269;   -3.112;  -42.799
604.835;  754.713; -163.105; -225.810
605.110;  677.477; -732.099; -892.821
605.385; 1066.022;  224.907;  267.167
605.661; 1055.047; -625.095; -729.829
605.936; 1932.988; -664.108; -737.806
606.211; 1589.391;  -17.103; -170.815
606.487;  348.593; -329.114; -376.794
606.762;   95.297; -791.119; -745.786
607.037;   15.014; -501.105; -433.810
607.313;  -18.886; -589.096; -574.828
607.588;   15.809; -375.106; -137.810
607.863;   83.483;  -28.101; -143.818
608.138;  251.740;  513.890;  516.198
608.413;  112.331; -576.099; -592.822
608.688;  121.583; -203.108; -267.805
608.964;  344.728; -509.106; -218.809
609.239;  412.660; -107.105; -212.810
609.514;  371.695;  281.895;  240.188
609.789; 1061.725; -187.104; -716.812
610.064; 1371.738; -435.096; -609.827
610.339; 1428.898; -855.109; -799.804
610.614; 1907.871; -131.100; -315.820
610.889; 1022.995;  215.895;  107.188
611.163;  110.746; -407.104; -591.812
611.438;  140.619;   81.886; -167.794
611.713;   66.605; -467.101; -499.817
611.988;  117.907; -144.101; -328.818
612.263;   50.993; -771.102; -717.815
612.538;  300.730;  385.887;  251.204
612.812;  359.122; -832.100; -911.820
613.087;  235.938; -358.098; -338.823
613.362;  -27.154; -497.107; -557.807
613.637;   46.961;  261.897;  138.186
613.911;   23.256; -256.092; -345.835
614.186;  214.119; -249.107; -292.807
614.460; 1145.294; -842.081; -758.854
614.735; 1289.882;  -55.087;  -17.843
615.010;  266.770;   43.912;  -82.841
615.284;  342.933;  360.892;  246.195
615.559;  650.705; -792.092; -955.835
615.833;  439.704;  -76.099;  -87.822
616.108;   44.519; -225.090; -390.837
616.382;  187.459;  274.913;  402.156
616.656;  263.995; -241.090; -232.837
616.931;  795.830; -785.099; -700.822
617.205; 1702.605; -973.104; -979.813
617.480; 1532.305;  -91.125;    6.225
617.754;  313.252; -396.125; -128.774
618.028;   50.841; -369.129; -382.768
618.302;  102.356;   73.892;  -25.805
618.577;  -22.462; -371.103; -518.815
618.851;  -25.356; -399.109; -600.803
619.125;  -45.037; -335.134; -378.759
619.399;  -15.344; -244.104; -374.813
619.673;  -18.270; -330.115; -515.792
619.947;  -13.752; -333.114; -448.795
620.222;    6.033; -198.110; -204.801
620.496;   21.724;  -47.121;  -96.782
620.770;   35.014; -187.122;  -93.781
621.044;  308.636;  323.895;  346.190
621.318; 1171.528; -653.120; -614.783
621.592; 1092.300; -430.121; -409.783
621.866;  650.345; -476.112; -572.799
622.140;   78.723; -207.116; -356.791
622.413;   93.650;  138.889;  112.200
622.687;    7.830; -746.101; -492.817
622.961;   39.431; -130.108; -143.805
623.235;  -16.799; -633.111; -661.800
623.509;  -78.655; -816.105; -848.811
623.783;   23.916;  -12.107;   48.193
624.056;   -2.496; -254.120; -280.783
624.330;   76.537;   63.888;   -3.797
624.604;  101.144; -271.116; -355.790
624.877;  110.738;  180.890;   26.198
625.151;   91.092; -249.114; -238.794
625.425;  -14.517; -150.103; -283.814
625.698;  -46.785; -367.119; -374.785
625.972;  -74.384; -799.110; -765.802
626.245;   82.296;  685.884;  484.210
626.519;  -30.666; -426.120; -340.784
626.792;  -29.004; -192.107; -380.807
627.066;  -66.544; -485.122; -662.779
627.339;  -88.888; -736.110; -663.802
627.613;   42.657;  351.880;  148.216
627.886;   65.844;  187.891; -612.803
628.160;    1.027;  312.880; -161.783
628.433;  -84.642; -695.125; -703.775
628.706;  -45.741; -517.120; -615.784
628.979;   29.291;  296.876;  117.223
629.253;  -55.404; -785.119; -833.786
629.526;  584.589; -334.126; -253.772
629.799;  613.374; -641.123; -479.778
630.072;  312.568; -497.128; -516.769
630.346;   -7.404;-1115.116;-1080.790
630.619;  724.322; -467.107; -545.808
630.892;  919.652;  709.889;  593.200
631.165;  462.355;  790.896;  679.187
631.438;  -21.984;-1092.112;-1055.798
631.711;   56.053;  453.877;  257.221
631.984;  -23.710; -523.117; -624.789
632.257;  -38.164; -636.117; -681.789
632.530;  -37.985; -412.119; -433.785
632.803;   31.564; -109.115;    7.207
633.076;  -46.830; -360.123; -422.777
633.349;   -0.202;  173.872;  121.231
633.622;  -23.961; -187.119; -240.785
633.895; -103.646; -903.120; -823.783
634.167;  -50.358; -496.126; -525.773
634.440;    5.704;  -19.116; -137.792
634.713;   10.119;  -22.119; -120.786
634.986;   77.861;  593.871;  453.233
635.258;  -56.988; -507.115; -597.793
635.531;   78.531;  742.882; -343.788
635.804;  -17.361; -303.117; -318.789
636.077;  -75.976; -830.116; -852.791
636.349;   50.735; -586.115; -474.793
636.622;  451.114; 1695.874; 1392.228
636.894;  406.284; -474.120; -909.784
637.167;  294.106; -836.127; -789.771
637.439;   64.252; -278.128; -213.770
637.712;  -37.384; -312.126; -293.772
637.984;  -56.250; -635.116; -707.791
638.257;  479.046;  515.877;  488.222
638.529;  912.109; -881.125; -924.776
638.802;  409.718; -508.128; -449.769
639.074;  -80.937; -927.122; -952.781
639.346;  -98.572; -942.135; -930.757
639.619;   19.125;  -79.142; -319.744
639.891;   -2.319;  -83.122; -168.779
640.163;  -70.617; -689.122; -756.780
640.435;   46.710;  273.878;  103.220
640.708;    2.262;  -72.122; -132.780
640.980;   -7.361; -366.122; -362.781
641.252;  253.217;  -25.121;  -71.781
641.524; 2489.544;  580.879;  573.219
641.796; 2655.771;-1094.121; -907.782
642.068;  485.723; -191.121; -300.782
642.340;  -41.800; -486.121; -566.783
642.613;   36.978;  294.880;  323.217
642.885;  -71.770; -787.120; -878.783
643.157;   -3.243; -810.120; -658.784
643.428;   83.434;  170.880;  218.216
643.700;  -70.289; -498.120; -425.784
643.972;  -48.086;  -16.119; -133.785
644.244;  -93.834; -474.119; -559.785
644.516;  -43.532; -250.119; -114.786
644.788;   46.520;  662.881;  548.214
645.060;  -27.603;  -12.119; -124.786
645.332;  -94.900; -525.118; -535.787
645.603;   20.502;  479.882;  342.213
645.875;  -72.446; -334.118; -369.787
646.147;  159.981; 1487.882; 1242.212
646.418;  -20.342; -931.117; -918.788
646.690;  318.386; -714.117; -715.789
646.962;   89.288; -413.117; -451.789
647.233;   -5.685;   15.883;   11.211
647.505; -106.333; -595.117; -475.790
647.776;   27.994;  328.884;  229.210
648.048;   22.597; -248.116; -418.790
648.320;  -48.926; -752.116; -679.791
648.591; -141.199;-1055.116; -958.791
648.862;  -74.272; -505.116; -577.792
649.134;   29.305;  115.885;  198.208
649.405;  -11.167; -661.115; -618.792
649.677;  -45.665; -475.115; -598.793
649.948;   17.487; -181.115; -296.793
650.219;   -6.161;  -37.115; -147.793
650.491;  -68.309; -431.114; -520.794
650.762; -119.881; -705.114; -731.794
651.033;  -88.129; -437.114; -424.795
651.304;  -67.852; -743.114; -728.795
651.576;  -42.825; -680.114; -645.795
651.847;  -44.573; -250.113; -140.796
652.118;  -28.920;  -32.113; -189.796
652.389; -122.118; -639.113; -722.796
652.660;  -23.766; -147.113;  -89.797
652.931; -139.264; -897.112; -871.797
653.202;  -77.987; -382.112; -541.798
653.473;  -65.184; -633.112; -533.798
653.744;  269.118; -595.112; -590.798
654.015;  262.520; -356.112; -303.799
654.286;  -32.728; -642.111; -663.799
654.557;  -41.951; -586.111; -521.799
654.828; -146.448;-1114.111;-1088.800
655.099;  -85.321; -404.111; -291.800
655.370;  -87.244; -427.111; -543.801
655.641; -112.092; -656.110; -714.801
655.911; -110.390; -618.110; -638.801
656.182;   39.712;  437.890;  387.198
656.453;   80.290;  830.890;  746.198
656.724;  -55.458; -466.110; -426.802
656.994;  -75.781; -553.109; -568.803
657.265;  -91.279; -862.109; -873.803
657.536;  -74.802; -500.109; -377.804
657.806; -101.974; -561.109; -593.804
658.077; -126.622; -866.109; -950.804
658.347;  -84.720; -523.108; -598.805
658.618; -116.593; -646.108; -694.805
658.888;  -27.616;  -41.108;  112.195
659.159;  -77.963; -432.108; -548.806
659.429;    7.814; -292.108; -349.806
659.700;   56.541; -435.107; -390.807
659.970;   22.293; -370.107; -359.807
660.241;   95.120; -754.107; -921.807
660.511;  793.023; -147.107; -174.808
660.781;  220.850; -793.106; -748.808
661.052;  -33.698; -222.106; -381.808
661.322;  -20.321;   21.894;   -9.809
661.592;    8.756;  257.894;  148.191
661.862;  -67.491; -369.106; -382.810
662.133;  -92.289; -551.105; -502.810
662.403;  -93.837; -770.105; -676.810
662.673;  -43.760; -256.105; -213.811
662.943;  -80.508; -612.105; -551.811
663.213;    8.345;  -85.105;  -81.811
663.483;  -75.203; -593.104; -568.812
663.753;  -39.876; -194.104; -152.812
664.023;  -20.849;   68.896;  -32.813
664.293;  -57.347; -319.104; -126.813
664.563; -111.319; -694.104; -648.813
664.833; -112.367; -743.103; -608.814
665.103; -114.390; -730.103; -793.814
665.373; -107.313; -766.103; -806.814
665.643;  -36.836; -863.103; -918.815
665.913;   98.592; -534.103; -714.815
666.182;  263.219; -685.102; -719.816
666.452;  437.071;  -22.102;  -89.816
666.722;   41.373; -724.102; -784.816
666.992; -104.125; -948.102; -921.817
667.261;  -59.622; -824.102; -808.817
667.531;  275.055;  134.899;   45.183
667.801;  849.632; -440.101; -412.818
668.070;  313.034;  714.899;  697.182
668.340;  -69.214; -883.101; -840.819
668.609;  125.039;  588.900;  301.181
668.879;  -73.084; -490.100; -558.819
669.149;  -61.857; -539.100; -516.820
669.418;  -86.205; -698.100; -726.820
669.688;  -12.703; -482.100; -666.820
669.957;  177.200; -423.099; -546.821
670.226;   -9.573; -268.099; -331.821
670.496;  -89.196; -431.099; -635.822
670.765;  -66.244; -418.099; -501.822
671.034; -110.042; -872.099; -828.822
671.304;  -11.814;   55.902; -111.823
671.573; -126.562;-1085.098; -957.823
671.842;  156.365; -380.098; -294.823
672.112;   92.692; -692.098; -586.824
672.381;   27.494; -239.098; -214.824
672.650; -114.253;-1005.097;-1021.825
672.919;  -72.901; -631.097; -507.825
673.188;  -82.874; -681.097; -878.825
673.457; -131.822;-1101.097;-1143.826
673.726;  -61.870; -579.096; -646.826
673.995;   -4.092; -533.096; -479.826
674.265;   20.760; -263.096; -333.827
674.534;   39.212; -183.096; -235.827
674.802;   51.164; -618.096; -703.828
675.071; 1412.216; -886.095; -801.828
675.340; 6111.844; -464.095; -339.828
675.609; 1985.346;  103.905;   82.171
675.878;  218.948; -949.095; -893.829
676.147;   64.000;  -26.095;   -8.829
676.416;  155.052; -210.094; -294.830
676.685; 1060.730; 1000.906; -622.830
676.953;  229.782; -603.094; -452.831
677.222;   10.409; -193.094; -273.831
677.491;  -17.714;  -24.094; -127.831
677.759;    3.388;   11.907;  172.168
678.028;   15.515; -279.093; -222.832
678.297;   -5.107;   71.907;  197.168
678.565; -133.155; -898.093; -944.833
678.834;  -56.103; -311.093; -268.833
679.102;  -73.101; -411.092; -391.834
679.371; -134.874; -898.092; -727.834
679.639; -127.346; -797.092; -786.834
679.908; -120.519; -794.092; -724.835
680.176; -144.242; -895.091; -941.835
680.445;  -64.065; -346.091; -352.835
680.713;  -17.163;  -58.091;  -23.836
680.982;  -78.785; -523.091; -525.836
681.250;  -98.383; -578.091; -507.837
681.518;  -87.956; -534.090; -751.837
681.787;    6.621; -204.090; -167.837
682.055;  -57.027; -490.090; -422.838
682.323; -131.149; -993.090; -992.838
682.591;   53.753; -216.090; -538.838
682.859;  163.580;    9.911;  -35.839
683.128;   25.482;  232.911;  497.161
683.396; -154.541;-1102.089;-1122.840
683.664;  -38.563; -241.089;   21.160
683.932;   10.314;  144.911;  -76.840
684.200;  -82.509; -576.088; -320.841
684.468;  -12.882;  -73.088; -124.841
684.736;  -12.530; -214.088; -175.841
685.004;  -99.627;-1024.088; -982.842
685.272;   -6.175; -880.088; -774.842
685.540;  -38.773; -499.087; -557.843
685.808;  -58.771; -651.087; -682.843
686.076;  -72.294; -894.087; -969.843
686.343;  -23.116; -601.087; -815.844
686.611;   83.336; -195.087; -224.844
686.879;  619.513; -530.086; -553.844
687.147; 4943.415; -483.086; -480.845
687.414; 1458.667;  -12.086; -169.845
687.682;   57.095; -658.086; -757.846
687.950;  468.072;  259.915;  263.154
688.217;   96.399; -792.085; -760.846
688.485;   32.001; -632.085; -636.847
688.753;  822.653;  -11.085; -102.847
689.020;  361.856; -820.085; -851.847
689.288;  -52.592; -853.084; -787.848
689.555;  -22.415; -195.084; -148.848
689.823;  -33.763; -241.084; -345.849
690.090;  -62.836; -546.084; -651.849
690.358; -139.258; -877.084; -897.849
690.625;    5.194;  120.917;   45.150
690.892;  -59.554; -403.083; -369.850
691.160;  -20.402;   72.917;  -35.850
691.427;   29.325;  141.917;  130.149
691.694; -115.797; -855.083; -929.851
691.962; -134.395;-1177.082;-1060.852
692.229;   28.507;  127.918;   56.148
692.496;  129.234;  130.918;  -49.852
692.763;   42.211; -164.082; -201.853
693.031;  -44.786; -739.082; -716.853
693.298;    4.541; -509.081; -368.853
693.565;  432.368; -155.081; -163.854
693.832; 1966.620;   -5.081;   -9.854
694.099;  275.322; -643.081; -642.855
694.366;  -25.525; -882.081; -896.855
694.633;   -7.073; -920.080; -633.855
694.900;  734.729; 4367.920; -114.856
695.167;  632.706; -214.080; -380.856
695.434;  182.008; -646.080; -623.856
695.701;  251.636;  121.921;  -61.857
695.968;  670.738; -365.079; -361.857
696.234; 1175.115; -415.079; -646.858
696.501;12268.342; -776.079; -614.858
696.768; 6726.444; -554.079; -617.858
697.035;  423.997; -632.078; -667.859
697.302;   87.749; -448.078; -552.859
697.568;   40.451; -458.078; -497.859
697.835;   -7.172; -683.078; -624.860
698.102;  -10.770; -498.078; -407.860
698.368;   96.558;  384.923;  396.139
698.635;  -20.340;  -47.077; -424.861
698.901;  -15.913; -240.077; -348.861
699.168;  120.164; -534.077; -456.862
699.435;  119.141;  -72.077;  -13.862
699.701;  -73.082; -868.076; -764.862
699.968;   21.821;  144.924; -441.863
700.234;  -83.777; -783.076; -822.863
700.500;  -41.400; -448.076; -539.864
700.767;   16.127;   -1.075;   26.136
701.033; -108.821;-1015.075; -963.864
701.299;  -45.943; -450.075; -483.865
701.566;  131.659;  950.925;  763.135
701.832;   38.061;  -31.075;  -76.865
702.098;  -75.337;-1054.074;-1034.866
702.365;  -47.510;-1098.074;-1030.866
702.631;   39.518;-1038.074;-1063.867
702.897; 1811.120; -765.074; -676.867
703.163; 3329.472;  348.926;  254.133
703.429;  256.649; -256.073; -273.868
703.695;   -3.449; -796.073; -792.868
703.961;   44.129; -214.073; -210.868
704.227;  -32.169; -630.073; -725.869
704.493;  140.783;  613.927;  510.131
704.759;    0.135; -565.072; -540.870
705.025;   49.662; -203.072; -194.870
705.291;   29.615; -666.072; -562.870
705.557;  216.042;  719.928;   34.129
705.823;   86.144; -742.072; -694.871
706.089;  194.646; -307.071; -326.871
706.355;  437.123; -315.071; -244.872
706.620; 6296.626; -776.071; -729.872
706.886;10250.753; -309.071; -362.873
707.152; 1091.580; -818.070; -973.873
707.418;   40.632;-1153.070;-1186.873
707.683;   37.509; -550.070; -530.874
707.949;  -23.588; -547.070; -578.874
708.215;   13.814; -129.070; -207.874
708.480;    6.416; -520.069; -420.875
708.746;  129.793;   68.931;   28.125
709.011;  -41.155; -578.069; -612.876
709.277;  -63.627; -538.069; -543.876
709.542;  -31.900; -428.069; -387.876
709.808;   11.502;  -59.068;   89.123
710.073;  -70.896; -577.068; -695.877
710.339;  -16.669; -242.068; -228.877
710.604;  142.534; -780.068; -845.878
710.869;  509.736; -277.068; -366.878
711.135;  -35.437; -715.067; -628.879
711.400;  -69.835; -507.067; -608.879
711.665;  -50.083; -404.067; -479.879
711.931;  -88.755; -661.067; -677.880
712.196;  -90.478; -876.067; -954.880
712.461;  185.049; -402.066; -490.880
712.726;  301.051; -727.066; -771.881
712.991;  -65.672; -647.066; -664.881
713.256;  -29.944; -350.066; -332.882
713.521;  -33.917; -417.065; -381.882
713.787;  -45.815; -454.065; -472.882
714.052;  -14.288; -214.065; -400.883
714.317;  -45.536;-1045.065; -981.883
714.581; 1316.017; -374.065; -268.883
714.846; 2080.744; -822.064; -888.884
715.111;  183.896;  261.936;  257.116
715.376;    2.673;  -86.064; -223.885
715.641;    0.950; -365.064; -367.885
715.906;  459.403;   15.936; -551.885
716.171;  201.480;  221.937;  209.114
716.436;   85.007;  -78.063; -104.886
716.700;  -93.316; -818.063; -692.886
716.965; -119.039; -794.063; -807.887
717.230;  -86.211; -339.063; -392.887
717.494;  -24.884;  -40.062; -134.888
717.759;  -79.107; -784.062; -640.888
718.024;   13.745;  269.938;  250.112
718.288;   80.497;  685.938;  395.111
718.553; -129.650; -803.062; -977.889
718.817; -129.023; -883.061; -899.889
719.082;  -25.796; -115.061; -125.890
719.346; -140.294;-1000.061; -947.890
719.611;  -28.092; -300.061; -255.891
719.875;  -99.664; -568.060; -537.891
720.140;  -49.212; -453.060; -603.891
720.404;   65.915; -136.060; -249.892
720.668; 1264.992; -475.060; -411.892
720.933;  540.269;  146.940;  137.108
721.197;  -76.528; -667.059; -600.893
721.461; -126.151; -851.059; -826.893
721.725;    3.076;  -21.059; -250.894
721.990;  -53.797; -284.059; -204.894
722.254;  -15.920;  -26.059; -108.894
722.518;  -64.918; -286.058; -442.895
722.782;  -78.390; -743.058; -594.895
723.046;  156.837;  614.942;  570.105
723.310;   31.164;  374.942;  210.104
723.574;  -84.359; -654.058; -614.896
723.838;  -93.357; -576.057; -642.897
724.102;  -21.504; -226.057; -239.897
724.366; -120.802;-1032.057; -978.897
724.630;  -92.000; -749.057; -571.898
724.894;  -60.548; -722.057; -514.898
725.158;   -6.471;   38.944; -295.898
725.422;  -34.118; -394.056; -327.899
725.685;  -48.091; -441.056; -349.899
725.949;  -60.514; -566.056; -519.900
726.213;  -55.812; -732.056; -811.900
726.477;  327.965;-1020.055; -933.900
726.740;  265.668; -274.055; -104.901
727.004;  460.820; -384.055; -510.901
727.268; 4435.997; -442.055; -400.901
727.531; 1452.274; -961.055; -775.902
727.795;  -14.424; -713.054; -673.902
728.059;  -36.646; -552.054; -557.903
728.322;  -59.194; -841.054; -669.903
728.586;  110.333; -692.054; -701.903
728.849;  -48.890; -695.053; -756.904
729.112;  -91.638; -812.053; -912.904
729.376; -100.210; -959.053; -905.904
729.639;  -58.058; -536.053; -536.905
729.903;  -99.256; -733.053; -699.905
730.166;  -19.904; -437.052; -399.906
730.429;  -11.377; -317.052; -468.906
730.693;  -54.149; -355.052; -894.906
730.956;  210.853;  810.948;  651.093
731.219; 1048.280; -310.052; -103.907
731.482;  228.482;-1003.051; -894.907
731.745;  268.709; -794.051; -935.908
732.009;   25.787;  -30.051;   50.092
732.272;  -75.136; -904.051; -771.909
732.535;  -40.934; -300.051; -310.909
732.798; -131.707;-1083.050;-1166.909
733.061;  -35.730; -430.050; -456.910
733.324;   27.773;   31.950; -180.910
733.587;   77.100;  290.950;  365.090
733.850;  -50.523; -973.049;-1050.911
734.113;   43.529;   33.951;   32.089
734.376;   36.081; -328.049; -447.912
734.639;  247.459; 1188.951; 1011.088
734.901;  123.636; -180.049; -402.912
735.164;  728.013; -883.048; -837.913
735.427; 2017.365; -166.048; -355.913
735.690;  190.042; -205.048; -234.913
735.952;   37.645; -923.048; -925.914
736.215;   42.847;-1113.048;-1009.914
736.478;  118.699; -771.047; -774.915
736.740;  326.576;   33.953;  129.085
737.003;  876.103; -658.047; -672.915
737.266; 6062.756;  -94.047;   46.084
737.528;  713.108; -682.047; -660.916
737.791;  469.485; -316.046; -327.916
738.053;  994.487;  465.954;  649.083
738.316;13347.339; -162.046; -136.917
738.578;11232.567; -770.046; -736.918
738.841;  648.844; -382.046; -446.918
739.103;  298.821; -875.045; -777.918
739.365;  758.448;   79.955;  -69.919
739.628;   74.425; -884.045; -805.919
739.890;   32.903; -758.045; -710.919
740.152;    3.955; -692.044; -754.920
740.414;   32.432; -408.044; -359.920
740.677;  -16.316; -785.044; -634.921
740.939;   -6.164; -587.044; -487.921
741.201;  432.439; -432.044; -572.921
741.463;  130.666; -689.043; -745.922
741.725;   38.468;  -21.043; -199.922
741.987;   76.245;  220.957;  116.078
742.249;   70.247; -751.043; -859.923
742.511;  381.050; -703.043; -794.923
742.773;   88.452; -546.042; -546.924
743.035;  155.929;  796.958;  533.076
743.297;   10.431; -963.042;-1013.924
743.559; 1071.658; -278.042; -262.925
743.821;  189.985; -735.042; -744.925
744.083;   42.963;  -44.041; -149.925
744.345;  -54.910; -869.041; -892.926
744.607;   49.692;   75.959;  122.074
744.868;  -31.056; -490.041; -554.927
745.130;  -86.279; -994.041;-1008.927
745.392;   76.299;   -1.040;  -44.927
745.653;   22.476; -411.040; -378.928
745.915;  169.228;  896.960;  631.072
746.177;   90.155;   35.960;  -43.928
746.438;   39.007; -428.040; -543.929
746.700;   19.735; -947.039; -988.929
746.961;   64.837; -659.039; -740.930
747.223;  226.389; -190.039;  -74.930
747.484;  170.816; -391.039; -471.930
747.746;  226.918;  -23.038; -106.931
748.007;  229.371; -647.038; -689.931
748.269;  434.948; -468.038; -440.931
748.530;  820.150; -852.038; -638.932
748.791;  426.002; -354.038; -420.932
749.053;  637.329;  286.963;  163.067
749.314;  693.332; -236.037; -169.933
749.575;  812.309; -945.037; -905.933
749.836; 1248.761; -217.037;   86.066
750.098; 3185.538;  -60.037;  -21.934
750.359;50389.240;  414.964;  555.066
750.620;15460.093; -121.036; -220.935
750.881; 1543.770; -585.036; -513.935
751.142; 1949.172; -950.036; -938.936
751.403;21417.374; -789.036; -705.936
751.664;11557.826;-1034.035; -999.936
751.925;  732.004; -175.035; -262.937
752.186;  430.356; -298.035; -278.937
752.447;  230.858; -590.035; -445.937
752.708;  124.860; -532.035; -648.938
752.969;   71.887; -566.034; -576.938
753.230;   47.865; -777.034; -672.939
753.491;   56.392; -650.034; -631.939
753.751;  117.419;  109.966;   19.061
754.012;  145.096;  258.967;  181.060
754.273;  118.223; -174.033;  -71.940
754.534;   72.101; -487.033; -580.940
754.794;  -54.522; -926.033; -911.941
755.055;  163.155; 1051.967;  881.059
755.316;  -10.843; -700.032; -566.942
755.576;    8.859; -606.032; -576.942
755.837;   -6.288; -527.032; -695.942
756.097;  -13.186; -530.032; -564.943
756.358;  -33.109; -725.032; -770.943
756.618;  -21.832; -705.031; -641.943
756.879;   33.595; -254.031; -349.944
757.139; -102.127;-1098.031;-1116.944
757.400;  -31.875; -538.031; -553.945
757.660;   -2.773; -365.031; -401.945
757.920;   49.454; -266.030; -228.945
758.181;    0.881; -468.030; -351.946
758.441;  -59.316; -870.030; -809.946
758.701;   -7.814; -308.030; -215.946
758.961;    5.538; -220.030; -278.947
759.222;  -40.060; -574.029; -502.947
759.482;  -56.783; -683.029; -723.948
759.742;  -67.555; -706.029; -547.948
760.002;    9.372;  -83.029; -143.948
760.262;   35.099;   50.972;  182.051
760.522;  -31.324; -498.028; -574.949
760.782;  -41.947; -738.028; -612.949
761.042;  -14.894; -618.028; -573.950
761.302;   64.708;   55.972;  -18.950
761.562;   64.710; -164.027; -154.951
761.822;  133.687; -710.027; -551.951
762.082;  -18.711;-1104.027;-1093.951
762.342;   57.542; -328.027; -403.952
762.601;   89.744; -567.027; -506.952
762.861;  461.671; -281.026; -207.952
763.121;  388.373; -406.026; -411.953
763.381; 6409.375; -499.026; -485.953
763.640; 8801.753; -139.026; -307.954
763.900;  385.155; -242.026; -203.954
764.160;   82.832; -458.025; -491.954
764.419;   -5.216; -726.025; -782.955
764.679;  -73.714; -795.025; -726.955
764.939;  -12.537; -124.025; -210.955
765.198;  -61.184; -608.025; -563.956
765.458;  -88.632; -710.024; -612.956
765.717;  -79.480; -454.024; -590.957
765.976;  -52.853; -428.024; -411.957
766.236;  -56.426; -475.024; -610.957
766.495;   24.002;  260.977;   73.042
766.755;  -56.646;-1090.023; -987.958
767.014;   49.606; -594.023; -665.958
767.273;  -45.792; -373.023; -397.959
767.533;  -30.090; -228.023; -307.959
767.792;  -26.062; -151.022; -188.960
768.051;  -49.235; -228.022; -276.960
768.310;  -77.133; -546.022; -650.960
768.569;   -1.381; -161.022;    4.039
768.828;  -11.804; -285.022; -363.961
769.088;  -99.526;-1050.021; -942.961
769.347;  -85.699; -755.021; -599.962
769.606;  -80.072; -876.021; -857.962
769.865; -101.220;-1016.021;-1033.963
770.124;   -2.818; -411.021; -336.963
770.383;  -12.740; -778.020; -910.963
770.641;   15.737; -398.020; -400.964
770.900;  -31.986; -953.020; -846.964
771.159;  -20.459; -851.020; -951.964
771.418;   14.293; -917.020; -779.965
771.677;  135.646; -224.019; -293.965
771.936;  176.798; -794.019; -865.966
772.194; 2010.000; -465.019; -437.966
772.453;13061.802; -213.019; -391.966
772.712; 1000.204;  416.982;  329.033
772.970;  139.657;   32.982;   63.033
773.229;  106.134;  -22.018;  102.033
773.488;  -75.664; -814.018; -770.968
773.746;   51.888;  296.982;  335.032
774.005;   13.215;  190.983;  -22.969
774.263;    3.518;  243.983;  177.031
774.522;  -48.605; -422.017; -548.969
774.780;  -84.053; -484.017; -417.970
775.039;  -85.301; -551.017; -531.970
775.297;  -29.124; -135.016; -351.970
775.555;  -88.021; -489.016; -612.971
775.814; -107.819; -618.016; -570.971
776.072; -116.092; -749.016; -740.971
776.330; -106.840; -630.016; -520.972
776.589; -110.388; -703.015; -721.972
776.847; -123.660; -645.015; -624.973
777.105; -166.258;-1016.015;-1032.973
777.363;  -81.256; -459.015; -454.973
777.621; -129.054; -660.015; -717.974
777.879;  -27.677;  -42.014;   32.026
778.138;  -85.249; -554.014; -717.974
778.396; -103.572; -585.014; -526.975
778.654; -160.895;-1015.014; -970.975
778.912;  -71.743; -269.014; -371.976
779.170; -124.166; -880.013; -803.976
779.427; -140.588; -922.013; -897.976
779.685; -115.611; -880.013; -832.977
779.943;  -55.884; -654.013; -593.977
780.201; -148.082; -964.012; -883.978
780.459; -120.530; -651.012; -610.978
780.717;  -82.202; -440.012; -390.978
780.974; -100.425; -449.012; -490.979
781.232;  -66.998; -358.012; -338.979
781.490;  -54.021; -551.011; -472.979
781.747;  -97.694; -555.011; -476.980
782.005;    5.734;  462.989;  254.020
782.263; -145.289; -542.011;-1004.981
782.520;  -78.312; -326.011; -501.981
782.778; -160.635;-1013.010;-1051.981
783.035; -150.958; -962.010; -938.982
783.293;  -48.255; -248.010; -206.982
783.550;  -67.103; -134.010; -198.982
783.808; -136.201; -764.010; -776.983
784.065; -148.849; -745.009; -874.983
784.322;  -40.872;   25.991;  -86.984
784.580; -136.769; -915.009; -771.984
784.837;  -98.142; -392.009; -466.984
785.094; -126.515; -783.009; -762.985
785.352;  -63.913; -304.008; -404.985
785.609;  -74.536; -934.008; -839.985
785.866;  -74.384; -345.008; -401.986
786.123;  -37.081; -639.008; -583.986
786.380;  -91.454; -665.008; -604.987
786.637;  -44.752; -225.007; -380.987
786.895;   36.950; -456.007; -543.987
787.152;  -49.173; -135.007; -267.988
787.409;  -46.445; -123.007; -225.988
787.666;  -78.418; -299.006; -378.988
787.923; -106.441; -616.006; -695.989
788.179;  -92.764; -551.006; -584.989
788.436;  -95.287; -585.006; -585.990
788.693;  -24.209;  -92.006;  -87.990
788.950;  189.643; -125.005; -112.990
789.207;  434.645; -381.005; -372.991
789.464;  -40.753; -161.005; -301.991
789.720;   -8.276;  150.995;  110.009
789.977; -152.023;-1003.005; -671.992
790.234;  -37.696;   44.996;  -66.992
790.490; -143.194; -884.004;-1031.993
790.747;  -18.967;  -85.004;   22.007
791.004;    3.010; -426.004; -348.993
791.260;  -71.562; -430.004; -560.994
791.517;  -86.910; -843.003; -788.994
791.773;  -29.783; -379.003; -342.994
792.030; -101.206; -596.003; -660.995
792.286; -100.679; -686.003; -636.995
792.543;  -14.201;  -74.002; -159.995
792.799;  -46.674; -584.002; -382.996
793.055; -152.422;-1179.002;-1210.996
793.312;  -85.270; -827.002; -816.997
793.568;  -56.893; -746.002; -599.997
793.824;    9.335; -226.001; -284.997
794.081;   29.012; -447.001; -508.998
794.337;   68.239; -664.001; -561.998
794.593; 1079.441; -319.001; -271.999
794.849; 7214.443; -746.001; -772.999
795.105;  438.746; -270.000; -261.999
795.361;   28.048; -490.000; -457.000
795.617;  -34.125; -875.000; -945.000
795.873;  -49.225; -360.000; -407.000
796.129;  -33.225; -368.000; -306.000
796.385;  -17.375; -124.000; -156.000
796.641;   73.350;  412.000;  550.000
796.897;  -77.250; -666.000; -635.000
797.153;   65.250;  453.000;  357.000
797.409;  -99.275; -785.000; -868.000
797.665;  -61.300; -625.000; -732.000
797.921;  -59.950; -775.000; -762.000
798.176;  -29.675; -744.000; -747.000
798.432;  -27.050; -824.000; -596.000
798.688;  -53.500;-1174.000;-1078.000
798.943;  114.900; -165.000; -147.000
799.199;   43.275;-1005.000; -959.000
799.455;  267.075;  369.000;  316.000
799.710;  193.575; -813.000; -380.000
799.966;  390.200; -162.000; -160.000
800.221;  600.400; -638.000; -721.000
800.477;11510.950; -743.000; -710.000
800.732;13462.200; -773.000; -800.000
800.988;  800.075;  205.000;  -19.000
801.243; 1479.525; -454.000; -344.000
801.498; 8159.850; -814.000; -739.000
801.754;  575.525; -289.000; -163.000
802.009;   99.525; -257.000; -335.000
802.264;  -15.475; -967.000;-1033.000
802.520;   35.900;  222.000;   -3.000
802.775;  -30.675; -524.000; -359.000
803.030;   41.850;  395.000;  356.000
803.285; -107.700; -840.000; -903.000
803.540;  -50.425; -686.000; -699.000
803.795;   -7.550; -648.000; -583.000
804.051;  -28.425; -279.000; -346.000
804.306;   22.100;  168.000;  128.000
804.561;  210.700;  451.000;  362.000
804.816;  137.975;  714.000;  861.000
805.071;   22.800; -185.000; -280.000
805.325;  343.025; -257.000; -427.000
805.580;  -70.250; -841.000; -877.000
805.835;    1.875; -204.000; -297.000
806.090;  -66.300; -760.000; -676.000
806.345;  -10.500; -344.000; -264.000
806.600;  -16.950; -549.000; -632.000
806.854;    0.175; -408.000; -538.000
807.109;  -12.375; -493.000; -577.000
807.364;   10.550; -407.000; -328.000
807.618;    6.025; -415.000; -381.000
807.873;   96.175; -470.000; -494.000
808.128;  140.950; -257.000; -518.000
808.382;  145.950; -224.000; -332.000
808.637;   90.150; -440.000; -511.000
808.891;  213.450; -257.000; -180.000
809.146;  119.325; -902.000; -794.000
809.400;  339.500; -848.000; -923.000
809.654;  416.100; -779.000; -551.000
809.909;  587.275; -841.000; -927.000
810.163; 6716.175; -813.000; -651.000
810.418;23279.200; -940.000; -861.000
810.672; 1405.175; -685.000; -690.000
810.926;  773.625; -993.000; -973.000
811.180; 1260.100; -439.000; -372.000
811.434;27016.525;  240.000;  135.000
811.689;14584.900; -231.000; -365.000
811.943;  750.350; -936.000; -953.000
812.197;  350.550; -893.000; -671.000
812.451;  150.875; -379.000; -514.000
812.705;  -14.100; -809.000; -619.000
812.959;    3.650; -263.000; -388.000
813.213;   -0.875; -283.000; -209.000
813.467;   65.300;  470.000;  253.000
813.721;  -93.425; -764.000; -792.000
813.975; -116.375; -826.000; -877.000
814.229;   31.900;  430.000;  353.000
814.482;  -47.000; -517.000; -566.000
814.736; -116.700; -766.000; -744.000
814.990; -116.000; -779.000; -872.000
815.244;  -43.625; -228.000; -285.000
815.497;  -80.800; -636.000; -601.000
815.751;  -21.200; -141.000;   82.000
816.005;  -79.000; -470.000; -586.000
816.258;  -66.725; -510.000; -363.000
816.512;  -90.150; -693.000; -610.000
816.766;    2.675;  121.000;  157.000
817.019;   19.950;  148.000;  149.000
817.273;  -89.050;-1000.000; -802.000
817.526;  -26.350; -206.000; -173.000
817.779;   13.850;-1049.000; -960.000
818.033;  -29.575; -693.000; -807.000
818.286; -123.325; -725.000; -792.000
818.540;  -85.750; -403.000; -403.000
818.793;  -73.325; -402.000; -489.000
819.046;  -97.150; -582.000; -520.000
819.299;  -38.550; -157.000; -166.000
819.553; -101.200; -552.000; -592.000
819.806; -171.125;-1016.000; -838.000
820.059;  -59.725; -334.000; -354.000
820.312;   21.850;  152.000;  185.000
820.565;  -29.350;  110.000;  -27.000
820.818;  -45.300;  -59.000; -173.000
821.071; -148.500;-1041.000; -957.000
821.324; -108.125; -536.000; -540.000
821.577;  -97.825; -457.000; -483.000
821.830;  -73.950; -270.000; -172.000
822.083; -120.950; -733.000; -288.000
822.336;  -46.050; -261.000; -167.000
822.589; -126.075; -805.000; -688.000
822.842; -144.375; -875.000; -770.000
823.094; -168.775;-1076.000;-1114.000
823.347; -127.925; -925.000; -729.000
823.600;   13.625;  402.000;  187.000
823.853;  -47.300; -311.000; -267.000
824.105;  -67.500; -331.000; -575.000
824.358;  -95.975; -617.000; -716.000
824.611;   35.875;  234.000;   40.000
824.863;  -34.325; -612.000; -591.000
825.116;   74.975;  -33.000;   27.000
825.368;  137.150; -366.000; -372.000
825.621;  265.275; -186.000; -240.000
825.873;  153.275; -704.000; -737.000
826.126;  673.075; -669.000; -641.000
826.378;14271.850; -389.000; -505.000
826.630; 4927.150; -890.000; -898.000
826.883;  116.900; -754.000; -693.000
827.135;   82.025; -279.000; -270.000
827.387;  -77.025; -893.000; -839.000
827.639;  -14.175;  -86.000;   32.000
827.892; -122.600; -742.000; -582.000
828.144; -136.975; -848.000; -804.000
828.396;  -35.100;  104.000;  -80.000
828.648;  -92.175; -440.000; -333.000
828.900; -139.325; -702.000; -795.000
829.152; -107.350; -684.000; -683.000
829.404;  -66.600; -215.000; -267.000
829.656;  -17.175;  321.000;  214.000
829.908;  -33.025;  393.000;  229.000
830.160; -153.625;-1064.000;-1047.000
830.412;  -80.050; -481.000; -430.000
830.664; -105.700; -557.000; -665.000
830.916;  -83.100; -268.000; -206.000
831.167; -167.550;-1073.000; -951.000
831.419; -100.025; -623.000; -566.000
831.671; -129.575; -764.000; -809.000
831.923;  -89.650; -311.000; -447.000
832.174;  -74.525; -273.000; -331.000
832.426; -110.450; -493.000; -582.000
832.678; -168.725;-1043.000;-1091.000
832.929; -163.050; -947.000; -935.000
833.181;  -28.675; -575.000; -677.000
833.432;  -29.400;  -59.000; -186.000
833.684;  -15.650;  112.000;  -27.000
833.935; -118.650; -610.000; -566.000
834.187; -126.975; -829.000; -823.000
834.438;  -52.975;  -58.000;  -25.000
834.689;  -57.850; -255.000; -123.000
834.941;  -58.950; -343.000; -244.000
835.192;  -77.950; -590.000; -533.000
835.443;  -88.800; -419.000; -506.000
835.695;   -4.875;  138.000;  -16.000
835.946;  -87.200; -608.000; -378.000
836.197; -108.275; -599.000; -622.000
836.448;  -82.500; -528.000; -395.000
836.699;  -40.200; -253.000; -341.000
836.950;    6.250;   72.000;    7.000
837.201; -129.825;-1003.000; -987.000
837.452;  -43.025; -356.000; -170.000
837.703;  -83.800; -791.000; -737.000
837.954;  -22.400; -205.000; -365.000
838.205;  -50.575;-1029.000;-1008.000
838.456;  275.750; -196.000; -282.000
838.707;   41.125; -423.000; -519.000
838.958;   55.700; -634.000; -647.000
839.209;  416.500;   18.000;   40.000
839.460;  174.100; -439.000; -201.000
839.710;  223.975; -135.000; -297.000
839.961;  517.000;  730.000;  612.000
840.212;  445.300; -382.000; -497.000
840.462; 1297.200; -328.000; -277.000
840.713;20769.725; -571.000; -536.000
840.964;11320.625;  -62.000; -143.000
841.214;  747.125; -384.000; -624.000
841.465;  706.375; -214.000; -141.000
841.715;  680.325; -417.000; -380.000
841.966;  842.250; -746.000; -685.000
842.216; 8888.750; -330.000; -431.000
842.466;44020.000; -169.000; -313.000
842.717; 3460.025; -964.000; -952.000
842.967;  417.900; -635.000; -641.000
843.217;  383.700;   20.000;   28.000
843.468;  116.200; -104.000; -132.000
843.718;   -5.150; -718.000; -726.000
843.968;  -63.775; -837.000; -765.000
844.218;   43.825; -315.000; -262.000
844.469;  -16.250; -577.000; -561.000
844.719;  -97.650; -537.000; -682.000
844.969;  -89.900; -550.000; -580.000
845.219; -128.075; -814.000; -862.000
845.469;  -71.325; -392.000; -342.000
845.719; -137.050; -792.000; -884.000
845.969;  -26.800;  119.000;  174.000
846.219; -118.875; -738.000; -720.000
846.469;   13.250;  464.000;  432.000
846.718;  -43.325; -115.000;   31.000
846.968; -131.225; -827.000; -827.000
847.218;  -43.300; -224.000; -371.000
847.468;    3.550; -586.000; -555.000
847.718; -141.425; -827.000; -798.000
847.967; -124.650; -826.000; -915.000
848.217;  -73.475; -449.000; -569.000
848.467;  -60.625; -405.000; -376.000
848.716; -104.050; -708.000; -725.000
848.966;   30.600; -372.000; -358.000
849.215;  -43.350; -428.000; -419.000
849.465;  -75.900; -785.000; -615.000
849.714; -107.425;-1132.000;-1150.000
849.964;  -47.625; -551.000; -613.000
850.213;   -3.375; -393.000; -355.000
850.463;   89.450;  137.000;  340.000
850.712;   40.975; -542.000; -567.000
850.961;   68.950; -739.000; -678.000
851.211;  181.250; -513.000; -504.000
851.460;  265.400; -635.000; -650.000
851.709;  713.750;  -25.000;   18.000
851.958;11753.125; -912.000; -750.000
852.208;19371.825; -859.000; -879.000
852.457;  800.125; -181.000;  -13.000
852.706;  146.100; -791.000; -823.000
852.955;   76.500; -507.000; -528.000
853.204;  -58.400; -521.000; -461.000
853.453;  -62.525; -418.000; -458.000
853.702; -116.975; -660.000; -750.000
853.951; -106.925; -532.000; -520.000
854.200; -110.900; -613.000; -562.000
854.449; -135.200; -695.000; -661.000
854.698; -102.625; -340.000; -279.000
854.946;  -73.375; -181.000; -284.000
855.195; -158.775; -843.000; -868.000
855.444; -110.800; -395.000; -420.000
855.693; -106.125; -345.000; -432.000
855.941;  -98.050; -387.000; -516.000
856.190;  -45.750; -256.000; -382.000
856.439; -120.800; -652.000; -703.000
856.687;  -38.950;  -99.000;  -72.000
856.936; -119.450; -621.000; -323.000
857.184; -176.600;-1067.000;-1020.000
857.433; -105.150; -423.000; -512.000
857.681; -152.625; -989.000; -953.000
857.930;  -59.400; -282.000; -433.000
858.178; -164.425; -856.000; -929.000
858.427; -143.350; -802.000; -781.000
858.675; -114.175; -377.000; -544.000
858.923; -103.500; -527.000; -819.000
859.172; -168.875;-1094.000;-1070.000
859.420;  -83.050; -339.000; -239.000
859.668; -129.175; -624.000; -628.000
859.916;  -29.450;  109.000;  115.000
860.164; -101.600; -699.000; -603.000
860.413;  422.400; -878.000; -696.000
860.661;  509.675; -709.000; -577.000
860.909;  -79.950; -339.000; -325.000
861.157;  -80.350; -277.000; -444.000
861.405; -112.700; -534.000; -670.000
861.653;   10.650;  310.000;  310.000
861.901;  270.050; -543.000; -613.000
862.149;  127.150; -801.000; -824.000
862.396;  -87.075; -297.000; -187.000
862.644;  -85.750; -368.000; -347.000
862.892;  -40.925;   98.000;  138.000
863.140; -125.075; -549.000; -530.000
863.388; -148.675; -815.000; -759.000
863.635; -114.475; -642.000; -601.000
863.883;  -31.600;  231.000;  190.000
864.131;  -99.725; -288.000; -357.000
864.378; -129.600; -675.000; -540.000
864.626;  -93.275; -347.000; -415.000
864.873; -105.200; -556.000; -505.000
865.121; -135.525; -714.000; -799.000
865.368;  -41.750; -173.000;   75.000
865.616;  -45.900;  -33.000;  -40.000
865.863;  -70.750; -462.000; -506.000
866.111; -101.425; -795.000; -824.000
866.358;   48.825; -426.000; -420.000
866.605; 2294.900;  -64.000; -804.000
866.853; 3228.850; -621.000; -537.000
867.100;   24.300; -728.000; -775.000
867.347;  -92.575; -672.000; -611.000
867.594;  -68.650; -740.000; -714.000
867.841;  141.400;   97.000;   17.000
868.089; -134.250; -746.000; -698.000
868.336; -109.700; -477.000; -420.000
868.583; -129.700; -637.000; -741.000
868.830;  -66.600; -131.000; -170.000
869.077; -172.550; -859.000; -787.000
869.324; -125.000; -502.000; -458.000
869.571; -121.500; -398.000; -430.000
869.818; -125.550; -485.000; -439.000
870.065;  -87.175; -439.000; -513.000
870.311; -109.700; -456.000; -542.000
870.558; -107.025; -332.000; -311.000
870.805;  -83.400; -320.000; -384.000
871.052; -110.500; -494.000; -369.000
871.298;  -43.450; -204.000; -131.000
871.545;  -70.125; -151.000; -185.000
871.792;  -92.100; -173.000; -222.000
872.038;  -64.350;   43.000; -126.000
872.285; -128.500; -496.000; -387.000
872.532; -100.775; -357.000; -387.000
872.778;   -1.700;  556.000;  403.000
873.025; -101.800; -384.000; -359.000
873.271;    5.975;  501.000;  578.000
873.517;  -21.975; -133.000; -209.000
873.764;   -5.625; -193.000;  -80.000
874.010;  -64.100; -143.000; -230.000
874.257;  -44.425;  123.000;   90.000
874.503; -125.150; -579.000; -479.000
874.749;  -69.325;   31.000;  275.000
874.995;  -70.700;  -80.000;  -20.000
875.242; -123.375; -540.000; -478.000
875.488; -109.275; -414.000; -439.000
875.734;  -44.875; -106.000; -234.000
875.980;  293.825; -872.000;-1032.000
876.226;  672.100; -157.000; -255.000
876.472;   10.050;  343.000;  237.000
876.718;  -31.600;  184.000;  158.000
876.964;  -42.025;   56.000;   55.000
877.210; -149.475; -547.000; -677.000
877.456; -141.650; -630.000; -557.000
877.702; -177.800; -821.000; -832.000
877.948; -117.625; -377.000; -497.000
878.193;    3.325;  361.000;  255.000
878.439;  -71.100; -487.000; -472.000
878.685; -102.925; -272.000; -343.000
878.931; -127.925; -618.000; -676.000
879.176;  -90.200; -201.000; -201.000
879.422; -170.975; -933.000; -820.000
879.668;   37.475;   10.000;   79.000
879.913;  247.775;   53.000;  137.000
880.159;  -40.050; -112.000;  -17.000
880.404;  -56.875; -152.000; -162.000
880.650;  -41.100;   91.000;  141.000
880.895; -152.150; -670.000; -710.000
881.141; -138.000; -454.000; -428.000
881.386; -148.950; -503.000; -658.000
881.631; -106.800; -311.000; -166.000
881.877;  -30.625;  112.000;  -13.000
882.122; -129.400; -684.000; -600.000
882.367;  -84.625; -136.000; -186.000
882.612;  -85.650;  -80.000; -176.000
882.858; -168.450; -877.000; -823.000
883.103; -101.250; -297.000; -267.000
883.348; -138.850; -759.000; -852.000
883.593; -150.100; -677.000; -602.000
883.838;  -53.100; -311.000;  -24.000
884.083;   42.425;  353.000;  288.000
884.328;  -92.900; -564.000; -545.000
884.573;  -43.475; -196.000; -143.000
884.818;  304.700; -694.000; -531.000
885.063;  393.375; -348.000; -315.000
885.308;  -87.925; -475.000; -398.000
885.553;  -19.650;  245.000;  325.000
885.797; -107.350; -545.000; -615.000
886.042;  -61.750;    8.000;   58.000
886.287;  -92.850; -253.000; -211.000
886.532;  -55.550;   26.000;  204.000
886.776; -105.250; -407.000; -525.000
887.021; -129.025; -621.000; -574.000
887.265; -156.025; -685.000; -689.000
887.510; -137.575; -557.000; -496.000
887.755;  -94.025; -194.000; -164.000
887.999; -143.400; -552.000; -575.000
888.244;  -62.150;  -58.000;  161.000
888.488;  -20.100;  371.000;  393.000
888.732; -126.300; -368.000; -520.000
888.977; -135.725; -622.000; -567.000
889.221; -134.950; -683.000; -659.000
889.465; -123.400; -422.000; -566.000
889.710;  -89.250;  -56.000; -299.000
889.954;  -12.850;  579.000;  467.000
890.198; -132.025; -584.000; -707.000
890.442; -157.450; -716.000; -712.000
890.687; -169.100; -800.000; -753.000
890.931;  -98.025; -273.000; -210.000
891.175; -128.375; -502.000; -500.000
891.419;  -86.950; -105.000; -110.000
891.663;  -92.800; -239.000; -112.000
891.907; -166.475; -801.000; -545.000
892.151; -182.500; -920.000; -815.000
892.395; -128.650; -274.000; -387.000
892.638;  -24.225;  408.000;  291.000
892.882; -181.900; -780.000; -867.000
893.126;   -3.000;  758.000;  558.000
893.370;  -95.500; -167.000; -168.000
893.614; -151.575; -714.000; -715.000
893.857; -119.200; -183.000; -197.000
894.101; -131.750; -527.000; -631.000
894.345;  -60.000;  300.000;  150.000
894.588;   11.350;  569.000;  380.000
894.832;  -93.825; -178.000;  -84.000
895.075;  -78.975;   15.000;  -92.000
895.319; -139.775; -552.000; -420.000
895.563; -117.925; -413.000; -353.000
895.806; -139.275; -628.000; -741.000
896.049;  -44.450; -576.000; -368.000
896.293;  144.075;  527.000;  405.000
896.536;  -24.575; -465.000; -468.000
896.779;  -55.725; -149.000;   -1.000
897.023; -124.775; -751.000; -714.000
897.266;  -34.975;  325.000;  269.000
897.509; -176.100; -900.000; -901.000
897.752;  -70.975;  149.000;  171.000
897.996; -178.600; -972.000; -864.000
898.239;  -50.875;  168.000;  102.000
898.482; -121.800; -431.000; -453.000
898.725;  -36.050;  101.000;   53.000
898.968; -141.575; -609.000; -744.000
899.211; -100.375; -513.000; -361.000
899.454; -111.350; -633.000; -539.000
899.697;  -77.050;   90.000;  -43.000
899.940; -167.100; -761.000; -757.000
900.182; -107.700; -335.000; -405.000
900.425; -101.525; -150.000; -298.000
900.668;  -39.150;  491.000;  350.000
900.911;  -95.350; -292.000; -345.000
901.154;  -67.175;  141.000;   -3.000
901.396; -146.825; -407.000; -412.000
901.639; -151.175; -430.000; -496.000
901.882; -177.200; -790.000; -809.000
902.124; -100.550;  -29.000; -143.000
902.367; -117.000; -315.000; -361.000
902.609; -126.975; -476.000; -453.000
902.852;  -85.475; -108.000; -260.000
903.094; -146.725; -458.000; -337.000
903.337;  -60.775;  -26.000;   53.000
903.579; -125.700; -228.000; -441.000
903.821; -148.775; -597.000; -744.000
904.064;  -70.875;   85.000;  127.000
904.306;  -87.300; -126.000; -166.000
904.548;  -97.150; -152.000; -366.000
904.790; -112.500; -195.000; -340.000
905.033; -122.250; -625.000; -577.000
905.275; -126.525; -513.000; -524.000
905.517;   40.275;  468.000;  256.000
905.759;  -17.175; -667.000; -761.000
906.001;  -81.375; -322.000; -369.000
906.243;  -53.400; -162.000; -224.000
906.485;  170.725; -265.000; -207.000
906.727;  284.625; -499.000; -542.000
906.969;   -1.450;  -30.000; -135.000
907.211;  189.475; -316.000; -382.000
907.453;  475.150; -188.000; -237.000
907.695;   77.275; -158.000; -385.000
907.936;   30.600;  818.000;  706.000
908.178;  -65.575;   92.000; -135.000
908.420;  -74.250; -111.000; -162.000
908.662; -125.900; -633.000; -682.000
908.903; -100.950; -208.000; -123.000
909.145;  -67.800; -240.000; -305.000
909.386;   -2.825;  315.000;  280.000
909.628;   24.050;  363.000;  397.000
909.870;   12.050;   29.000;  264.000
910.111;  -84.075; -809.000; -949.000
910.353;   12.725; -123.000; -161.000
910.594;   -2.375; -574.000; -606.000
910.835;   77.350; -265.000; -326.000
911.077;  157.725; -503.000; -604.000
911.318;  283.675; -505.000; -471.000
911.559;  450.825; -577.000; -880.000
911.801; 1219.875; -284.000; -280.000
912.042; 8859.450;  -50.000; -159.000
912.283;27804.025;  404.000;  371.000
912.524; 5669.100; -396.000; -457.000
912.765;  568.500; -193.000;   79.000
913.006;  259.625; -307.000; -338.000
913.247;   60.200; -270.000; -290.000
913.488;    7.075;  -43.000;   30.000
913.729;  -73.050; -373.000; -373.000
913.970;  -78.000;  -96.000; -292.000
914.211;  -78.750; -160.000; -198.000
914.452;  -62.400; -118.000;  -11.000
914.693;   -1.800;  510.000;  592.000
914.934;   -1.150;  510.000;  440.000
915.175;  -69.075;   53.000;  -95.000
915.415;  -69.700; -137.000;   27.000
915.656;  -75.500;  -28.000;  192.000
915.897;  -85.525; -252.000;  -82.000
916.137;  -80.900;   74.000;   -9.000
916.378; -123.500; -573.000; -517.000
916.619;  -84.875; -159.000;  -63.000
916.859;  -33.475;  303.000;  330.000
917.100;  133.375; 1655.000; 1070.000
917.340;   37.175;  930.000;  728.000
917.581;   41.425;  965.000;  789.000
917.821;  -12.925; -171.000;  143.000
918.061;   78.725; -199.000;  -72.000
918.302;  -39.100; -152.000; -211.000
918.542;  -13.775;  -22.000;    3.000
918.782;   58.925;  369.000;  377.000
919.023;  168.600;  360.000;  427.000
919.263; 1536.950; 8131.000;  202.000
919.503; 1745.450; -137.000;  -54.000
919.743;  921.150;  390.000;  266.000
919.983;  489.125; -134.000;  -26.000
920.223;  119.450;  135.000;   14.000
920.463;  188.850;  631.000;  554.000
920.703;  203.300;   84.000;   39.000
920.943;  238.525; -110.000;   90.000
921.183;  318.200; -414.000; -405.000
921.423;  630.425;  307.000;  546.000
921.663;  943.250; -174.000; -257.000
921.903; 1887.175;  237.000;  173.000
922.143; 9707.175;  372.000;  389.000
922.383;40772.900;  158.000;  115.000
922.622;18199.100; -120.000;  -15.000
922.862; 1870.625;  796.000;  785.000
923.102;  659.900;  -51.000;   33.000
923.341;  307.775;   59.000;   74.000
923.581;  134.525;  450.000;  360.000
923.821;   40.975;  301.000;  398.000
924.060;   25.200;  351.000;  193.000
924.300;  -33.125;  -16.000; -128.000
924.539;    3.325;  584.000;  473.000
924.779;   11.400;  812.000;  597.000
925.018;  -37.350;  247.000;  353.000
925.257;   -8.200;  595.000;  666.000
925.497;  -50.150;  447.000;  412.000
925.736;  -76.725;  -35.000;  102.000
925.975;   -5.675;  687.000;  669.000
926.214;   28.900;  907.000;  850.000
926.454;   28.100;  706.000;  757.000
926.693;  -54.200;  419.000;  543.000
926.932;   20.675; 1021.000;  825.000
927.171;   51.900; 1107.000; 1044.000
927.410;   73.050; 1144.000;  967.000
927.649;   -1.275;  924.000;  742.000
927.888;   -3.525;  590.000;  564.000
928.127;   -7.925;  680.000;  678.000
928.366;   32.600;  842.000;  826.000
928.605;   31.950;  831.000;  737.000
928.844;  290.550; 1451.000; 1393.000
929.083;  817.300;  770.000;  613.000
929.321;  494.275; 1335.000; 1359.000
929.560;  101.575; 1158.000; 1122.000
929.799;  -16.600;  574.000;  475.000
930.038;   72.175; 1025.000; 1394.000
930.276;  -44.375;  334.000;  397.000
930.515;  -18.250;  827.000;  681.000
930.753;  -27.950;  614.000;  589.000
930.992;  -21.950;  664.000;  717.000
931.230;   -2.325;  847.000;  847.000
931.469;  155.775; 2162.000;  892.000
931.707;   71.275;  840.000;  751.000
931.946;   50.300; 1278.000; 1344.000
932.184;   43.375; 1437.000; 1175.000
932.423;   42.125; 1265.000;  963.000
932.661;   97.350; 1296.000; 1428.000
932.899;   37.125;  987.000;  821.000
933.137;   23.675;  754.000;  564.000
933.376;  169.200; 1664.000; 1335.000
933.614;  194.525; 1759.000; 1196.000
933.852;   56.400; 1357.000; 1171.000
934.090;  132.375; 1722.000; 1747.000
934.328;   99.475; 1252.000; 1457.000
934.566;  107.975; 1431.000; 1110.000
934.804;  153.800; 1263.000; 1309.000
935.042;  537.250; 1861.000; 1850.000
935.280; 2106.225; 2088.000; 2063.000
935.518; 2475.400; 2113.000; 2007.000
935.756;  508.225; 2481.000; 2316.000
935.994;  197.275; 1808.000; 1751.000
936.231;  383.500; 2890.000; 2950.000
936.469;  212.675; 2367.000; 2378.000
936.707;  163.300; 2220.000; 2167.000
936.945;  235.325; 2825.000; 2882.000
937.182;  208.050; 2679.000; 2741.000
937.420;  319.450; 3602.000; 3031.000
937.657;  456.925; 3365.000; 3478.000
937.895;  398.900; 3331.000; 3488.000
938.133;  315.975; 3540.000; 3528.000
938.370;  341.150; 3896.000; 4191.000
938.607;  373.625; 4488.000; 4205.000
938.845;  535.600; 5587.000; 5549.000
939.082;  474.750; 5387.000; 5177.000
939.320;  533.775; 5799.000; 5728.000
939.557;  643.425; 6549.000; 6491.000
939.794;  709.025; 7285.000; 7097.000
940.031;  940.550; 8421.000; 8368.000
940.269; 1173.825; 9552.000; 9107.000
940.506; 1133.725;10901.000;10507.000

