
Integration time [ms]: 200.000
Averaging Nr. [scans]: 10
Smoothing Nr. [pixels]: 0
Data measured with spectrometer [name]: 2101013U2
Wave   ;Sample   ;Dark     ;Reference
[nm]   ;[counts] ;[counts] ;[counts] 

394.013;  -81.961; -450.257; -315.536
394.305; -127.861; -461.258; -419.536
394.596; -162.673; -676.269; -527.514
394.887; -189.971; -796.268; -654.518
395.178;    2.733;  145.736;   11.476
395.470;  -47.466; -210.263; -356.526
395.761;  120.631;  305.734;  394.479
396.052;  -96.887; -545.284; -306.489
396.343; -122.179; -557.276; -454.503
396.634;  -56.283; -200.279; -290.497
396.926; -126.171; -618.268; -565.517
397.217;    3.821;   11.725;  -17.504
397.508;  -77.277; -366.273; -154.507
397.799; -148.183; -555.279; -571.497
398.090; -248.983; -973.280; -902.495
398.381;   25.604;   11.708;  -11.473
398.672; -154.496; -585.292; -742.473
398.963; -105.082; -348.279; -373.498
399.254;   46.405;   54.709; -209.475
399.545; -249.370;-1017.266; -883.520
399.836;  -59.580; -407.277; -343.501
400.127;   -8.899; -205.295; -209.468
400.418;  -34.577; -423.274; -392.506
400.709;  -77.185; -359.281; -333.493
401.000;  -28.294; -268.291; -309.476
401.290;   80.094;  225.698;  115.545
401.581;  -14.889; -166.286; -228.485
401.872;  -85.502; -542.298; -486.462
402.163;  -58.100; -313.296; -252.467
402.454;  -10.695; -123.291; -163.475
402.744; -191.201; -844.297; -813.465
403.035;  -26.797; -226.293;  -86.471
403.326;  -79.195; -366.292; -384.474
403.617;   72.097;  204.701;  165.539
403.907; -162.287; -593.283; -679.490
404.198; -167.711; -545.307; -599.446
404.489; -178.086; -618.283; -588.491
404.779; -176.806; -618.302; -660.456
405.070;    7.392;  -67.304; -174.451
405.360;  -39.197; -259.293; -238.472
405.651;   58.496;  125.699;   98.542
405.942;   70.410;  209.714;  127.516
406.232; -101.788; -432.285; -413.487
406.523;  273.602;  641.706;  758.530
406.813; -171.090; -579.286; -644.484
407.104;  119.904;  261.708;  144.527
407.394; -220.502; -604.299; -591.462
407.685;   15.412;  336.715;  222.513
407.975;  -91.586; -400.283; -382.490
408.265;    3.707; -134.289; -190.478
408.556; -132.095; -472.291; -459.475
408.846;  171.103;  474.706;  429.530
409.137;    1.008;   -1.288; -216.480
409.427;  -61.388; -193.285; -271.487
409.717; -174.176; -776.273; -692.508
410.007;   22.211;    4.715; -170.486
410.298;  -71.998; -360.295; -342.469
410.588; -126.988; -495.285; -510.486
410.878; -237.091; -792.287; -873.482
411.168; -103.602; -481.298; -478.463
411.459;  -47.987; -295.283; -242.489
411.749; -166.995; -609.292; -507.474
412.039; -193.792; -755.289; -386.480
412.329;   36.319;   40.722;  132.501
412.619;  -42.489;  -62.286; -148.485
412.909;  222.407;  639.711;  594.521
413.199;  -41.583; -130.280; -251.495
413.490;  170.606;  521.710;  352.523
413.780; -245.983;-1013.279; -913.496
414.070;   66.821;  -46.276;  235.497
414.360; -152.582; -729.278; -666.498
414.650; -164.891; -726.288; -688.482
414.940; -135.383; -538.280; -441.496
415.230;   63.208;   50.712;   74.519
415.520;   91.827;  155.730;   66.486
415.809;  -43.985; -305.281; -125.493
416.099;  -76.980; -388.277; -229.501
416.389;  160.322;  435.726;  236.494
416.679;   28.534;   91.738;   85.473
416.969;  -82.690; -527.287; -503.483
417.259;   87.217;  341.721;  171.503
417.549;  121.515;  522.718;  318.508
417.838;  -18.671; -205.268; -147.518
418.128;  206.407;  650.710;  492.522
418.418; -134.476; -491.272; -579.509
418.708;   20.022;    9.726;  -48.506
418.997; -127.778; -474.275; -480.505
419.287; -234.477; -733.273; -790.507
419.577;  -38.987; -160.283; -123.489
419.866; -123.380; -588.277; -498.501
420.156;    2.327; -242.270;  -55.513
420.446;   -5.266; -112.263;  -26.526
420.735; -137.274; -376.271; -446.512
421.025;  543.218; 1830.722;  315.502
421.314;  -43.074; -203.271; -226.512
421.604;   48.728;   89.732;  233.484
421.893; -149.775; -705.271; -602.511
422.183; -109.466; -487.263; -461.526
422.472;  -27.474;  -36.271; -107.511
422.762;  -73.569; -416.266; -379.521
423.051; -249.979; -916.276; -916.503
423.341; -118.177; -491.273; -439.507
423.630;  -29.168; -121.265;   15.477
423.919;   18.522;   58.725;   49.495
424.209;  -90.866;  -31.263;   56.473
424.498;   44.329;   68.732;  161.483
424.787; -141.470; -535.267; -601.518
425.077;  -10.568;   34.735;   29.478
425.366; -232.465; -734.262; -744.528
425.655;  201.723;  639.727;  259.493
425.945; -106.450; -313.247; -268.554
426.234;   68.137;  117.741;  300.467
426.523;  -89.062;  -86.259; -350.534
426.812;   84.231;  107.734;  159.480
427.101;   14.228; -127.269; -323.515
427.390;   13.027;  -55.270;  -86.514
427.680; -104.660; -624.257; -411.538
427.969;  -30.058; -330.255; -301.540
428.258; -144.861; -385.257; -477.536
428.547;  109.125;  449.728;  397.490
428.836; -144.457; -421.253; -398.543
429.125;  -37.062; -199.259;  -72.534
429.414;  -67.954; -330.251; -294.548
429.703;  -49.354; -231.251; -213.548
429.992; -231.454; -938.250; -828.549
430.281; -107.967; -397.264; -331.524
430.570;   18.445;  -21.252;   32.454
430.859;   90.038;  279.741;  352.466
431.148;  188.349;  636.752;  631.446
431.437;  107.045;  391.748;  367.454
431.725; -157.460; -544.257; -481.536
432.014; -243.456; -845.253; -756.545
432.303;  -65.142; -149.239; -105.569
432.592;  -82.667; -460.263; -178.525
432.881; -178.051; -601.248; -437.554
433.169;  -53.758; -343.255;  -61.540
433.458;  134.462;  445.765;  540.424
433.747;  -76.565; -397.261; -289.529
434.036; -105.545; -275.242; -280.564
434.324;  -97.952; -395.249; -379.551
434.613;   20.054;   40.757;  159.437
434.902;   94.357;  333.760;  439.433
435.190;   54.958;   75.761;  295.431
435.479;  -42.048;  -52.245;   83.441
435.767; -135.947; -411.244; -427.561
436.056;  -83.745; -340.242; -294.563
436.345; -111.243; -372.240; -223.568
436.633;   61.547;   60.750;  383.450
436.922;  101.557;  208.760;  414.432
437.210;  -62.739; -194.236;    1.426
437.499; -161.938; -583.235; -432.576
437.787;  -97.839; -339.236;  -10.574
438.075;   10.859;   56.761;  162.430
438.364;   26.159;  -44.238;  250.429
438.652;  -93.229; -286.226; -138.592
438.941;    1.967;    3.770;  269.415
439.229; -179.455; -665.252; -466.545
439.517;  -42.037; -160.234;  -85.577
439.806; -165.327; -501.225; -290.595
440.094;  113.264;  377.766;  650.421
440.382; -154.036; -653.233; -302.580
440.670; -125.038; -361.235; -285.576
440.959; -135.425; -347.223; -170.599
441.247;  -58.732; -151.229; -109.587
441.535;  -58.538; -266.235;   31.423
441.823; -175.737; -497.234; -305.578
442.111;   51.069;  173.771;  327.412
442.400; -155.548; -628.245; -335.559
442.688;  -15.437; -111.234; -620.579
442.976; -229.115; -786.213; -450.617
443.264; -163.727; -324.224; -364.597
443.552;  -29.929; -258.226;   51.408
443.840;  151.662;  602.765;  876.423
444.128;  113.964;  265.767;  269.420
444.416; -155.431; -694.228; -312.588
444.704; -107.122; -465.219;  -92.605
444.992;  -41.829;   -0.226;  240.407
445.280; -141.333; -517.230;  -94.585
445.568; -203.815; -694.212; -396.618
445.856;  -24.824; -174.221;  357.398
446.143;  -56.122;  -54.220;   -7.604
446.431;    9.269;  -25.228;  625.411
446.719;  141.980;  489.783;  675.391
447.007;  142.666;  481.769;  705.416
447.295;  132.474;  597.777;  871.402
447.583;  -95.932; -464.229;  -34.587
447.870; -129.724; -434.221; -202.601
448.158;  -26.333; -104.230;  129.415
448.446; -204.422; -800.219; -338.604
448.733;  -28.226;   13.776;  269.403
449.021;   -4.515;   60.788;  341.382
449.309;  -43.413; -296.210;  208.379
449.596;   42.380;  128.783;   59.392
449.884; -136.725; -571.222; -325.600
450.172; -223.830; -756.227; -406.590
450.459;  168.083;  645.786;  780.387
450.747; -127.920; -411.218; -147.608
451.034;  181.769;  493.772;  889.411
451.322; -149.017; -413.214; -170.614
451.609;   56.274;  292.777;  508.403
451.897; -141.506; -550.203; -183.634
452.184; -178.626; -622.223; -400.598
452.472;   10.589;   97.792;  269.375
452.759;  169.878;  512.781;  864.395
453.047; -143.215; -407.212; -125.617
453.334; -152.621; -732.219; -216.606
453.621; -128.216; -438.214; -161.615
453.909;    2.893;   13.796;  384.368
454.196;  -71.001; -299.199; -123.641
454.483;   24.796;  317.798;  540.364
454.771;  -68.510; -215.208;  196.374
455.058;  -65.910; -316.207;  102.374
455.345;   17.205;   71.807;  344.347
455.632;  -51.409; -128.207;  235.373
455.919;  -35.399;  -82.196;  182.354
456.207; -233.801; -774.198; -450.642
456.494; -155.203; -475.200;  -66.639
456.781; -150.305; -399.202; -198.635
457.068;  -69.609; -253.206;  -29.628
457.355; -184.209; -698.206; -401.629
457.642; -155.308; -552.205; -290.630
457.929; -190.396; -778.194; -417.651
458.216; -172.315; -575.212; -354.617
458.503;  -34.196; -173.193;  -19.652
458.790; -268.910; -864.208; -630.625
459.077;  -43.004;  -77.202;  110.364
459.364; -134.597; -350.195; -210.649
459.651;   14.591;  -46.206;  220.372
459.938; -272.312; -864.209; -665.623
460.225;   55.496;  132.799;  276.363
460.512; -271.799; -836.197; -688.645
460.799;   16.980;  -32.218;  320.392
461.086; -117.002; -370.200; -251.640
461.372; -139.301; -509.198; -279.642
461.659;   -7.399; -165.196;  108.354
461.946;  -93.896; -445.193;  -54.651
462.233;  261.497;  842.800;  888.361
462.519; -234.603; -814.201; -464.639
462.806; -210.199; -768.197; -497.645
463.093;  -87.693; -445.191;  -66.656
463.380; -272.589; -920.186; -824.664
463.666;  -30.199; -259.197;  -18.646
463.953; -112.998; -406.195; -243.648
464.239;  -45.798; -173.195;  -77.648
464.526;  120.504;  413.806;  743.350
464.813; -146.492; -565.190; -304.658
465.099;  108.504;  606.807;  607.348
465.386;  241.305;  903.807;  921.348
465.672; -215.599; -694.197; -522.645
465.959; -155.290; -598.188; -520.662
466.245; -138.495; -468.193; -359.652
466.532;  -11.898; -109.195;   63.352
466.818; -119.189; -357.186; -216.664
467.104; -137.084; -488.182; -415.672
467.391; -178.092; -628.189; -459.658
467.677;  -61.488; -289.186;    9.335
467.964; -186.391; -682.189; -471.660
468.250;  -46.088; -331.186; -160.665
468.536;  -18.592;   90.811;  180.341
468.822; -218.187; -821.184; -574.668
469.109;  146.925;  351.827;  471.311
469.395;  199.606;  729.808;  787.346
469.681;    9.809;   46.811;  156.341
469.967; -182.791; -699.188; -382.660
470.254;  -77.090; -494.188; -306.662
470.540; -149.399; -601.196; -476.646
470.826; -136.283; -488.181; -397.675
471.112;   17.314;  288.816;  113.331
471.398;  -35.286; -253.183;  -58.670
471.684; -157.379; -626.177; -447.680
471.970; -296.882; -918.180; -981.675
472.256;  -89.994; -521.192; -441.654
472.542; -159.773; -499.171; -434.691
472.828; -179.884; -743.182; -607.672
473.114; -118.468; -380.166; -283.700
473.400; -139.778; -504.175; -293.684
473.686; -123.368; -452.166; -400.701
473.972;  -26.276; -230.174; -131.687
474.258; -261.075; -925.173; -843.689
474.544;  -30.780; -183.178;   -2.679
474.830;  -18.277;  -65.175;   45.316
475.116;  -62.592; -123.190; -196.658
475.401; -143.582; -558.180; -467.676
475.687; -201.582; -725.180; -718.676
475.973; -218.184; -673.181; -770.673
476.259;  220.123;  736.825;  764.315
476.544; -170.879; -539.176; -437.682
476.830; -138.574; -398.172; -322.690
477.116; -130.479; -430.177; -336.682
477.401;  113.218;  346.820;  358.324
477.687;  -96.678; -289.175; -405.684
477.973;    1.117;   21.819;   28.326
478.258; -153.965; -448.163; -348.706
478.544;    6.913;   21.815;   61.334
478.829; -219.373; -818.171; -738.692
479.115; -183.574; -749.172; -651.690
479.401; -111.876; -444.174; -449.686
479.686;  -31.182; -253.180;  -74.676
479.972; -231.480; -886.178; -776.680
480.257;  -72.368; -258.166;  -65.700
480.542; -136.072; -614.170; -469.693
480.828;  364.222; 1288.824; 1392.317
481.113; -152.578; -464.176; -426.683
481.399;  -67.063; -236.161; -202.711
481.684; -143.568; -620.166; -462.700
481.969;  -29.261; -158.159;  -73.713
482.255;  -97.371; -439.169; -285.695
482.540; -163.880; -569.178; -441.680
482.825; -116.689; -395.187; -404.663
483.110;  -14.371;  -85.169; -105.696
483.396; -208.159; -840.157; -652.718
483.681;  180.124;  543.826;  730.313
483.966; -252.462; -696.160; -700.712
484.251;  -99.776; -404.174; -310.687
484.536; -120.167; -356.165; -378.703
484.822;  -81.776; -205.173; -218.687
485.107; -146.054; -599.152; -502.726
485.392;  200.034;  662.836;  541.296
485.677;   66.030;  354.832;  163.302
485.962;   62.841;  160.843;  270.283
486.247;   15.536;  -14.162;   -8.707
486.532;  -69.268; -178.166; -325.701
486.817;   89.737;  381.839;  431.291
487.102; -176.656; -453.154; -514.722
487.387; -191.358; -637.156; -652.718
487.672;   -6.366; -154.164;  -38.705
487.957;  -91.762; -394.160; -286.711
488.241;  -84.252; -290.150; -314.729
488.526;  -82.454; -280.152; -148.726
488.811; -261.880; -881.177; -818.680
489.096; -222.956; -666.154; -702.723
489.381;   38.846;    3.847;  162.275
489.666; -133.063; -428.161; -510.710
489.950;  182.245;  558.846;  627.277
490.235; -161.053; -480.151; -458.728
490.520; -192.163; -756.161; -723.710
490.804; -220.458; -827.156; -736.719
491.089;  -97.250; -469.149; -299.732
491.374;  -16.066; -132.164;  -75.704
491.658; -219.949; -817.147; -717.735
491.943; -174.153; -657.152; -609.727
492.227;  -20.057; -178.155;  -38.721
492.512;  -79.659; -294.157; -341.717
492.797; -209.051; -713.149; -716.731
493.081; -200.649; -588.147; -598.735
493.366; -185.763; -751.161; -635.711
493.650;  237.957;  831.859;  917.254
493.935; -176.649; -648.147; -447.734
494.219; -209.044; -778.142; -687.743
494.503; -205.252; -585.150; -487.730
494.788;  -16.260;   46.842;   74.285
495.072;  102.748;  184.850;  434.271
495.356; -123.450; -463.148; -343.733
495.641; -241.248; -812.146; -736.736
495.925; -266.158; -976.156; -903.719
496.209; -129.950; -599.149; -451.732
496.494; -199.244; -763.142; -544.744
496.778;  -46.056; -364.154; -360.722
497.062; -197.258; -819.156; -627.719
497.346; -218.362; -869.160; -640.711
497.631;  138.350;  580.852;  560.266
497.915;   22.753;  -64.145;  175.261
498.199;  -92.459; -341.157; -277.718
498.483; -147.154; -562.152; -508.725
498.767;   83.548;  301.850;  300.271
499.051;  -11.451; -126.149; -100.732
499.335; -224.951; -693.149; -739.731
499.619;  -96.231; -381.129; -423.767
499.903;  -68.157; -272.155;  -65.721
500.187; -140.355; -588.153; -316.724
500.471; -239.654; -796.152; -595.727
500.755;  -10.763;   62.839;  -96.710
501.039; -113.757; -270.155; -357.721
501.323;   60.658;  -21.141;  264.254
501.607; -117.965; -447.163; -503.706
501.891; -139.558; -607.156; -512.718
502.174; -190.046; -726.144; -585.741
502.458;    3.147;   89.849;  370.273
502.742;  -37.540; -180.138; -191.751
503.026; -106.249; -412.147; -254.734
503.310; -127.061; -437.159; -375.713
503.593;  -75.649; -464.147; -325.735
503.877;  -65.735; -232.133; -156.760
504.161;  -52.955;    2.847;  -50.724
504.444; -244.660; -841.158; -710.716
504.728; -164.266; -487.164; -522.704
505.012;  -59.552; -257.150;  -76.729
505.295;  -97.963; -417.161; -212.711
505.579;  -85.158; -256.156; -496.719
505.862; -134.947; -555.145; -333.738
506.146; -172.261; -681.159; -758.714
506.429;  150.639;  568.841;  461.286
506.713; -192.553; -732.151; -667.728
506.996;   38.844;   90.846;  295.278
507.280; -193.167; -633.165; -474.703
507.563; -131.057; -469.155; -261.721
507.847; -162.755; -423.153; -112.724
508.130; -174.562; -665.161; -456.711
508.413; -174.869; -758.167; -577.700
508.697;   -7.469; -151.167;   12.300
508.980; -132.555; -422.153; -312.724
509.263; -129.157; -466.155; -450.720
509.547;  -43.552; -124.150;   82.271
509.830;   -8.262; -172.160;  140.289
510.113;   56.742;  128.844;  298.281
510.396; -126.654; -530.152; -300.725
510.680; -259.147; -818.145; -812.738
510.963;   31.544;  184.846;  180.277
511.246; -156.551; -493.150; -357.730
511.529; -112.446; -482.145;  -83.739
511.812;  -76.235; -250.134;   10.241
512.095; -165.553; -740.151; -396.728
512.378;  -86.649; -317.147; -245.736
512.661; -209.339; -703.137; -623.753
512.944; -218.944; -750.142; -637.744
513.227;  -48.839; -170.137; -171.752
513.510; -159.546; -479.144; -671.741
513.793; -167.442; -485.140; -435.747
514.076;  -20.129;  -43.127;  -39.771
514.359;  -60.950; -294.149; -135.732
514.642; -167.744; -442.142; -567.744
514.925;  166.558;  581.860;  561.253
515.208; -149.936; -498.134; -443.758
515.491;  -78.034; -276.133; -182.761
515.773; -162.245; -410.143; -337.742
516.056;  101.562;  249.864;  409.246
516.339; -244.638; -754.136; -652.755
516.622; -172.652; -518.150; -488.730
516.904;  281.556;  882.857;  975.257
517.187; -228.339; -730.138; -523.752
517.470; -155.644; -568.143; -510.743
517.752; -176.637; -624.136; -470.756
518.035; -231.741; -708.139; -725.749
518.318; -240.338; -799.136; -744.755
518.600; -137.534; -300.132; -325.762
518.883;   43.356;  310.858;   88.256
519.165; -175.940; -585.138; -426.751
519.448;  -35.534;  -61.132;  -19.762
519.730; -193.128; -573.126; -415.773
520.013;  193.565;  588.867;  664.240
520.295;  -65.235;  -94.134;  -15.759
520.578;  -99.332; -335.131; -305.764
520.860;  -58.034; -254.132;   56.238
521.143; -206.637; -763.135; -584.756
521.425; -109.926; -251.125; -279.775
521.707; -137.629; -622.127; -380.771
521.990;  -22.728; -199.127;  167.229
522.272;  -32.842; -116.140;   -4.748
522.554;  -70.345; -237.143; -157.742
522.836;  -11.935;  -24.134;   99.241
523.119; -148.749; -496.148; -189.734
523.401; -110.232; -448.130; -314.766
523.683; -239.339; -865.137; -693.753
523.965;   46.460;  408.862;  260.248
524.247;  -18.324;   54.878;  170.220
524.529; -160.235; -451.134; -367.759
524.812;  -13.231;   -3.130;  191.234
525.094; -235.040; -773.138; -631.751
525.376;  -37.325; -143.124;   78.223
525.658; -132.538; -441.136; -339.754
525.940; -253.033; -805.131; -671.764
526.222; -109.638; -188.136;  -88.755
526.504;  -43.233; -190.131;   32.237
526.786; -251.535; -960.133; -647.760
527.068;  -97.325; -124.123;  -67.778
527.349; -255.938; -865.137; -774.754
527.631;  -59.534; -137.132;   22.238
527.913; -173.729; -664.127; -450.771
528.195; -239.427; -761.125; -639.774
528.477;  -67.636;  -93.134;  -30.758
528.759; -217.231; -648.130; -522.766
529.040; -151.725; -569.123; -293.778
529.322;  -85.027; -235.125;  -10.774
529.604;  -23.431;  -47.130;   93.233
529.886; -159.328; -546.126; -302.773
530.167;   50.668;  232.870;  192.235
530.449;   -5.449;    1.853;   63.265
530.731; -174.624; -572.122; -459.779
531.012; -137.621; -513.120; -216.784
531.294;  -39.617; -118.116;  -43.792
531.575;  103.374;  290.875;  538.225
531.857; -161.636; -548.135; -266.757
532.138;  -63.943; -113.141;   40.254
532.420;   52.163;  294.865;  403.244
532.701; -256.235; -722.133; -751.760
532.983;   56.166;  232.867;  182.239
533.264;  -36.028; -243.126;  175.228
533.546; -131.638; -491.136; -508.755
533.827;  -14.535;  173.867;   -1.759
534.109; -108.336; -352.135;  -80.757
534.390; -240.033; -725.132; -582.762
534.671;  -57.837; -270.135;  -82.756
534.953; -265.824; -751.123; -611.779
535.234; -144.619; -426.117; -255.789
535.515; -276.321; -891.119; -735.785
535.796; -100.929; -431.128; -193.770
536.078; -328.325;-1050.124; -904.777
536.359;  -54.624;  -22.123;    3.221
536.640; -151.527; -480.125; -197.774
536.921;   40.969;  225.871;  143.232
537.202;  -96.240;  -87.138;  -16.751
537.483;   55.668;  251.869;  377.236
537.764;    2.068;   17.870;   98.235
538.045; -165.536; -543.134; -371.758
538.326; -190.430; -596.129; -447.768
538.607; -203.528; -686.127; -476.771
538.888;  -53.123;   98.879;    5.218
539.169; -227.023; -704.122; -535.781
539.450;   17.869;  236.871;   16.233
539.731;  -92.522; -361.121; -182.783
540.012;  -12.821;  199.880;  412.216
540.293;   -9.626;   82.876;  158.224
540.574; -281.515; -895.113; -717.796
540.855;   84.578;  435.879;  377.218
541.136;   -5.823;   47.878;  139.220
541.416;  -98.331; -161.130; -220.766
541.697; -114.433; -274.131; -170.763
541.978;  -99.837; -270.135; -315.757
542.259; -120.228; -211.127; -236.771
542.539; -121.418; -191.116; -186.790
542.820;   75.074;  461.875;  480.225
543.101;  -71.647;  -52.145;  -77.738
543.381; -277.328; -638.127; -591.771
543.662;  -38.129;  159.873; -254.771
543.942; -296.229; -751.127; -830.770
544.223;   17.977;  193.878;  161.219
544.504; -107.225; -275.124; -182.777
544.784; -186.928; -592.126; -408.773
545.065; -132.117;  104.884; -254.791
545.345;  -20.721;  227.881;   14.215
545.626;  -52.115;  -14.113; -108.796
545.906;  -20.932;   77.869;   98.235
546.186;  -80.927;   92.874;  -95.773
546.467;  -55.025;   99.877;  -95.778
546.747;   30.282;  264.884;  327.210
547.027;   10.475;   91.876;  111.223
547.308; -178.729; -376.127; -530.770
547.588;   38.670;  299.871;  371.232
547.868;   84.668;  458.870;  588.235
548.149;  180.284;  609.885;  593.207
548.429; -128.829; -347.127; -299.771
548.709; -182.922; -645.120; -461.784
548.989;   -4.619;   84.882;   88.213
549.269; -101.734;   10.868;  139.239
549.550;  -18.224;  215.877;  117.222
549.830; -201.113; -758.111; -556.799
550.110; -159.912; -468.110; -320.801
550.390; -101.224; -128.122;  -56.779
550.670; -276.815; -868.114; -783.795
550.950; -191.622; -509.121; -471.782
551.230;  114.577;  549.879;  460.218
551.510; -155.222; -381.121; -326.782
551.790;  -99.311; -173.109; -127.803
552.070;  271.675;  940.877; 1181.223
552.350; -145.920; -492.119; -377.786
552.630;   15.977;   -2.121;   77.219
552.909;   14.283;  181.884;   73.209
553.189;  -44.333;  -49.132;   33.237
553.469; -196.420; -703.119; -514.786
553.749; -193.528; -469.127; -357.772
554.029;  -29.518;   33.883;  -24.790
554.308;  -65.716; -154.115;  -37.794
554.588; -127.229; -196.128; -204.770
554.868;  -93.122; -366.121;  -47.782
555.147;  -39.016; -114.115;  -46.793
555.427; -147.417; -260.116; -250.792
555.707; -123.216; -284.115; -200.793
555.986; -203.012; -719.111; -538.800
556.266;  -31.318;   23.884;   72.210
556.546; -247.522; -888.121; -675.782
556.825; -237.615; -657.114; -556.794
557.105;  -37.629; -125.128;   17.230
557.384;  -16.517;  122.884;  187.209
557.664; -209.317; -717.116; -508.792
557.943; -190.822; -557.121; -411.782
558.222; -119.419; -345.118; -344.788
558.502;  -67.616; -116.115;  -76.793
558.781;   74.383;  194.885;  499.208
559.061; -131.919; -232.118; -227.788
559.340;   42.681;  302.883;  353.211
559.619;  -18.918;   93.884;  148.210
559.899; -106.718; -239.117; -266.789
560.178; -243.316; -778.115; -593.793
560.457; -235.018; -623.117; -562.790
560.736; -199.412; -472.111; -482.800
561.015; -164.530; -500.128; -502.769
561.295;  -27.609;  180.893;  215.193
561.574;    5.684;  119.885;  116.207
561.853;   17.390;  274.891;  303.197
562.132;  -10.116;  -45.114;  182.206
562.411;   97.777;  396.879;  553.219
562.690; -200.217; -592.115; -458.792
562.969;  120.686;  472.888;  630.203
563.248;  797.377; 2966.878; 2487.219
563.527; -121.512; -290.111; -408.800
563.806; -202.629; -650.127; -521.771
564.085; -106.307; -297.105; -206.810
564.364; -191.618; -594.117; -405.790
564.643; -134.223; -276.121; -223.781
564.922;   19.689;  221.890;  397.198
565.201; -232.411; -640.109; -700.803
565.479; -120.017; -297.115; -219.792
565.758; -265.429; -810.128; -712.770
566.037;  -59.911; -155.109; -100.803
566.316;  -97.317; -286.116;  -28.791
566.595;  -52.016;  -17.115;  -12.793
566.873;   85.788; -166.111;  -79.801
567.152; -177.714; -490.113; -590.797
567.431;  -79.318; -113.116;    6.210
567.709;  -88.809; -344.107; -212.807
567.988; -266.415; -810.114; -769.794
568.266;  -75.416; -160.115;  -68.793
568.545; -202.201; -644.100; -514.819
568.824;   85.283;  160.885;  356.208
569.102; -135.315; -351.114; -235.794
569.381; -170.517; -492.116; -407.792
569.659; -195.214; -553.113; -553.796
569.938; -196.023; -743.122; -465.780
570.216;  -83.210; -225.109; -225.804
570.494; -222.215; -632.114; -572.795
570.773;   22.078;  202.879;  114.218
571.051; -136.125; -373.123; -357.778
571.330;  -64.115; -221.113; -174.796
571.608;  -75.899; -181.098; -173.823
571.886; -237.813; -671.111; -581.799
572.164; -210.222; -739.121; -621.782
572.443; -178.206; -562.105; -512.811
572.721; -124.318; -399.117; -289.790
572.999; -150.819; -280.117; -168.788
573.277;  111.293;  379.894;  620.191
573.555;  -69.607;   94.894;   37.190
573.834;  -91.519;  -86.117; -114.788
574.112;  216.192;  880.893;  811.193
574.390;  -61.212; -143.111;  -96.801
574.668;  -78.514;  -91.112;  -61.797
574.946;  -82.807; -165.106; -187.810
575.224;  -38.011;   71.891;  -16.803
575.502;  -68.618; -200.116; -204.791
575.780; -249.014; -767.112; -829.798
576.058;  492.788; 1589.889; 1004.200
576.336;  -84.212; -210.110; -129.801
576.614; -168.114; -511.112; -340.798
576.891; -215.416; -711.115; -823.794
577.169;  -81.009; -158.108; -285.805
577.447;   33.392;  169.893;  202.193
577.725;  181.887;  629.888;  854.201
578.003; -111.013;  -71.112; -371.798
578.280;  -65.805; -208.104; -242.812
578.558; -237.416; -450.115; -422.793
578.836;  -74.815; -210.114; -145.795
579.114; -256.314; -630.112; -670.797
579.391;   -5.619;   -6.117;  -18.789
579.669; -259.816; -595.114; -704.794
579.947; -118.409; -326.107; -127.806
580.224; -217.009; -692.107; -524.806
580.502;    1.292;  127.893;   76.193
580.779;  -24.518;  -42.117;   75.210
581.057; -152.510; -584.109; -470.804
581.334; -239.904; -726.102; -695.815
581.612;   68.793;   54.895;  511.190
581.889;  -80.502;  -83.101; -129.818
582.167; -103.900; -298.099; -190.821
582.444; -243.103; -845.102; -814.817
582.721;  157.997;  657.899;  715.183
582.999;  -73.101; -326.100; -167.821
583.276; -240.524; -812.123; -713.779
583.553; -128.803; -364.102; -294.816
583.831; -216.406; -607.104; -631.812
584.108;   21.490;  349.892;  174.195
584.385;  -82.704; -122.102;  -98.815
584.662; -245.412; -651.111; -828.801
584.940;   47.888;  204.889;  204.199
585.217; -126.014;  -73.113; -303.796
585.494;   28.289;   71.890;  118.198
585.771; -108.310; -250.109; -354.804
586.048;  -86.414; -196.113;  -76.796
586.325; -239.712; -721.110; -773.801
586.602;   52.995;  230.896;  213.188
586.879; -214.201; -499.100; -580.820
587.156;  -96.607; -156.105; -331.810
587.433; -234.703; -701.102; -667.817
587.710;  -25.814;  152.888;  234.202
587.987; -129.706; -264.105; -236.811
588.264;   52.287;  315.888;  387.202
588.541;  -48.405;  -61.104;   26.187
588.818;  -21.010;   72.892;  171.196
589.095; -117.706; -163.104; -174.812
589.371; -170.910; -459.109; -414.804
589.648; -174.308; -581.107; -437.807
589.925; -179.815; -517.114; -621.795
590.202; -241.714; -741.112; -607.798
590.478;  -73.206; -166.105;  -73.811
590.755;  -81.109; -241.108; -132.806
591.032; -216.711; -741.110; -699.802
591.308; -245.595; -732.094; -790.831
591.585; -199.411; -573.110; -560.802
591.862; -308.703;-1056.102; -950.817
592.138; -160.109; -475.108; -474.805
592.415; -167.305; -486.104; -495.813
592.691;  137.395;  460.896;  518.188
592.968; -120.099; -208.098; -123.824
593.244; -229.218; -695.116; -595.790
593.521;  -82.003; -105.102;  -42.817
593.797; -249.724; -810.122; -720.780
594.074; -212.398; -611.096; -588.826
594.350;  199.504;  828.905;  729.172
594.626; -126.712; -303.111; -283.801
594.903; -170.003; -643.101; -645.817
595.179;   48.695;  243.896;  418.187
595.455;  -79.608; -136.107; -150.807
595.731;  -81.805;  -19.103;  -38.814
596.008; -165.413; -464.111; -434.800
596.284; -118.501; -187.100; -242.820
596.560; -148.994; -501.093; -493.833
596.836; -132.806; -173.105;  -70.810
597.112; -151.509; -582.108; -437.805
597.388;  -66.098;  -49.097;  -48.826
597.665;   94.586;  437.887;  530.203
597.941; -230.091; -572.089; -658.839
598.217; -105.611; -323.110; -293.802
598.493;  -74.810;   61.891; -204.804
598.769;  -70.202; -175.100;  -50.819
599.045; -209.509; -490.108; -562.806
599.321; -130.601; -193.100; -261.820
599.597; -131.110; -355.109; -476.804
599.872;   89.295;  409.896;  429.187
600.148;  -70.898;  -61.097; -172.826
600.424;   37.792;   91.893;  202.193
600.700;  -88.108; -170.107; -280.807
600.976; -174.098; -442.097; -464.825
601.252; -123.510; -226.109; -272.803
601.527; -277.405; -833.104; -840.813
601.803; -155.706; -453.105; -404.812
602.079;  -40.002; -124.100; -118.819
602.354; -202.593; -620.092; -531.835
602.630;  -86.714; -140.113; -482.796
602.906; -254.702; -910.101; -863.818
603.181; -171.720; -627.119; -534.786
603.457;  -40.998;   98.903; -278.826
603.733; -210.322; -605.120; -626.783
604.008;  -98.107; -245.106; -164.810
604.284; -156.203; -636.101; -580.817
604.559;  -35.513;   -3.112;  -42.799
604.835;  -89.206; -163.105; -225.810
605.110; -263.200; -732.099; -892.821
605.385;  116.906;  224.907;  267.167
605.661; -218.196; -625.095; -729.829
605.936; -201.309; -664.108; -737.806
606.211;  -41.004;  -17.103; -170.815
606.487; -120.816; -329.114; -376.794
606.762; -251.120; -791.119; -745.786
607.037; -158.506; -501.105; -433.810
607.313; -195.197; -589.096; -574.828
607.588;  -60.007; -375.106; -137.810
607.863;  -76.302;  -28.101; -143.818
608.138;  128.189;  513.890;  516.198
608.413; -180.700; -576.099; -592.822
608.688; -117.309; -203.108; -267.805
608.964; -117.408; -509.106; -218.809
609.239;  -61.407; -107.105; -212.810
609.514;   18.394;  281.895;  240.188
609.789; -216.505; -187.104; -716.812
610.064; -171.897; -435.096; -609.827
610.339; -260.710; -855.109; -799.804
610.614;  -69.701; -131.100; -315.820
610.889;   29.394;  215.895;  107.188
611.163; -190.506; -407.104; -591.812
611.438;  -84.715;   81.886; -167.794
611.713; -169.903; -467.101; -499.817
611.988;  -80.002; -144.101; -328.818
612.263; -246.604; -771.102; -717.815
612.538;  105.686;  385.887;  251.204
612.812; -241.901; -832.100; -911.820
613.087; -146.799; -358.098; -338.823
613.362; -210.308; -497.107; -557.807
613.637;   49.396;  261.897;  138.186
613.911;  -82.493; -256.092; -345.835
614.186; -134.908; -249.107; -292.807
614.460; -267.782; -842.081; -758.854
614.735;  -33.488;  -55.087;  -17.843
615.010;  -35.889;   43.912;  -82.841
615.284;   76.991;  360.892;  246.195
615.559; -277.993; -792.092; -955.835
615.833;  -40.400;  -76.099;  -87.822
616.108; -117.392; -225.090; -390.837
616.382;  113.012;  274.913;  402.156
616.656; -116.492; -241.090; -232.837
616.931; -252.000; -785.099; -700.822
617.205; -322.505; -973.104; -979.813
617.480;  -34.326;  -91.125;    6.225
617.754; -147.227; -396.125; -128.774
618.028; -135.030; -369.129; -382.768
618.302;  -36.610;   73.892;  -25.805
618.577; -152.904; -371.103; -518.815
618.851; -141.411; -399.109; -600.803
619.125; -140.935; -335.134; -378.759
619.399;  -79.105; -244.104; -374.813
619.673; -140.217; -330.115; -515.792
619.947; -151.015; -333.114; -448.795
620.222;  -65.912; -198.110; -204.801
620.496;  -46.722;  -47.121;  -96.782
620.770;  -68.123; -187.122;  -93.781
621.044;   52.493;  323.895;  346.190
621.318; -182.922; -653.120; -614.783
621.592; -122.422; -430.121; -409.783
621.866; -182.813; -476.112; -572.799
622.140; -111.118; -207.116; -356.791
622.413;   23.087;  138.889;  112.200
622.687; -182.003; -746.101; -492.817
622.961;  -43.710; -130.108; -143.805
623.235; -201.612; -633.111; -661.800
623.509; -254.706; -816.105; -848.811
623.783;    8.891;  -12.107;   48.193
624.056;  -68.822; -254.120; -280.783
624.330;   -1.214;   63.888;   -3.797
624.604;  -87.418; -271.116; -355.790
624.877;   -8.711;  180.890;   26.198
625.151; -100.616; -249.114; -238.794
625.425;  -76.305; -150.103; -283.814
625.698; -152.321; -367.119; -374.785
625.972; -237.411; -799.110; -765.802
626.245;  139.082;  685.884;  484.210
626.519; -138.221; -426.120; -340.784
626.792;  -75.608; -192.107; -380.807
627.066; -188.724; -485.122; -662.779
627.339; -201.711; -736.110; -663.802
627.613;   71.579;  351.880;  148.216
627.886;   41.789;  187.891; -612.803
628.160;  -83.122;  312.880; -161.783
628.433; -227.226; -695.125; -703.775
628.706; -203.721; -517.120; -615.784
628.979;   30.875;  296.876;  117.223
629.253; -305.220; -785.119; -833.786
629.526; -101.828; -334.126; -253.772
629.799; -187.125; -641.123; -479.778
630.072; -153.330; -497.128; -516.769
630.346; -337.218;-1115.116;-1080.790
630.619; -146.008; -467.107; -545.808
630.892;  159.188;  709.889;  593.200
631.165;  209.895;  790.896;  679.187
631.438; -384.613;-1092.112;-1055.798
631.711;   98.476;  453.877;  257.221
631.984; -179.118; -523.117; -624.789
632.257; -189.319; -636.117; -681.789
632.530; -119.821; -412.119; -433.785
632.803;   45.484; -109.115;    7.207
633.076; -154.325; -360.123; -422.777
633.349;   21.970;  173.872;  121.231
633.622;  -85.721; -187.119; -240.785
633.895; -235.422; -903.120; -823.783
634.167; -159.128; -496.126; -525.773
634.440;  -46.117;  -19.116; -137.792
634.713;  -28.420;  -22.119; -120.786
634.986;  139.269;  593.871;  453.233
635.258; -194.716; -507.115; -597.793
635.531;  166.781;  742.882; -343.788
635.804; -126.318; -303.117; -318.789
636.077; -266.017; -830.116; -852.791
636.349; -209.716; -586.115; -474.793
636.622;  526.372; 1695.874; 1392.228
636.894; -179.221; -474.120; -909.784
637.167; -249.229; -836.127; -789.771
637.439;  -38.729; -278.128; -213.770
637.712;  -99.028; -312.126; -293.772
637.984; -207.517; -635.116; -707.791
638.257;  103.775;  515.877;  488.222
638.529; -282.426; -881.125; -924.776
638.802; -140.730; -508.128; -449.769
639.074; -292.523; -927.122; -952.781
639.346; -297.936; -942.135; -930.757
639.619;  -27.344;  -79.142; -319.744
639.891;  -41.024;  -83.122; -168.779
640.163; -248.024; -689.122; -756.780
640.435;   16.476;  273.878;  103.220
640.708;  -72.523;  -72.122; -132.780
640.980; -135.123; -366.122; -362.781
641.252;  -20.323;  -25.121;  -71.781
641.524;  158.677;  580.879;  573.219
641.796; -284.723;-1094.121; -907.782
642.068;  -83.822; -191.121; -300.782
642.340; -144.822; -486.121; -566.783
642.613;   72.978;  294.880;  323.217
642.885; -279.522; -787.120; -878.783
643.157; -243.821; -810.120; -658.784
643.428;   65.379;  170.880;  218.216
643.700; -156.121; -498.120; -425.784
643.972;  -45.021;  -16.119; -133.785
644.244; -189.421; -474.119; -559.785
644.516;  -97.120; -250.119; -114.786
644.788;  153.280;  662.881;  548.214
645.060;  -20.420;  -12.119; -124.786
645.332; -183.620; -525.118; -535.787
645.603;  119.680;  479.882;  342.213
645.875; -128.619; -334.118; -369.787
646.147;  333.781; 1487.882; 1242.212
646.418; -285.519; -931.117; -918.788
646.690; -224.619; -714.117; -715.789
646.962; -141.019; -413.117; -451.789
647.233;   -6.918;   15.883;   11.211
647.505; -186.918; -595.117; -475.790
647.776;   79.682;  328.884;  229.210
648.048; -113.418; -248.116; -418.790
648.320; -231.617; -752.116; -679.791
648.591; -288.417;-1055.116; -958.791
648.862; -158.217; -505.116; -577.792
649.134;   63.883;  115.885;  198.208
649.405; -211.917; -661.115; -618.792
649.677; -202.316; -475.115; -598.793
649.948;  -43.116; -181.115; -296.793
650.219;    6.684;  -37.115; -147.793
650.491; -157.916; -431.114; -520.794
650.762; -181.016; -705.114; -731.794
651.033; -145.115; -437.114; -424.795
651.304; -262.415; -743.114; -728.795
651.576; -223.915; -680.114; -645.795
651.847;  -44.515; -250.113; -140.796
652.118;   13.685;  -32.113; -189.796
652.389; -199.714; -639.113; -722.796
652.660;  -46.514; -147.113;  -89.797
652.931; -279.114; -897.112; -871.797
653.202; -170.114; -382.112; -541.798
653.473; -190.013; -633.112; -533.798
653.744; -186.213; -595.112; -590.798
654.015; -124.213; -356.112; -303.799
654.286; -207.413; -642.111; -663.799
654.557; -153.013; -586.111; -521.799
654.828; -348.712;-1114.111;-1088.800
655.099; -135.012; -404.111; -291.800
655.370; -169.212; -427.111; -543.801
655.641; -222.812; -656.110; -714.801
655.911; -207.312; -618.110; -638.801
656.182;  110.489;  437.890;  387.198
656.453;  195.289;  830.890;  746.198
656.724; -131.011; -466.110; -426.802
656.994; -202.711; -553.109; -568.803
657.265; -243.211; -862.109; -873.803
657.536; -150.610; -500.109; -377.804
657.806; -198.710; -561.109; -593.804
658.077; -233.010; -866.109; -950.804
658.347; -163.310; -523.108; -598.805
658.618; -235.109; -646.108; -694.805
658.888;  -25.909;  -41.108;  112.195
659.159; -151.509; -432.108; -548.806
659.429; -116.009; -292.108; -349.806
659.700; -132.809; -435.107; -390.807
659.970; -120.608; -370.107; -359.807
660.241; -261.108; -754.107; -921.807
660.511;  -26.508; -147.107; -174.808
660.781; -195.608; -793.106; -748.808
661.052;  -71.508; -222.106; -381.808
661.322;   -6.907;   21.894;   -9.809
661.592;   83.993;  257.894;  148.191
661.862; -149.007; -369.106; -382.810
662.133; -166.207; -551.105; -502.810
662.403; -230.407; -770.105; -676.810
662.673;  -79.606; -256.105; -213.811
662.943; -172.906; -612.105; -551.811
663.213;  -52.606;  -85.105;  -81.811
663.483; -163.106; -593.104; -568.812
663.753;  -56.305; -194.104; -152.812
664.023;   41.695;   68.896;  -32.813
664.293;  -73.605; -319.104; -126.813
664.563; -196.905; -694.104; -648.813
664.833; -219.405; -743.103; -608.814
665.103; -245.504; -730.103; -793.814
665.373; -218.604; -766.103; -806.814
665.643; -277.404; -863.103; -918.815
665.913; -170.804; -534.103; -714.815
666.182; -209.604; -685.102; -719.816
666.452;  -71.803;  -22.102;  -89.816
666.722; -233.703; -724.102; -784.816
666.992; -279.903; -948.102; -921.817
667.261; -230.303; -824.102; -808.817
667.531;  -12.903;  134.899;   45.183
667.801; -131.202; -440.101; -412.818
668.070;  181.798;  714.899;  697.182
668.340; -268.702; -883.101; -840.819
668.609;  103.498;  588.900;  301.181
668.879; -185.201; -490.100; -558.819
669.149; -170.501; -539.100; -516.820
669.418; -233.001; -698.100; -726.820
669.688; -187.101; -482.100; -666.820
669.957; -165.401; -423.099; -546.821
670.226;  -67.200; -268.099; -331.821
670.496; -186.900; -431.099; -635.822
670.765; -136.000; -418.099; -501.822
671.034; -251.800; -872.099; -828.822
671.304;  -10.600;   55.902; -111.823
671.573; -325.899;-1085.098; -957.823
671.842; -121.799; -380.098; -294.823
672.112; -225.499; -692.098; -586.824
672.381;  -66.099; -239.098; -214.824
672.650; -295.599;-1005.097;-1021.825
672.919; -217.598; -631.097; -507.825
673.188; -191.998; -681.097; -878.825
673.457; -334.698;-1101.097;-1143.826
673.726; -199.998; -579.096; -646.826
673.995; -138.197; -533.096; -479.826
674.265; -111.697; -263.096; -333.827
674.534;  -78.197; -183.096; -235.827
674.802; -160.497; -618.096; -703.828
675.071; -227.897; -886.095; -801.828
675.340; -182.596; -464.095; -339.828
675.609;   -5.196;  103.905;   82.171
675.878; -301.396; -949.095; -893.829
676.147;  -23.896;  -26.095;   -8.829
676.416;  -81.896; -210.094; -294.830
676.685;  312.105; 1000.906; -622.830
676.953; -180.095; -603.094; -452.831
677.222;  -97.995; -193.094; -273.831
677.491;  -52.595;  -24.094; -127.831
677.759;  -34.295;   11.907;  172.168
678.028;  -87.994; -279.093; -222.832
678.297;    4.706;   71.907;  197.168
678.565; -278.094; -898.093; -944.833
678.834; -112.394; -311.093; -268.833
679.102; -140.793; -411.092; -391.834
679.371; -261.593; -898.092; -727.834
679.639; -265.693; -797.092; -786.834
679.908; -213.693; -794.092; -724.835
680.176; -313.293; -895.091; -941.835
680.445; -128.692; -346.091; -352.835
680.713;   25.608;  -58.091;  -23.836
680.982; -168.692; -523.091; -525.836
681.250; -207.092; -578.091; -507.837
681.518; -159.392; -534.090; -751.837
681.787;  -86.791; -204.090; -167.837
682.055; -174.791; -490.090; -422.838
682.323; -303.191; -993.090; -992.838
682.591;  -62.991; -216.090; -538.838
682.859;  -55.691;    9.911;  -35.839
683.128;   35.010;  232.911;  497.161
683.396; -338.390;-1102.089;-1122.840
683.664;  -61.090; -241.089;   21.160
683.932;   35.310;  144.911;  -76.840
684.200; -154.389; -576.088; -320.841
684.468;  -24.489;  -73.088; -124.841
684.736;  -28.089; -214.088; -175.841
685.004; -293.989;-1024.088; -982.842
685.272; -214.389; -880.088; -774.842
685.540; -185.788; -499.087; -557.843
685.808; -199.588; -651.087; -682.843
686.076; -254.788; -894.087; -969.843
686.343; -185.488; -601.087; -815.844
686.611;  -52.188; -195.087; -224.844
686.879; -133.087; -530.086; -553.844
687.147; -190.687; -483.086; -480.845
687.414;  -65.687;  -12.086; -169.845
687.682; -218.187; -658.086; -757.846
687.950;   62.013;  259.915;  263.154
688.217; -257.086; -792.085; -760.846
688.485; -163.886; -632.085; -636.847
688.753;  -53.586;  -11.085; -102.847
689.020; -262.686; -820.085; -851.847
689.288; -253.485; -853.084; -787.848
689.555;  -48.685; -195.084; -148.848
689.823;  -95.385; -241.084; -345.849
690.090; -185.485; -546.084; -651.849
690.358; -289.885; -877.084; -897.849
690.625;   32.316;  120.917;   45.150
690.892; -182.684; -403.083; -369.850
691.160;  -59.784;   72.917;  -35.850
691.427;   11.816;  141.917;  130.149
691.694; -295.884; -855.083; -929.851
691.962; -338.883;-1177.082;-1060.852
692.229;   -7.383;  127.918;   56.148
692.496;  -30.083;  130.918;  -49.852
692.763;  -94.983; -164.082; -201.853
693.031; -237.683; -739.082; -716.853
693.298; -193.382; -509.081; -368.853
693.565;  -74.182; -155.081; -163.854
693.832;   -7.182;   -5.081;   -9.854
694.099; -193.682; -643.081; -642.855
694.366; -254.981; -882.081; -896.855
694.633; -269.881; -920.080; -633.855
694.900; 1332.119; 4367.920; -114.856
695.167;  -65.281; -214.080; -380.856
695.434; -214.781; -646.080; -623.856
695.701;    6.620;  121.921;  -61.857
695.968; -169.480; -365.079; -361.857
696.234; -204.280; -415.079; -646.858
696.501; -192.980; -776.079; -614.858
696.768; -210.880; -554.079; -617.858
697.035; -203.979; -632.078; -667.859
697.302; -199.579; -448.078; -552.859
697.568; -133.479; -458.078; -497.859
697.835; -199.379; -683.078; -624.860
698.102; -138.279; -498.078; -407.860
698.368;   66.722;  384.923;  396.139
698.635; -145.178;  -47.077; -424.861
698.901; -107.778; -240.077; -348.861
699.168; -134.578; -534.077; -456.862
699.435;  -43.277;  -72.077;  -13.862
699.701; -327.577; -868.076; -764.862
699.968; -123.977;  144.924; -441.863
700.234; -228.077; -783.076; -822.863
700.500; -152.777; -448.076; -539.864
700.767;  -13.476;   -1.075;   26.136
701.033; -309.776;-1015.075; -963.864
701.299; -182.776; -450.075; -483.865
701.566;  179.024;  950.925;  763.135
701.832;   19.924;  -31.075;  -76.865
702.098; -274.375;-1054.074;-1034.866
702.365; -318.675;-1098.074;-1030.866
702.631; -340.475;-1038.074;-1063.867
702.897; -220.375; -765.074; -676.867
703.163;   61.525;  348.926;  254.133
703.429; -104.874; -256.073; -273.868
703.695; -225.074; -796.073; -792.868
703.961;  -74.974; -214.073; -210.868
704.227; -219.274; -630.073; -725.869
704.493;  173.527;  613.927;  510.131
704.759; -187.773; -565.072; -540.870
705.025;  -74.373; -203.072; -194.870
705.291; -197.573; -666.072; -562.870
705.557;  236.727;  719.928;   34.129
705.823; -226.072; -742.072; -694.871
706.089; -132.872; -307.071; -326.871
706.355;  -91.672; -315.071; -244.872
706.620; -227.972; -776.071; -729.872
706.886; -118.972; -309.071; -362.873
707.152; -262.071; -818.070; -973.873
707.418; -388.971;-1153.070;-1186.873
707.683; -174.971; -550.070; -530.874
707.949; -197.071; -547.070; -578.874
708.215;  -77.971; -129.070; -207.874
708.480; -163.670; -520.069; -420.875
708.746;   17.730;   68.931;   28.125
709.011; -174.270; -578.069; -612.876
709.277; -209.670; -538.069; -543.876
709.542; -132.969; -428.069; -387.876
709.808;  -17.169;  -59.068;   89.123
710.073; -177.269; -577.068; -695.877
710.339; -106.869; -242.068; -228.877
710.604; -279.269; -780.068; -845.878
710.869;  -81.968; -277.068; -366.878
711.135; -244.968; -715.067; -628.879
711.400; -195.368; -507.067; -608.879
711.665; -140.168; -404.067; -479.879
711.931; -206.568; -661.067; -677.880
712.196; -301.067; -876.067; -954.880
712.461; -159.967; -402.066; -490.880
712.726; -227.367; -727.066; -771.881
712.991; -236.867; -647.066; -664.881
713.256; -116.867; -350.066; -332.882
713.521; -129.466; -417.065; -381.882
713.787; -175.666; -454.065; -472.882
714.052;  -99.266; -214.065; -400.883
714.317; -346.966;-1045.065; -981.883
714.581; -103.465; -374.065; -268.883
714.846; -280.365; -822.064; -888.884
715.111;  102.135;  261.936;  257.116
715.376; -104.365;  -86.064; -223.885
715.641; -124.765; -365.064; -367.885
715.906; -175.864;   15.936; -551.885
716.171;   61.236;  221.937;  209.114
716.436;  -24.964;  -78.063; -104.886
716.700; -221.964; -818.063; -692.886
716.965; -255.364; -794.063; -807.887
717.230; -124.963; -339.063; -392.887
717.494;  -60.463;  -40.062; -134.888
717.759; -199.663; -784.062; -640.888
718.024;   21.237;  269.938;  250.112
718.288;  166.937;  685.938;  395.111
718.553; -285.062; -803.062; -977.889
718.817; -270.462; -883.061; -899.889
719.082;  -74.362; -115.061; -125.890
719.346; -283.762;-1000.061; -947.890
719.611; -116.861; -300.061; -255.891
719.875; -189.061; -568.060; -537.891
720.140; -169.961; -453.060; -603.891
720.404;  -58.861; -136.060; -249.892
720.668; -132.361; -475.060; -411.892
720.933;   10.040;  146.940;  137.108
721.197; -191.960; -667.059; -600.893
721.461; -272.260; -851.059; -826.893
721.725;  -13.060;  -21.059; -250.894
721.990;  -80.460; -284.059; -204.894
722.254;  -25.059;  -26.059; -108.894
722.518; -129.559; -286.058; -442.895
722.782; -192.459; -743.058; -594.895
723.046;  176.341;  614.942;  570.105
723.310;   77.041;  374.942;  210.104
723.574; -169.158; -654.058; -614.896
723.838; -250.858; -576.057; -642.897
724.102;  -62.658; -226.057; -239.897
724.366; -312.658;-1032.057; -978.897
724.630; -206.557; -749.057; -571.898
724.894; -172.557; -722.057; -514.898
725.158;  -28.357;   38.944; -295.898
725.422; -128.057; -394.056; -327.899
725.685; -143.557; -441.056; -349.899
725.949; -229.656; -566.056; -519.900
726.213; -237.456; -732.056; -811.900
726.477; -321.356;-1020.055; -933.900
726.740;  -69.056; -274.055; -104.901
727.004; -179.156; -384.055; -510.901
727.268; -134.155; -442.055; -400.901
727.531; -294.955; -961.055; -775.902
727.795; -192.555; -713.054; -673.902
728.059; -191.655; -552.054; -557.903
728.322; -232.155; -841.054; -669.903
728.586; -193.054; -692.054; -701.903
728.849; -234.854; -695.053; -756.904
729.112; -238.454; -812.053; -912.904
729.376; -265.354; -959.053; -905.904
729.639; -148.453; -536.053; -536.905
729.903; -223.553; -733.053; -699.905
730.166; -119.353; -437.052; -399.906
730.429;  -78.553; -317.052; -468.906
730.693; -171.953; -355.052; -894.906
730.956;  191.248;  810.948;  651.093
731.219;  -72.352; -310.052; -103.907
731.482; -260.852;-1003.051; -894.907
731.745; -302.552; -794.051; -935.908
732.009;  -35.252;  -30.051;   50.092
732.272; -225.851; -904.051; -771.909
732.535;  -91.651; -300.051; -310.909
732.798; -357.551;-1083.050;-1166.909
733.061; -152.251; -430.050; -456.910
733.324;  -13.751;   31.950; -180.910
733.587;  114.550;  290.950;  365.090
733.850; -226.350; -973.049;-1050.911
734.113;   11.150;   33.951;   32.089
734.376; -121.150; -328.049; -447.912
734.639;  290.151; 1188.951; 1011.088
734.901;  -88.549; -180.049; -402.912
735.164; -248.749; -883.048; -837.913
735.427;  -36.249; -166.048; -355.913
735.690;  -76.349; -205.048; -234.913
735.952; -302.848; -923.048; -925.914
736.215; -316.148;-1113.048;-1009.914
736.478; -245.648; -771.047; -774.915
736.740;   -8.648;   33.953;  129.085
737.003; -240.648; -658.047; -672.915
737.266;  246.253;  -94.047;   46.084
737.528; -226.847; -682.047; -660.916
737.791; -106.147; -316.046; -327.916
738.053;   87.753;  465.954;  649.083
738.316;  -68.947; -162.046; -136.917
738.578; -229.746; -770.046; -736.918
738.841; -125.846; -382.046; -446.918
739.103; -232.146; -875.045; -777.918
739.365;  -10.746;   79.955;  -69.919
739.628; -268.545; -884.045; -805.919
739.890; -199.145; -758.045; -710.919
740.152; -238.345; -692.044; -754.920
740.414; -135.145; -408.044; -359.920
740.677; -204.945; -785.044; -634.921
740.939; -173.444; -587.044; -487.921
741.201; -171.244; -432.044; -572.921
741.463; -199.044; -689.043; -745.922
741.725;  -43.944;  -21.043; -199.922
741.987;   48.656;  220.957;  116.078
742.249; -252.743; -751.043; -859.923
742.511; -212.443; -703.043; -794.923
742.773; -168.143; -546.042; -546.924
743.035;  160.857;  796.958;  533.076
743.297; -315.443; -963.042;-1013.924
743.559;  -61.542; -278.042; -262.925
743.821; -238.342; -735.042; -744.925
744.083; -101.942;  -44.041; -149.925
744.345; -292.242; -869.041; -892.926
744.607;   22.959;   75.959;  122.074
744.868; -222.041; -490.041; -554.927
745.130; -302.441; -994.041;-1008.927
745.392;   -5.941;   -1.040;  -44.927
745.653; -149.241; -411.040; -378.928
745.915;  192.560;  896.960;  631.072
746.177;  -42.240;   35.960;  -43.928
746.438; -196.040; -428.040; -543.929
746.700; -277.340; -947.039; -988.929
746.961; -195.340; -659.039; -740.930
747.223;  -45.939; -190.039;  -74.930
747.484; -174.339; -391.039; -471.930
747.746;  -50.139;  -23.038; -106.931
748.007; -241.739; -647.038; -689.931
748.269; -123.339; -468.038; -440.931
748.530; -225.638; -852.038; -638.932
748.791; -132.838; -354.038; -420.932
749.053;   48.962;  286.963;  163.067
749.314;  -98.038; -236.037; -169.933
749.575; -277.837; -945.037; -905.933
749.836;  -59.737; -217.037;   86.066
750.098;  -35.337;  -60.037;  -21.934
750.359;   81.863;  414.964;  555.066
750.620;  -65.537; -121.036; -220.935
750.881; -184.436; -585.036; -513.935
751.142; -309.736; -950.036; -938.936
751.403; -188.636; -789.036; -705.936
751.664; -324.836;-1034.035; -999.936
751.925;  -44.336; -175.035; -262.937
752.186; -111.235; -298.035; -278.937
752.447; -184.535; -590.035; -445.937
752.708; -239.335; -532.035; -648.938
752.969; -178.935; -566.034; -576.938
753.230; -245.635; -777.034; -672.939
753.491; -192.234; -650.034; -631.939
753.751;    6.966;  109.966;   19.061
754.012;   74.566;  258.967;  181.060
754.273;  -96.734; -174.033;  -71.940
754.534; -172.133; -487.033; -580.940
754.794; -282.333; -926.033; -911.941
755.055;  264.567; 1051.967;  881.059
755.316; -224.033; -700.032; -566.942
755.576; -156.733; -606.032; -576.942
755.837; -191.132; -527.032; -695.942
756.097; -161.532; -530.032; -564.943
756.358; -230.032; -725.032; -770.943
756.618; -193.132; -705.031; -641.943
756.879; -118.432; -254.031; -349.944
757.139; -341.731;-1098.031;-1116.944
757.400; -195.231; -538.031; -553.945
757.660;  -98.831; -365.031; -401.945
757.920;  -78.431; -266.030; -228.945
758.181; -107.731; -468.030; -351.946
758.441; -263.430; -870.030; -809.946
758.701; -101.530; -308.030; -215.946
758.961; -123.130; -220.030; -278.947
759.222; -188.730; -574.029; -502.947
759.482; -220.729; -683.029; -723.948
759.742; -240.429; -706.029; -547.948
760.002;  -44.529;  -83.029; -143.948
760.262;  -22.329;   50.972;  182.051
760.522; -182.929; -498.028; -574.949
760.782; -198.128; -738.028; -612.949
761.042; -218.528; -618.028; -573.950
761.302;  -16.028;   55.972;  -18.950
761.562;  -55.928; -164.027; -154.951
761.822; -204.928; -710.027; -551.951
762.082; -363.127;-1104.027;-1093.951
762.342; -108.627; -328.027; -403.952
762.601; -213.327; -567.027; -506.952
762.861;  -94.527; -281.026; -207.952
763.121; -120.727; -406.026; -411.953
763.381; -176.826; -499.026; -485.953
763.640;  -70.926; -139.026; -307.954
763.900;  -70.726; -242.026; -203.954
764.160; -134.226; -458.025; -491.954
764.419; -227.525; -726.025; -782.955
764.679; -258.025; -795.025; -726.955
764.939;  -62.525; -124.025; -210.955
765.198; -213.625; -608.025; -563.956
765.458; -197.125; -710.024; -612.956
765.717; -215.024; -454.024; -590.957
765.976; -117.624; -428.024; -411.957
766.236; -186.324; -475.024; -610.957
766.495;   36.576;  260.977;   73.042
766.755; -332.424;-1090.023; -987.958
767.014; -160.923; -594.023; -665.958
767.273; -130.423; -373.023; -397.959
767.533; -102.223; -228.023; -307.959
767.792;  -76.923; -151.022; -188.960
768.051; -116.323; -228.022; -276.960
768.310; -199.422; -546.022; -650.960
768.569;  -26.022; -161.022;    4.039
768.828;  -99.122; -285.022; -363.961
769.088; -323.722;-1050.021; -942.961
769.347; -244.021; -755.021; -599.962
769.606; -274.021; -876.021; -857.962
769.865; -358.421;-1016.021;-1033.963
770.124;  -92.421; -411.021; -336.963
770.383; -304.721; -778.020; -910.963
770.641; -170.520; -398.020; -400.964
770.900; -295.520; -953.020; -846.964
771.159; -280.120; -851.020; -951.964
771.418; -266.520; -917.020; -779.965
771.677;  -47.220; -224.019; -293.965
771.936; -253.219; -794.019; -865.966
772.194; -250.819; -465.019; -437.966
772.453; -114.019; -213.019; -391.966
772.712;   90.981;  416.982;  329.033
772.970;    3.981;   32.982;   63.033
773.229;  -16.218;  -22.018;  102.033
773.488; -270.418; -814.018; -770.968
773.746;  117.882;  296.982;  335.032
774.005;  -26.018;  190.983;  -22.969
774.263;   29.283;  243.983;  177.031
774.522; -210.417; -422.017; -548.969
774.780; -122.317; -484.017; -417.970
775.039; -204.017; -551.017; -531.970
775.297;  -35.917; -135.016; -351.970
775.555; -197.316; -489.016; -612.971
775.814; -218.816; -618.016; -570.971
776.072; -242.316; -749.016; -740.971
776.330; -188.916; -630.016; -520.972
776.589; -256.716; -703.015; -721.972
776.847; -254.815; -645.015; -624.973
777.105; -332.415;-1016.015;-1032.973
777.363; -142.315; -459.015; -454.973
777.621; -242.315; -660.015; -717.974
777.879;    4.485;  -42.014;   32.026
778.138; -183.614; -554.014; -717.974
778.396; -169.814; -585.014; -526.975
778.654; -312.814;-1015.014; -970.975
778.912; -144.014; -269.014; -371.976
779.170; -238.213; -880.013; -803.976
779.427; -275.713; -922.013; -897.976
779.685; -288.013; -880.013; -832.977
779.943; -219.313; -654.013; -593.977
780.201; -302.113; -964.012; -883.978
780.459; -200.112; -651.012; -610.978
780.717; -142.312; -440.012; -390.978
780.974; -163.312; -449.012; -490.979
781.232; -117.412; -358.012; -338.979
781.490; -190.412; -551.011; -472.979
781.747; -171.211; -555.011; -476.980
782.005;   57.589;  462.989;  254.020
782.263; -328.911; -542.011;-1004.981
782.520; -139.311; -326.011; -501.981
782.778; -324.111;-1013.010;-1051.981
783.035; -316.810; -962.010; -938.982
783.293;  -87.310; -248.010; -206.982
783.550;  -70.710; -134.010; -198.982
783.808; -242.910; -764.010; -776.983
784.065; -289.909; -745.009; -874.983
784.322;  -28.309;   25.991;  -86.984
784.580; -244.209; -915.009; -771.984
784.837; -161.409; -392.009; -466.984
785.094; -247.709; -783.009; -762.985
785.352; -129.808; -304.008; -404.985
785.609; -285.708; -934.008; -839.985
785.866; -147.008; -345.008; -401.986
786.123; -211.308; -639.008; -583.986
786.380; -227.608; -665.008; -604.987
786.637; -133.807; -225.007; -380.987
786.895; -173.707; -456.007; -543.987
787.152;  -51.307; -135.007; -267.988
787.409;  -55.907; -123.007; -225.988
787.666; -146.207; -299.006; -378.988
787.923; -200.506; -616.006; -695.989
788.179; -198.306; -551.006; -584.989
788.436; -187.306; -585.006; -585.990
788.693;  -54.306;  -92.006;  -87.990
788.950;  -57.205; -125.005; -112.990
789.207; -164.805; -381.005; -372.991
789.464; -116.305; -161.005; -301.991
789.720;    1.995;  150.995;  110.009
789.977; -336.805;-1003.005; -671.992
790.234;  -54.104;   44.996;  -66.992
790.490; -285.704; -884.004;-1031.993
790.747;  -61.804;  -85.004;   22.007
791.004; -145.004; -426.004; -348.993
791.260; -185.304; -430.004; -560.994
791.517; -258.903; -843.003; -788.994
791.773; -167.303; -379.003; -342.994
792.030; -233.103; -596.003; -660.995
792.286; -212.003; -686.003; -636.995
792.543;  -50.803;  -74.002; -159.995
792.799; -127.902; -584.002; -382.996
793.055; -380.902;-1179.002;-1210.996
793.312; -265.502; -827.002; -816.997
793.568; -234.602; -746.002; -599.997
793.824;  -67.001; -226.001; -284.997
794.081; -145.301; -447.001; -508.998
794.337; -163.801; -664.001; -561.998
794.593;  -97.901; -319.001; -271.999
794.849; -239.101; -746.001; -772.999
795.105; -158.200; -270.000; -261.999
795.361; -120.000; -490.000; -457.000
795.617; -273.600; -875.000; -945.000
795.873; -160.200; -360.000; -407.000
796.129; -148.500; -368.000; -306.000
796.385;  -98.400; -124.000; -156.000
796.641;  119.700;  412.000;  550.000
796.897; -215.000; -666.000; -635.000
797.153;   96.700;  453.000;  357.000
797.409; -273.300; -785.000; -868.000
797.665; -213.200; -625.000; -732.000
797.921; -240.300; -775.000; -762.000
798.176; -264.100; -744.000; -747.000
798.432; -250.200; -824.000; -596.000
798.688; -342.900;-1174.000;-1078.000
798.943;  -64.500; -165.000; -147.000
799.199; -333.700;-1005.000; -959.000
799.455;  102.900;  369.000;  316.000
799.710; -277.800; -813.000; -380.000
799.966; -104.400; -162.000; -160.000
800.221; -233.500; -638.000; -721.000
800.477; -237.400; -743.000; -710.000
800.732; -288.200; -773.000; -800.000
800.988;   30.900;  205.000;  -19.000
801.243; -131.900; -454.000; -344.000
801.498; -266.400; -814.000; -739.000
801.754;  -98.500; -289.000; -163.000
802.009; -106.200; -257.000; -335.000
802.264; -335.700; -967.000;-1033.000
802.520;  -55.500;  222.000;   -3.000
802.775; -185.500; -524.000; -359.000
803.030;   85.200;  395.000;  356.000
803.285; -284.800; -840.000; -903.000
803.540; -196.000; -686.000; -699.000
803.795; -210.000; -648.000; -583.000
804.051; -116.000; -279.000; -346.000
804.306;  -23.200;  168.000;  128.000
804.561;   73.800;  451.000;  362.000
804.816;  190.100;  714.000;  861.000
805.071; -114.600; -185.000; -280.000
805.325; -152.500; -257.000; -427.000
805.580; -297.300; -841.000; -877.000
805.835;  -74.400; -204.000; -297.000
806.090; -230.800; -760.000; -676.000
806.345; -136.400; -344.000; -264.000
806.600; -204.400; -549.000; -632.000
806.854; -159.300; -408.000; -538.000
807.109; -139.400; -493.000; -577.000
807.364; -113.400; -407.000; -328.000
807.618; -165.900; -415.000; -381.000
807.873; -226.900; -470.000; -494.000
808.128;  -79.800; -257.000; -518.000
808.382;  -95.300; -224.000; -332.000
808.637; -174.100; -440.000; -511.000
808.891;  -57.500; -257.000; -180.000
809.146; -298.100; -902.000; -794.000
809.400; -307.400; -848.000; -923.000
809.654; -205.400; -779.000; -551.000
809.909; -287.200; -841.000; -927.000
810.163; -214.000; -813.000; -651.000
810.418; -317.300; -940.000; -861.000
810.672; -220.600; -685.000; -690.000
810.926; -316.500; -993.000; -973.000
811.180; -163.400; -439.000; -372.000
811.434;   44.800;  240.000;  135.000
811.689; -112.700; -231.000; -365.000
811.943; -324.500; -936.000; -953.000
812.197; -253.200; -893.000; -671.000
812.451; -207.300; -379.000; -514.000
812.705; -251.600; -809.000; -619.000
812.959; -188.400; -263.000; -388.000
813.213;  -90.600; -283.000; -209.000
813.467;   75.900;  470.000;  253.000
813.721; -244.400; -764.000; -792.000
813.975; -282.600; -826.000; -877.000
814.229;   29.200;  430.000;  353.000
814.482; -186.300; -517.000; -566.000
814.736; -234.800; -766.000; -744.000
814.990; -267.300; -779.000; -872.000
815.244;  -94.500; -228.000; -285.000
815.497; -205.700; -636.000; -601.000
815.751;  -69.000; -141.000;   82.000
816.005; -197.100; -470.000; -586.000
816.258; -143.200; -510.000; -363.000
816.512; -244.100; -693.000; -610.000
816.766;    9.300;  121.000;  157.000
817.019;   18.600;  148.000;  149.000
817.273; -291.200;-1000.000; -802.000
817.526; -100.100; -206.000; -173.000
817.779; -340.400;-1049.000; -960.000
818.033; -253.400; -693.000; -807.000
818.286; -258.700; -725.000; -792.000
818.540; -195.400; -403.000; -403.000
818.793; -142.700; -402.000; -489.000
819.046; -198.100; -582.000; -520.000
819.299;  -64.200; -157.000; -166.000
819.553; -207.000; -552.000; -592.000
819.806; -311.300;-1016.000; -838.000
820.059; -133.900; -334.000; -354.000
820.312;   10.000;  152.000;  185.000
820.565;  -33.500;  110.000;  -27.000
820.818;  -71.400;  -59.000; -173.000
821.071; -306.500;-1041.000; -957.000
821.324; -190.900; -536.000; -540.000
821.577; -219.200; -457.000; -483.000
821.830; -127.100; -270.000; -172.000
822.083; -272.900; -733.000; -288.000
822.336;  -72.600; -261.000; -167.000
822.589; -302.600; -805.000; -688.000
822.842; -291.100; -875.000; -770.000
823.094; -363.200;-1076.000;-1114.000
823.347; -257.800; -925.000; -729.000
823.600;   72.400;  402.000;  187.000
823.853;  -92.800; -311.000; -267.000
824.105; -203.400; -331.000; -575.000
824.358; -237.700; -617.000; -716.000
824.611;    2.600;  234.000;   40.000
824.863; -197.000; -612.000; -591.000
825.116;  -52.300;  -33.000;   27.000
825.368; -145.800; -366.000; -372.000
825.621; -105.700; -186.000; -240.000
825.873; -251.200; -704.000; -737.000
826.126; -246.800; -669.000; -641.000
826.378; -165.500; -389.000; -505.000
826.630; -282.500; -890.000; -898.000
826.883; -221.200; -754.000; -693.000
827.135; -127.400; -279.000; -270.000
827.387; -285.000; -893.000; -839.000
827.639;  -43.800;  -86.000;   32.000
827.892; -259.600; -742.000; -582.000
828.144; -277.300; -848.000; -804.000
828.396;  -32.000;  104.000;  -80.000
828.648; -168.200; -440.000; -333.000
828.900; -249.000; -702.000; -795.000
829.152; -242.100; -684.000; -683.000
829.404; -104.600; -215.000; -267.000
829.656;   26.400;  321.000;  214.000
829.908;   30.300;  393.000;  229.000
830.160; -302.600;-1064.000;-1047.000
830.412; -178.800; -481.000; -430.000
830.664; -227.800; -557.000; -665.000
830.916; -114.400; -268.000; -206.000
831.167; -362.500;-1073.000; -951.000
831.419; -194.500; -623.000; -566.000
831.671; -241.200; -764.000; -809.000
831.923; -127.200; -311.000; -447.000
832.174;  -85.500; -273.000; -331.000
832.426; -207.400; -493.000; -582.000
832.678; -362.900;-1043.000;-1091.000
832.929; -329.700; -947.000; -935.000
833.181; -222.800; -575.000; -677.000
833.432;  -72.800;  -59.000; -186.000
833.684;  -14.700;  112.000;  -27.000
833.935; -220.800; -610.000; -566.000
834.187; -242.000; -829.000; -823.000
834.438;  -47.300;  -58.000;  -25.000
834.689;  -76.900; -255.000; -123.000
834.941;  -66.400; -343.000; -244.000
835.192; -209.200; -590.000; -533.000
835.443; -208.800; -419.000; -506.000
835.695;  -10.200;  138.000;  -16.000
835.946; -124.400; -608.000; -378.000
836.197; -234.500; -599.000; -622.000
836.448; -188.000; -528.000; -395.000
836.699; -146.700; -253.000; -341.000
836.950;  -45.700;   72.000;    7.000
837.201; -333.600;-1003.000; -987.000
837.452; -126.700; -356.000; -170.000
837.703; -281.400; -791.000; -737.000
837.954; -127.600; -205.000; -365.000
838.205; -334.100;-1029.000;-1008.000
838.456; -104.800; -196.000; -282.000
838.707; -176.000; -423.000; -519.000
838.958; -240.700; -634.000; -647.000
839.209;  -37.800;   18.000;   40.000
839.460; -140.800; -439.000; -201.000
839.710; -138.400; -135.000; -297.000
839.961;  124.800;  730.000;  612.000
840.212; -187.300; -382.000; -497.000
840.462; -134.800; -328.000; -277.000
840.713; -196.500; -571.000; -536.000
840.964;  -75.900;  -62.000; -143.000
841.214; -185.200; -384.000; -624.000
841.465;  -94.000; -214.000; -141.000
841.715; -120.100; -417.000; -380.000
841.966; -195.600; -746.000; -685.000
842.216; -169.500; -330.000; -431.000
842.466;  -98.800; -169.000; -313.000
842.717; -355.200; -964.000; -952.000
842.967; -232.200; -635.000; -641.000
843.217;  -65.700;   20.000;   28.000
843.468;  -51.000; -104.000; -132.000
843.718; -255.800; -718.000; -726.000
843.968; -277.000; -837.000; -765.000
844.218; -130.800; -315.000; -262.000
844.469; -187.600; -577.000; -561.000
844.719; -231.600; -537.000; -682.000
844.969; -191.600; -550.000; -580.000
845.219; -304.500; -814.000; -862.000
845.469; -147.800; -392.000; -342.000
845.719; -277.300; -792.000; -884.000
845.969;   18.200;  119.000;  174.000
846.219; -239.100; -738.000; -720.000
846.469;   45.000;  464.000;  432.000
846.718;  -94.600; -115.000;   31.000
846.968; -251.100; -827.000; -827.000
847.218; -102.200; -224.000; -371.000
847.468; -220.600; -586.000; -555.000
847.718; -315.500; -827.000; -798.000
847.967; -271.100; -826.000; -915.000
848.217; -181.400; -449.000; -569.000
848.467; -121.700; -405.000; -376.000
848.716; -249.700; -708.000; -725.000
848.966; -128.000; -372.000; -358.000
849.215; -192.800; -428.000; -419.000
849.465; -249.300; -785.000; -615.000
849.714; -393.800;-1132.000;-1150.000
849.964; -200.400; -551.000; -613.000
850.213; -170.000; -393.000; -355.000
850.463;   12.800;  137.000;  340.000
850.712; -216.100; -542.000; -567.000
850.961; -239.800; -739.000; -678.000
851.211; -178.300; -513.000; -504.000
851.460; -212.300; -635.000; -650.000
851.709;  -45.900;  -25.000;   18.000
851.958; -254.300; -912.000; -750.000
852.208; -281.600; -859.000; -879.000
852.457; -103.600; -181.000;  -13.000
852.706; -285.200; -791.000; -823.000
852.955; -174.800; -507.000; -528.000
853.204; -212.000; -521.000; -461.000
853.453; -174.100; -418.000; -458.000
853.702; -277.600; -660.000; -750.000
853.951; -174.600; -532.000; -520.000
854.200; -220.600; -613.000; -562.000
854.449; -239.600; -695.000; -661.000
854.698; -161.900; -340.000; -279.000
854.946; -101.200; -181.000; -284.000
855.195; -291.800; -843.000; -868.000
855.444; -130.400; -395.000; -420.000
855.693; -225.300; -345.000; -432.000
855.941; -198.000; -387.000; -516.000
856.190; -135.500; -256.000; -382.000
856.439; -229.000; -652.000; -703.000
856.687;  -59.100;  -99.000;  -72.000
856.936; -175.000; -621.000; -323.000
857.184; -334.900;-1067.000;-1020.000
857.433; -153.400; -423.000; -512.000
857.681; -326.700; -989.000; -953.000
857.930; -113.500; -282.000; -433.000
858.178; -303.500; -856.000; -929.000
858.427; -257.600; -802.000; -781.000
858.675; -175.400; -377.000; -544.000
858.923; -171.300; -527.000; -819.000
859.172; -351.000;-1094.000;-1070.000
859.420; -156.800; -339.000; -239.000
859.668; -201.700; -624.000; -628.000
859.916;    2.200;  109.000;  115.000
860.164; -233.300; -699.000; -603.000
860.413; -263.200; -878.000; -696.000
860.661; -248.400; -709.000; -577.000
860.909; -165.900; -339.000; -325.000
861.157; -156.100; -277.000; -444.000
861.405; -211.800; -534.000; -670.000
861.653;   43.500;  310.000;  310.000
861.901; -203.300; -543.000; -613.000
862.149; -288.100; -801.000; -824.000
862.396; -129.500; -297.000; -187.000
862.644; -146.100; -368.000; -347.000
862.892;    4.300;   98.000;  138.000
863.140; -191.500; -549.000; -530.000
863.388; -259.800; -815.000; -759.000
863.635; -196.500; -642.000; -601.000
863.883;   27.300;  231.000;  190.000
864.131; -153.500; -288.000; -357.000
864.378; -230.800; -675.000; -540.000
864.626; -177.600; -347.000; -415.000
864.873; -223.600; -556.000; -505.000
865.121; -298.200; -714.000; -799.000
865.368;  -74.800; -173.000;   75.000
865.616;  -85.700;  -33.000;  -40.000
865.863; -188.500; -462.000; -506.000
866.111; -303.000; -795.000; -824.000
866.358; -139.600; -426.000; -420.000
866.605;  -93.100;  -64.000; -804.000
866.853; -216.800; -621.000; -537.000
867.100; -282.000; -728.000; -775.000
867.347; -237.200; -672.000; -611.000
867.594; -277.700; -740.000; -714.000
867.841;    3.600;   97.000;   17.000
868.089; -278.200; -746.000; -698.000
868.336; -177.400; -477.000; -420.000
868.583; -219.000; -637.000; -741.000
868.830;  -56.500; -131.000; -170.000
869.077; -299.000; -859.000; -787.000
869.324; -201.000; -502.000; -458.000
869.571; -186.900; -398.000; -430.000
869.818; -179.300; -485.000; -439.000
870.065; -197.700; -439.000; -513.000
870.311; -167.700; -456.000; -542.000
870.558; -141.000; -332.000; -311.000
870.805;  -89.800; -320.000; -384.000
871.052; -178.900; -494.000; -369.000
871.298;  -51.500; -204.000; -131.000
871.545; -106.000; -151.000; -185.000
871.792;  -90.700; -173.000; -222.000
872.038;  -72.600;   43.000; -126.000
872.285; -160.200; -496.000; -387.000
872.532; -138.000; -357.000; -387.000
872.778;   93.300;  556.000;  403.000
873.025; -137.500; -384.000; -359.000
873.271;  135.800;  501.000;  578.000
873.517; -102.600; -133.000; -209.000
873.764;  -81.500; -193.000;  -80.000
874.010; -124.200; -143.000; -230.000
874.257;  -45.500;  123.000;   90.000
874.503; -192.600; -579.000; -479.000
874.749;  -51.600;   31.000;  275.000
874.995;  -86.800;  -80.000;  -20.000
875.242; -201.100; -540.000; -478.000
875.488; -169.300; -414.000; -439.000
875.734;  -86.000; -106.000; -234.000
875.980; -325.300; -872.000;-1032.000
876.226; -109.300; -157.000; -255.000
876.472;   -1.800;  343.000;  237.000
876.718;  -22.300;  184.000;  158.000
876.964;  -46.400;   56.000;   55.000
877.210; -236.200; -547.000; -677.000
877.456; -196.500; -630.000; -557.000
877.702; -314.400; -821.000; -832.000
877.948; -168.300; -377.000; -497.000
878.193;  106.100;  361.000;  255.000
878.439; -215.500; -487.000; -472.000
878.685; -135.800; -272.000; -343.000
878.931; -189.300; -618.000; -676.000
879.176;  -79.600; -201.000; -201.000
879.422; -335.200; -933.000; -820.000
879.668;   29.500;   10.000;   79.000
879.913;  -19.300;   53.000;  137.000
880.159;  -83.800; -112.000;  -17.000
880.404;  -75.700; -152.000; -162.000
880.650;   -8.500;   91.000;  141.000
880.895; -255.500; -670.000; -710.000
881.141; -189.000; -454.000; -428.000
881.386; -241.800; -503.000; -658.000
881.631; -131.200; -311.000; -166.000
881.877;  -25.400;  112.000;  -13.000
882.122; -211.400; -684.000; -600.000
882.367; -112.700; -136.000; -186.000
882.612;  -69.000;  -80.000; -176.000
882.858; -307.000; -877.000; -823.000
883.103; -136.800; -297.000; -267.000
883.348; -271.500; -759.000; -852.000
883.593; -228.200; -677.000; -602.000
883.838; -123.500; -311.000;  -24.000
884.083;   -9.700;  353.000;  288.000
884.328; -169.000; -564.000; -545.000
884.573; -101.300; -196.000; -143.000
884.818; -199.600; -694.000; -531.000
885.063; -165.400; -348.000; -315.000
885.308; -180.500; -475.000; -398.000
885.553;   52.200;  245.000;  325.000
885.797; -196.800; -545.000; -615.000
886.042;  -51.400;    8.000;   58.000
886.287; -101.700; -253.000; -211.000
886.532;  -29.300;   26.000;  204.000
886.776; -150.900; -407.000; -525.000
887.021; -222.300; -621.000; -574.000
887.265; -278.000; -685.000; -689.000
887.510; -211.000; -557.000; -496.000
887.755; -137.100; -194.000; -164.000
887.999; -212.600; -552.000; -575.000
888.244;  -33.400;  -58.000;  161.000
888.488;   49.900;  371.000;  393.000
888.732; -193.500; -368.000; -520.000
888.977; -251.000; -622.000; -567.000
889.221; -283.500; -683.000; -659.000
889.465; -202.200; -422.000; -566.000
889.710; -102.200;  -56.000; -299.000
889.954;   65.400;  579.000;  467.000
890.198; -236.300; -584.000; -707.000
890.442; -253.800; -716.000; -712.000
890.687; -281.000; -800.000; -753.000
890.931; -116.600; -273.000; -210.000
891.175; -239.600; -502.000; -500.000
891.419;  -72.300; -105.000; -110.000
891.663; -134.900; -239.000; -112.000
891.907; -258.500; -801.000; -545.000
892.151; -319.500; -920.000; -815.000
892.395; -157.800; -274.000; -387.000
892.638;   38.700;  408.000;  291.000
892.882; -310.500; -780.000; -867.000
893.126;  107.800;  758.000;  558.000
893.370; -100.400; -167.000; -168.000
893.614; -211.800; -714.000; -715.000
893.857; -136.400; -183.000; -197.000
894.101; -205.100; -527.000; -631.000
894.345;  -38.200;  300.000;  150.000
894.588;   88.800;  569.000;  380.000
894.832; -116.700; -178.000;  -84.000
895.075;  -98.000;   15.000;  -92.000
895.319; -160.700; -552.000; -420.000
895.563; -188.900; -413.000; -353.000
895.806; -232.600; -628.000; -741.000
896.049; -180.600; -576.000; -368.000
896.293;   44.700;  527.000;  405.000
896.536; -196.800; -465.000; -468.000
896.779;  -91.300; -149.000;   -1.000
897.023; -286.500; -751.000; -714.000
897.266;  -12.500;  325.000;  269.000
897.509; -291.800; -900.000; -901.000
897.752;   -7.100;  149.000;  171.000
897.996; -327.600; -972.000; -864.000
898.239;  -30.200;  168.000;  102.000
898.482; -180.800; -431.000; -453.000
898.725;  -65.900;  101.000;   53.000
898.968; -298.300; -609.000; -744.000
899.211; -204.400; -513.000; -361.000
899.454; -275.700; -633.000; -539.000
899.697;  -64.400;   90.000;  -43.000
899.940; -282.400; -761.000; -757.000
900.182; -122.800; -335.000; -405.000
900.425; -122.600; -150.000; -298.000
900.668;   65.900;  491.000;  350.000
900.911; -140.600; -292.000; -345.000
901.154;  -27.200;  141.000;   -3.000
901.396; -247.100; -407.000; -412.000
901.639; -214.000; -430.000; -496.000
901.882; -338.400; -790.000; -809.000
902.124;  -74.500;  -29.000; -143.000
902.367; -171.600; -315.000; -361.000
902.609; -204.300; -476.000; -453.000
902.852; -116.300; -108.000; -260.000
903.094; -179.800; -458.000; -337.000
903.337;  -29.900;  -26.000;   53.000
903.579; -170.800; -228.000; -441.000
903.821; -267.700; -597.000; -744.000
904.064;  -58.500;   85.000;  127.000
904.306; -102.500; -126.000; -166.000
904.548; -148.400; -152.000; -366.000
904.790; -167.400; -195.000; -340.000
905.033; -197.500; -625.000; -577.000
905.275; -223.600; -513.000; -524.000
905.517;   10.900;  468.000;  256.000
905.759; -252.200; -667.000; -761.000
906.001; -174.100; -322.000; -369.000
906.243; -134.800; -162.000; -224.000
906.485; -125.800; -265.000; -207.000
906.727; -241.400; -499.000; -542.000
906.969; -113.400;  -30.000; -135.000
907.211; -219.400; -316.000; -382.000
907.453;  -98.000; -188.000; -237.000
907.695; -132.000; -158.000; -385.000
907.936;  136.500;  818.000;  706.000
908.178;  -57.600;   92.000; -135.000
908.420; -134.400; -111.000; -162.000
908.662; -279.800; -633.000; -682.000
908.903; -126.300; -208.000; -123.000
909.145; -109.500; -240.000; -305.000
909.386;   -0.400;  315.000;  280.000
909.628;   30.900;  363.000;  397.000
909.870;  -12.900;   29.000;  264.000
910.111; -340.100; -809.000; -949.000
910.353; -128.200; -123.000; -161.000
910.594; -208.200; -574.000; -606.000
910.835; -150.900; -265.000; -326.000
911.077; -235.500; -503.000; -604.000
911.318; -201.900; -505.000; -471.000
911.559; -307.700; -577.000; -880.000
911.801; -151.800; -284.000; -280.000
912.042;  -98.700;  -50.000; -159.000
912.283;   49.000;  404.000;  371.000
912.524; -199.000; -396.000; -457.000
912.765;  -93.200; -193.000;   79.000
913.006; -163.800; -307.000; -338.000
913.247; -210.500; -270.000; -290.000
913.488; -108.400;  -43.000;   30.000
913.729; -199.600; -373.000; -373.000
913.970; -148.300;  -96.000; -292.000
914.211; -116.500; -160.000; -198.000
914.452; -135.500; -118.000;  -11.000
914.693;   78.400;  510.000;  592.000
914.934;   65.000;  510.000;  440.000
915.175;  -68.000;   53.000;  -95.000
915.415; -109.700; -137.000;   27.000
915.656;  -80.500;  -28.000;  192.000
915.897; -138.300; -252.000;  -82.000
916.137; -123.600;   74.000;   -9.000
916.378; -230.500; -573.000; -517.000
916.619; -142.500; -159.000;  -63.000
916.859;   -8.400;  303.000;  330.000
917.100;  335.500; 1655.000; 1070.000
917.340;  119.600;  930.000;  728.000
917.581;  120.500;  965.000;  789.000
917.821; -191.800; -171.000;  143.000
918.061; -140.300; -199.000;  -72.000
918.302; -155.400; -152.000; -211.000
918.542;  -97.300;  -22.000;    3.000
918.782;  -47.000;  369.000;  377.000
919.023;   25.600;  360.000;  427.000
919.263; 2152.200; 8131.000;  202.000
919.503; -137.900; -137.000;  -54.000
919.743;   28.300;  390.000;  266.000
919.983;  -92.700; -134.000;  -26.000
920.223;  -84.900;  135.000;   14.000
920.463;   55.900;  631.000;  554.000
920.703; -102.100;   84.000;   39.000
920.943; -128.500; -110.000;   90.000
921.183; -214.900; -414.000; -405.000
921.423;   23.700;  307.000;  546.000
921.663; -182.400; -174.000; -257.000
921.903;  -43.600;  237.000;  173.000
922.143;  -26.800;  372.000;  389.000
922.383;  -84.200;  158.000;  115.000
922.622; -157.500; -120.000;  -15.000
922.862;  123.900;  796.000;  785.000
923.102; -151.500;  -51.000;   33.000
923.341;  -96.500;   59.000;   74.000
923.581;    1.300;  450.000;  360.000
923.821;  -10.300;  301.000;  398.000
924.060;  -20.900;  351.000;  193.000
924.300;  -98.400;  -16.000; -128.000
924.539;   -8.700;  584.000;  473.000
924.779;   74.500;  812.000;  597.000
925.018;  -47.900;  247.000;  353.000
925.257;   52.700;  595.000;  666.000
925.497;  -24.200;  447.000;  412.000
925.736;  -90.600;  -35.000;  102.000
925.975;   49.000;  687.000;  669.000
926.214;  118.600;  907.000;  850.000
926.454;   75.400;  706.000;  757.000
926.693;  -22.400;  419.000;  543.000
926.932;  122.100; 1021.000;  825.000
927.171;  222.900; 1107.000; 1044.000
927.410;  186.100; 1144.000;  967.000
927.649;   94.000;  924.000;  742.000
927.888;   21.100;  590.000;  564.000
928.127;   18.300;  680.000;  678.000
928.366;   70.100;  842.000;  826.000
928.605;   89.400;  831.000;  737.000
928.844;  219.800; 1451.000; 1393.000
929.083;   42.000;  770.000;  613.000
929.321;  226.400; 1335.000; 1359.000
929.560;  212.500; 1158.000; 1122.000
929.799;  -19.000;  574.000;  475.000
930.038;  249.400; 1025.000; 1394.000
930.276;  -65.300;  334.000;  397.000
930.515;   74.400;  827.000;  681.000
930.753;    3.700;  614.000;  589.000
930.992;   43.900;  664.000;  717.000
931.230;   72.900;  847.000;  847.000
931.469;  412.000; 2162.000;  892.000
931.707;  214.600;  840.000;  751.000
931.946;  204.400; 1278.000; 1344.000
932.184;  200.700; 1437.000; 1175.000
932.423;  163.700; 1265.000;  963.000
932.661;  221.500; 1296.000; 1428.000
932.899;   60.900;  987.000;  821.000
933.137;   34.200;  754.000;  564.000
933.376;  214.800; 1664.000; 1335.000
933.614;  297.500; 1759.000; 1196.000
933.852;  131.700; 1357.000; 1171.000
934.090;  279.300; 1722.000; 1747.000
934.328;  256.100; 1252.000; 1457.000
934.566;  170.600; 1431.000; 1110.000
934.804;  164.700; 1263.000; 1309.000
935.042;  306.800; 1861.000; 1850.000
935.280;  381.800; 2088.000; 2063.000
935.518;  348.800; 2113.000; 2007.000
935.756;  426.400; 2481.000; 2316.000
935.994;  219.300; 1808.000; 1751.000
936.231;  589.600; 2890.000; 2950.000
936.469;  378.300; 2367.000; 2378.000
936.707;  387.900; 2220.000; 2167.000
936.945;  511.300; 2825.000; 2882.000
937.182;  490.100; 2679.000; 2741.000
937.420;  666.700; 3602.000; 3031.000
937.657;  693.700; 3365.000; 3478.000
937.895;  655.700; 3331.000; 3488.000
938.133;  716.000; 3540.000; 3528.000
938.370;  791.500; 3896.000; 4191.000
938.607;  882.700; 4488.000; 4205.000
938.845; 1215.600; 5587.000; 5549.000
939.082; 1062.100; 5387.000; 5177.000
939.320; 1171.900; 5799.000; 5728.000
939.557; 1380.000; 6549.000; 6491.000
939.794; 1542.100; 7285.000; 7097.000
940.031; 1753.400; 8421.000; 8368.000
940.269; 1982.100; 9552.000; 9107.000
940.506; 2272.000;10901.000;10507.000

